scheduler,id,arrival,burst,start,exit,waiting,turnaround,response
FCFS,1696,1,38,1,39,0,38,0
FCFS,1599,1,52,39,91,38,90,38
FCFS,5869,1,32,91,123,90,122,90
FCFS,8432,2,4,123,127,121,125,121
FCFS,4007,2,65,127,192,125,190,125
FCFS,379,4,6,192,198,188,194,188
FCFS,6252,4,67,198,265,194,261,194
FCFS,863,5,19,265,284,260,279,260
FCFS,2908,6,46,284,330,278,324,278
FCFS,9782,7,58,330,388,323,381,323
FCFS,2547,7,13,388,401,381,394,381
FCFS,657,9,17,401,418,392,409,392
FCFS,891,9,72,418,490,409,481,409
FCFS,1918,9,28,490,518,481,509,481
FCFS,8657,10,79,518,597,508,587,508
FCFS,4942,11,65,597,662,586,651,586
FCFS,1860,11,24,662,686,651,675,651
FCFS,9848,11,92,686,778,675,767,675
FCFS,7329,12,72,778,850,766,838,766
FCFS,8573,12,13,850,863,838,851,838
FCFS,1702,13,15,863,878,850,865,850
FCFS,2175,16,33,878,911,862,895,862
FCFS,4829,16,99,911,1010,895,994,895
FCFS,6144,18,22,1010,1032,992,1014,992
FCFS,3675,18,60,1032,1092,1014,1074,1014
FCFS,3929,18,1,1092,1093,1074,1075,1074
FCFS,1635,21,83,1093,1176,1072,1155,1072
FCFS,7748,21,91,1176,1267,1155,1246,1155
FCFS,8079,22,36,1267,1303,1245,1281,1245
FCFS,2299,22,6,1303,1309,1281,1287,1281
FCFS,3092,24,35,1309,1344,1285,1320,1285
FCFS,9852,25,40,1344,1384,1319,1359,1319
FCFS,3343,25,49,1384,1433,1359,1408,1359
FCFS,5889,26,68,1433,1501,1407,1475,1407
FCFS,7247,28,63,1501,1564,1473,1536,1473
FCFS,7968,28,80,1564,1644,1536,1616,1536
FCFS,8535,32,7,1644,1651,1612,1619,1612
FCFS,8889,37,62,1651,1713,1614,1676,1614
FCFS,2268,38,86,1713,1799,1675,1761,1675
FCFS,1511,38,10,1799,1809,1761,1771,1761
FCFS,2716,40,85,1809,1894,1769,1854,1769
FCFS,4869,44,20,1894,1914,1850,1870,1850
FCFS,8925,45,49,1914,1963,1869,1918,1869
FCFS,6823,48,73,1963,2036,1915,1988,1915
FCFS,3672,49,18,2036,2054,1987,2005,1987
FCFS,4366,52,36,2054,2090,2002,2038,2002
FCFS,4058,53,86,2090,2176,2037,2123,2037
FCFS,1103,54,18,2176,2194,2122,2140,2122
FCFS,8183,55,40,2194,2234,2139,2179,2139
FCFS,795,55,66,2234,2300,2179,2245,2179
FCFS,8066,56,90,2300,2390,2244,2334,2244
FCFS,7486,58,15,2390,2405,2332,2347,2332
FCFS,1237,60,64,2405,2469,2345,2409,2345
FCFS,3870,60,77,2469,2546,2409,2486,2409
FCFS,5850,60,55,2546,2601,2486,2541,2486
FCFS,3839,62,1,2601,2602,2539,2540,2539
FCFS,87,64,84,2602,2686,2538,2622,2538
FCFS,7718,64,34,2686,2720,2622,2656,2622
FCFS,9947,65,62,2720,2782,2655,2717,2655
FCFS,5545,66,4,2782,2786,2716,2720,2716
FCFS,9144,66,21,2786,2807,2720,2741,2720
FCFS,6904,66,4,2807,2811,2741,2745,2741
FCFS,6053,67,26,2811,2837,2744,2770,2744
FCFS,4147,67,34,2837,2871,2770,2804,2770
FCFS,6188,69,82,2871,2953,2802,2884,2802
FCFS,8995,71,42,2953,2995,2882,2924,2882
FCFS,4646,71,29,2995,3024,2924,2953,2924
FCFS,1969,72,57,3024,3081,2952,3009,2952
FCFS,9923,73,82,3081,3163,3008,3090,3008
FCFS,7047,74,75,3163,3238,3089,3164,3089
FCFS,1174,74,13,3238,3251,3164,3177,3164
FCFS,7281,75,97,3251,3348,3176,3273,3176
FCFS,4815,75,78,3348,3426,3273,3351,3273
FCFS,8465,76,60,3426,3486,3350,3410,3350
FCFS,931,77,63,3486,3549,3409,3472,3409
FCFS,2196,78,99,3549,3648,3471,3570,3471
FCFS,7210,78,56,3648,3704,3570,3626,3570
FCFS,8975,80,71,3704,3775,3624,3695,3624
FCFS,9703,80,73,3775,3848,3695,3768,3695
FCFS,9845,81,52,3848,3900,3767,3819,3767
FCFS,3752,82,38,3900,3938,3818,3856,3818
FCFS,3888,86,7,3938,3945,3852,3859,3852
FCFS,6611,87,51,3945,3996,3858,3909,3858
FCFS,1607,89,48,3996,4044,3907,3955,3907
FCFS,4835,89,96,4044,4140,3955,4051,3955
FCFS,4572,90,67,4140,4207,4050,4117,4050
FCFS,8005,91,90,4207,4297,4116,4206,4116
FCFS,8454,93,45,4297,4342,4204,4249,4204
FCFS,987,94,17,4342,4359,4248,4265,4248
FCFS,9264,96,22,4359,4381,4263,4285,4263
FCFS,2508,97,92,4381,4473,4284,4376,4284
FCFS,260,98,62,4473,4535,4375,4437,4375
FCFS,6319,98,40,4535,4575,4437,4477,4437
FCFS,7004,100,29,4575,4604,4475,4504,4475
FCFS,8684,104,1,4604,4605,4500,4501,4500
FCFS,8201,104,15,4605,4620,4501,4516,4501
FCFS,7181,105,17,4620,4637,4515,4532,4515
FCFS,1610,105,97,4637,4734,4532,4629,4532
FCFS,1887,105,27,4734,4761,4629,4656,4629
FCFS,8186,105,62,4761,4823,4656,4718,4656
FCFS,8702,108,31,4823,4854,4715,4746,4715
FCFS,8193,109,27,4854,4881,4745,4772,4745
FCFS,3658,112,91,4881,4972,4769,4860,4769
FCFS,3053,115,88,4972,5060,4857,4945,4857
FCFS,1569,116,17,5060,5077,4944,4961,4944
FCFS,8742,117,25,5077,5102,4960,4985,4960
FCFS,869,117,89,5102,5191,4985,5074,4985
FCFS,6631,118,87,5191,5278,5073,5160,5073
FCFS,7230,120,49,5278,5327,5158,5207,5158
FCFS,6837,122,34,5327,5361,5205,5239,5205
FCFS,4772,124,99,5361,5460,5237,5336,5237
FCFS,825,125,97,5460,5557,5335,5432,5335
FCFS,1769,125,22,5557,5579,5432,5454,5432
FCFS,5408,126,83,5579,5662,5453,5536,5453
FCFS,1008,126,41,5662,5703,5536,5577,5536
FCFS,4544,128,88,5703,5791,5575,5663,5575
FCFS,4907,129,1,5791,5792,5662,5663,5662
FCFS,1309,130,73,5792,5865,5662,5735,5662
FCFS,7867,132,53,5865,5918,5733,5786,5733
FCFS,604,133,12,5918,5930,5785,5797,5785
FCFS,3882,136,88,5930,6018,5794,5882,5794
FCFS,738,137,91,6018,6109,5881,5972,5881
FCFS,2984,138,52,6109,6161,5971,6023,5971
FCFS,6234,138,63,6161,6224,6023,6086,6023
FCFS,3661,139,38,6224,6262,6085,6123,6085
FCFS,1877,140,8,6262,6270,6122,6130,6122
FCFS,4827,140,79,6270,6349,6130,6209,6130
FCFS,2680,141,9,6349,6358,6208,6217,6208
FCFS,4435,142,68,6358,6426,6216,6284,6216
FCFS,6106,142,35,6426,6461,6284,6319,6284
FCFS,6035,143,43,6461,6504,6318,6361,6318
FCFS,4912,143,17,6504,6521,6361,6378,6361
FCFS,9885,144,41,6521,6562,6377,6418,6377
FCFS,1348,145,52,6562,6614,6417,6469,6417
FCFS,8203,145,53,6614,6667,6469,6522,6469
FCFS,1933,145,20,6667,6687,6522,6542,6522
FCFS,5789,145,79,6687,6766,6542,6621,6542
FCFS,3919,146,96,6766,6862,6620,6716,6620
FCFS,2213,147,22,6862,6884,6715,6737,6715
FCFS,2017,148,68,6884,6952,6736,6804,6736
FCFS,6847,148,52,6952,7004,6804,6856,6804
FCFS,8770,148,83,7004,7087,6856,6939,6856
FCFS,5977,151,43,7087,7130,6936,6979,6936
FCFS,6661,151,20,7130,7150,6979,6999,6979
FCFS,3565,152,71,7150,7221,6998,7069,6998
FCFS,9384,153,22,7221,7243,7068,7090,7068
FCFS,6005,153,75,7243,7318,7090,7165,7090
FCFS,1229,153,7,7318,7325,7165,7172,7165
FCFS,5999,154,6,7325,7331,7171,7177,7171
FCFS,336,154,11,7331,7342,7177,7188,7177
FCFS,9567,154,54,7342,7396,7188,7242,7188
FCFS,2642,155,25,7396,7421,7241,7266,7241
FCFS,5989,156,45,7421,7466,7265,7310,7265
FCFS,1668,158,20,7466,7486,7308,7328,7308
FCFS,3162,159,11,7486,7497,7327,7338,7327
FCFS,4095,160,67,7497,7564,7337,7404,7337
FCFS,65,161,33,7564,7597,7403,7436,7403
FCFS,2367,161,78,7597,7675,7436,7514,7436
FCFS,6757,162,45,7675,7720,7513,7558,7513
FCFS,2441,162,43,7720,7763,7558,7601,7558
FCFS,2155,163,5,7763,7768,7600,7605,7600
FCFS,6429,164,69,7768,7837,7604,7673,7604
FCFS,4638,165,47,7837,7884,7672,7719,7672
FCFS,4136,165,46,7884,7930,7719,7765,7719
FCFS,3581,166,27,7930,7957,7764,7791,7764
FCFS,5257,171,55,7957,8012,7786,7841,7786
FCFS,6703,172,4,8012,8016,7840,7844,7840
FCFS,3600,174,51,8016,8067,7842,7893,7842
FCFS,6955,175,25,8067,8092,7892,7917,7892
FCFS,5563,178,81,8092,8173,7914,7995,7914
FCFS,5845,178,49,8173,8222,7995,8044,7995
FCFS,8730,179,50,8222,8272,8043,8093,8043
FCFS,2809,182,68,8272,8340,8090,8158,8090
FCFS,3152,182,19,8340,8359,8158,8177,8158
FCFS,4515,183,36,8359,8395,8176,8212,8176
FCFS,4346,186,58,8395,8453,8209,8267,8209
FCFS,3116,187,70,8453,8523,8266,8336,8266
FCFS,9499,187,88,8523,8611,8336,8424,8336
FCFS,30,189,25,8611,8636,8422,8447,8422
FCFS,5643,190,92,8636,8728,8446,8538,8446
FCFS,315,190,92,8728,8820,8538,8630,8538
FCFS,4279,191,77,8820,8897,8629,8706,8629
FCFS,7754,191,57,8897,8954,8706,8763,8706
FCFS,4472,191,32,8954,8986,8763,8795,8763
FCFS,3954,192,82,8986,9068,8794,8876,8794
FCFS,5792,192,25,9068,9093,8876,8901,8876
FCFS,2763,193,94,9093,9187,8900,8994,8900
FCFS,6235,193,48,9187,9235,8994,9042,8994
FCFS,4943,194,42,9235,9277,9041,9083,9041
FCFS,3864,195,90,9277,9367,9082,9172,9082
FCFS,203,197,50,9367,9417,9170,9220,9170
FCFS,5557,198,65,9417,9482,9219,9284,9219
FCFS,3702,201,95,9482,9577,9281,9376,9281
FCFS,2854,201,57,9577,9634,9376,9433,9376
FCFS,195,202,76,9634,9710,9432,9508,9432
FCFS,6542,203,5,9710,9715,9507,9512,9507
FCFS,4094,203,38,9715,9753,9512,9550,9512
FCFS,3942,204,91,9753,9844,9549,9640,9549
FCFS,2450,204,89,9844,9933,9640,9729,9640
FCFS,3545,205,74,9933,10007,9728,9802,9728
FCFS,121,206,86,10007,10093,9801,9887,9801
FCFS,4202,206,98,10093,10191,9887,9985,9887
FCFS,9743,207,32,10191,10223,9984,10016,9984
FCFS,1999,207,22,10223,10245,10016,10038,10016
FCFS,1633,207,24,10245,10269,10038,10062,10038
FCFS,9381,209,95,10269,10364,10060,10155,10060
FCFS,7622,209,31,10364,10395,10155,10186,10155
FCFS,7348,211,28,10395,10423,10184,10212,10184
FCFS,7637,212,48,10423,10471,10211,10259,10211
FCFS,1587,213,34,10471,10505,10258,10292,10258
FCFS,3356,215,30,10505,10535,10290,10320,10290
FCFS,5756,215,67,10535,10602,10320,10387,10320
FCFS,5492,220,15,10602,10617,10382,10397,10382
FCFS,7845,223,17,10617,10634,10394,10411,10394
FCFS,6780,223,95,10634,10729,10411,10506,10411
FCFS,7655,224,61,10729,10790,10505,10566,10505
FCFS,878,224,76,10790,10866,10566,10642,10566
FCFS,4768,224,95,10866,10961,10642,10737,10642
FCFS,290,225,16,10961,10977,10736,10752,10736
FCFS,7850,225,10,10977,10987,10752,10762,10752
FCFS,2350,226,27,10987,11014,10761,10788,10761
FCFS,4342,226,62,11014,11076,10788,10850,10788
FCFS,2605,226,92,11076,11168,10850,10942,10850
FCFS,9524,227,91,11168,11259,10941,11032,10941
FCFS,5775,228,68,11259,11327,11031,11099,11031
FCFS,6819,229,95,11327,11422,11098,11193,11098
FCFS,6211,231,66,11422,11488,11191,11257,11191
FCFS,3339,232,49,11488,11537,11256,11305,11256
FCFS,833,232,74,11537,11611,11305,11379,11305
FCFS,9616,232,73,11611,11684,11379,11452,11379
FCFS,7937,233,3,11684,11687,11451,11454,11451
FCFS,9619,233,54,11687,11741,11454,11508,11454
FCFS,7626,233,67,11741,11808,11508,11575,11508
FCFS,9696,234,80,11808,11888,11574,11654,11574
FCFS,3265,234,28,11888,11916,11654,11682,11654
FCFS,3213,234,29,11916,11945,11682,11711,11682
FCFS,7657,235,2,11945,11947,11710,11712,11710
FCFS,909,235,2,11947,11949,11712,11714,11712
FCFS,2008,236,91,11949,12040,11713,11804,11713
FCFS,7008,237,34,12040,12074,11803,11837,11803
FCFS,3941,238,47,12074,12121,11836,11883,11836
FCFS,8222,238,78,12121,12199,11883,11961,11883
FCFS,5807,240,10,12199,12209,11959,11969,11959
FCFS,3860,241,52,12209,12261,11968,12020,11968
FCFS,5083,242,37,12261,12298,12019,12056,12019
FCFS,9678,242,81,12298,12379,12056,12137,12056
FCFS,8749,243,14,12379,12393,12136,12150,12136
FCFS,4915,244,90,12393,12483,12149,12239,12149
FCFS,8476,244,62,12483,12545,12239,12301,12239
FCFS,6396,246,6,12545,12551,12299,12305,12299
FCFS,8930,246,17,12551,12568,12305,12322,12305
FCFS,701,249,1,12568,12569,12319,12320,12319
FCFS,4558,249,6,12569,12575,12320,12326,12320
FCFS,4026,249,37,12575,12612,12326,12363,12326
FCFS,7208,250,78,12612,12690,12362,12440,12362
FCFS,6380,250,65,12690,12755,12440,12505,12440
FCFS,9366,253,90,12755,12845,12502,12592,12502
FCFS,654,255,73,12845,12918,12590,12663,12590
FCFS,8887,256,26,12918,12944,12662,12688,12662
FCFS,8902,256,18,12944,12962,12688,12706,12688
FCFS,8624,256,52,12962,13014,12706,12758,12706
FCFS,2566,258,96,13014,13110,12756,12852,12756
FCFS,892,260,64,13110,13174,12850,12914,12850
FCFS,6481,261,87,13174,13261,12913,13000,12913
FCFS,235,262,13,13261,13274,12999,13012,12999
FCFS,5128,262,87,13274,13361,13012,13099,13012
FCFS,2606,264,71,13361,13432,13097,13168,13097
FCFS,9971,264,93,13432,13525,13168,13261,13168
FCFS,2713,264,48,13525,13573,13261,13309,13261
FCFS,4649,268,36,13573,13609,13305,13341,13305
FCFS,1721,269,16,13609,13625,13340,13356,13340
FCFS,4355,269,43,13625,13668,13356,13399,13356
FCFS,8118,270,9,13668,13677,13398,13407,13398
FCFS,4534,270,28,13677,13705,13407,13435,13407
FCFS,3504,270,80,13705,13785,13435,13515,13435
FCFS,8542,271,59,13785,13844,13514,13573,13514
FCFS,5527,271,53,13844,13897,13573,13626,13573
FCFS,1332,271,51,13897,13948,13626,13677,13626
FCFS,5163,272,84,13948,14032,13676,13760,13676
FCFS,3076,276,52,14032,14084,13756,13808,13756
FCFS,6089,277,7,14084,14091,13807,13814,13807
FCFS,9946,277,86,14091,14177,13814,13900,13814
FCFS,1479,277,48,14177,14225,13900,13948,13900
FCFS,3338,277,53,14225,14278,13948,14001,13948
FCFS,4890,277,91,14278,14369,14001,14092,14001
FCFS,3515,278,26,14369,14395,14091,14117,14091
FCFS,4988,279,12,14395,14407,14116,14128,14116
FCFS,1754,281,48,14407,14455,14126,14174,14126
FCFS,6894,282,26,14455,14481,14173,14199,14173
FCFS,2567,282,93,14481,14574,14199,14292,14199
FCFS,5937,283,8,14574,14582,14291,14299,14291
FCFS,2016,285,4,14582,14586,14297,14301,14297
FCFS,2712,285,15,14586,14601,14301,14316,14301
FCFS,4902,287,78,14601,14679,14314,14392,14314
FCFS,3509,289,34,14679,14713,14390,14424,14390
FCFS,7933,292,47,14713,14760,14421,14468,14421
FCFS,1463,294,70,14760,14830,14466,14536,14466
FCFS,5777,294,46,14830,14876,14536,14582,14536
FCFS,3818,294,64,14876,14940,14582,14646,14582
FCFS,7505,294,19,14940,14959,14646,14665,14646
FCFS,8816,295,79,14959,15038,14664,14743,14664
FCFS,9774,296,78,15038,15116,14742,14820,14742
FCFS,4954,297,91,15116,15207,14819,14910,14819
FCFS,8205,298,32,15207,15239,14909,14941,14909
FCFS,5103,298,74,15239,15313,14941,15015,14941
FCFS,6048,300,55,15313,15368,15013,15068,15013
FCFS,2274,301,66,15368,15434,15067,15133,15067
FCFS,309,301,80,15434,15514,15133,15213,15133
FCFS,793,302,4,15514,15518,15212,15216,15212
FCFS,1800,302,81,15518,15599,15216,15297,15216
FCFS,5340,305,31,15599,15630,15294,15325,15294
FCFS,1653,306,12,15630,15642,15324,15336,15324
FCFS,8191,307,42,15642,15684,15335,15377,15335
FCFS,4388,307,15,15684,15699,15377,15392,15377
FCFS,4494,307,92,15699,15791,15392,15484,15392
FCFS,6230,308,38,15791,15829,15483,15521,15483
FCFS,4590,310,21,15829,15850,15519,15540,15519
FCFS,7110,312,33,15850,15883,15538,15571,15538
FCFS,6522,314,2,15883,15885,15569,15571,15569
FCFS,4412,314,25,15885,15910,15571,15596,15571
FCFS,1426,317,79,15910,15989,15593,15672,15593
FCFS,6625,317,59,15989,16048,15672,15731,15672
FCFS,7559,320,9,16048,16057,15728,15737,15728
FCFS,4929,320,75,16057,16132,15737,15812,15737
FCFS,6658,324,12,16132,16144,15808,15820,15808
FCFS,8821,324,71,16144,16215,15820,15891,15820
FCFS,7987,325,62,16215,16277,15890,15952,15890
FCFS,5048,325,73,16277,16350,15952,16025,15952
FCFS,7226,328,5,16350,16355,16022,16027,16022
FCFS,8405,329,84,16355,16439,16026,16110,16026
FCFS,9407,329,55,16439,16494,16110,16165,16110
FCFS,1256,329,54,16494,16548,16165,16219,16165
FCFS,7352,331,3,16548,16551,16217,16220,16217
FCFS,9930,331,80,16551,16631,16220,16300,16220
FCFS,2847,331,31,16631,16662,16300,16331,16300
FCFS,4399,336,92,16662,16754,16326,16418,16326
FCFS,1262,338,77,16754,16831,16416,16493,16416
FCFS,7314,340,97,16831,16928,16491,16588,16491
FCFS,2033,340,80,16928,17008,16588,16668,16588
FCFS,2797,340,2,17008,17010,16668,16670,16668
FCFS,2980,340,81,17010,17091,16670,16751,16670
FCFS,1183,341,38,17091,17129,16750,16788,16750
FCFS,2748,342,93,17129,17222,16787,16880,16787
FCFS,6555,343,80,17222,17302,16879,16959,16879
FCFS,5957,343,56,17302,17358,16959,17015,16959
FCFS,995,345,1,17358,17359,17013,17014,17013
FCFS,4385,348,91,17359,17450,17011,17102,17011
FCFS,8333,349,5,17450,17455,17101,17106,17101
FCFS,6782,350,44,17455,17499,17105,17149,17105
FCFS,8736,352,27,17499,17526,17147,17174,17147
FCFS,1665,352,88,17526,17614,17174,17262,17174
FCFS,6678,354,91,17614,17705,17260,17351,17260
FCFS,7245,355,70,17705,17775,17350,17420,17350
FCFS,7917,356,68,17775,17843,17419,17487,17419
FCFS,2985,358,32,17843,17875,17485,17517,17485
FCFS,9399,358,3,17875,17878,17517,17520,17517
FCFS,7989,358,85,17878,17963,17520,17605,17520
FCFS,2901,359,67,17963,18030,17604,17671,17604
FCFS,1442,362,24,18030,18054,17668,17692,17668
FCFS,6127,363,51,18054,18105,17691,17742,17691
FCFS,3049,364,41,18105,18146,17741,17782,17741
FCFS,6440,364,64,18146,18210,17782,17846,17782
FCFS,8723,364,17,18210,18227,17846,17863,17846
FCFS,799,364,80,18227,18307,17863,17943,17863
FCFS,8830,364,37,18307,18344,17943,17980,17943
FCFS,4111,365,72,18344,18416,17979,18051,17979
FCFS,2215,365,40,18416,18456,18051,18091,18051
FCFS,7723,368,68,18456,18524,18088,18156,18088
FCFS,3761,369,73,18524,18597,18155,18228,18155
FCFS,4072,370,69,18597,18666,18227,18296,18227
FCFS,8213,370,11,18666,18677,18296,18307,18296
FCFS,5030,371,58,18677,18735,18306,18364,18306
FCFS,5670,371,31,18735,18766,18364,18395,18364
FCFS,8640,372,16,18766,18782,18394,18410,18394
FCFS,1697,374,83,18782,18865,18408,18491,18408
FCFS,5127,375,17,18865,18882,18490,18507,18490
FCFS,5646,378,87,18882,18969,18504,18591,18504
FCFS,7650,378,77,18969,19046,18591,18668,18591
FCFS,2981,382,80,19046,19126,18664,18744,18664
FCFS,5665,382,55,19126,19181,18744,18799,18744
FCFS,8956,382,98,19181,19279,18799,18897,18799
FCFS,4076,383,65,19279,19344,18896,18961,18896
FCFS,676,384,37,19344,19381,18960,18997,18960
FCFS,8171,386,10,19381,19391,18995,19005,18995
FCFS,9287,386,75,19391,19466,19005,19080,19005
FCFS,2864,386,31,19466,19497,19080,19111,19080
FCFS,6827,386,79,19497,19576,19111,19190,19111
FCFS,3632,389,39,19576,19615,19187,19226,19187
FCFS,9613,390,58,19615,19673,19225,19283,19225
FCFS,1283,390,29,19673,19702,19283,19312,19283
FCFS,5178,390,78,19702,19780,19312,19390,19312
FCFS,7805,391,70,19780,19850,19389,19459,19389
FCFS,97,391,7,19850,19857,19459,19466,19459
FCFS,2667,392,12,19857,19869,19465,19477,19465
FCFS,7289,392,71,19869,19940,19477,19548,19477
FCFS,2177,392,90,19940,20030,19548,19638,19548
FCFS,7861,393,42,20030,20072,19637,19679,19637
FCFS,7473,395,6,20072,20078,19677,19683,19677
FCFS,517,395,68,20078,20146,19683,19751,19683
FCFS,6056,397,22,20146,20168,19749,19771,19749
FCFS,8063,400,75,20168,20243,19768,19843,19768
FCFS,6433,402,30,20243,20273,19841,19871,19841
FCFS,6607,403,36,20273,20309,19870,19906,19870
FCFS,5246,404,80,20309,20389,19905,19985,19905
FCFS,677,404,65,20389,20454,19985,20050,19985
FCFS,7713,404,21,20454,20475,20050,20071,20050
FCFS,2754,405,79,20475,20554,20070,20149,20070
FCFS,1869,406,96,20554,20650,20148,20244,20148
FCFS,3580,406,19,20650,20669,20244,20263,20244
FCFS,4656,406,74,20669,20743,20263,20337,20263
FCFS,486,412,64,20743,20807,20331,20395,20331
FCFS,9209,415,9,20807,20816,20392,20401,20392
FCFS,477,417,6,20816,20822,20399,20405,20399
FCFS,6564,418,92,20822,20914,20404,20496,20404
FCFS,9485,419,14,20914,20928,20495,20509,20495
FCFS,966,419,46,20928,20974,20509,20555,20509
FCFS,2124,419,75,20974,21049,20555,20630,20555
FCFS,8161,421,68,21049,21117,20628,20696,20628
FCFS,5263,421,72,21117,21189,20696,20768,20696
FCFS,4720,422,91,21189,21280,20767,20858,20767
FCFS,2689,423,76,21280,21356,20857,20933,20857
FCFS,9626,427,62,21356,21418,20929,20991,20929
FCFS,9528,430,16,21418,21434,20988,21004,20988
FCFS,8895,432,80,21434,21514,21002,21082,21002
FCFS,3146,436,48,21514,21562,21078,21126,21078
FCFS,9509,437,47,21562,21609,21125,21172,21125
FCFS,6849,437,58,21609,21667,21172,21230,21172
FCFS,5877,437,14,21667,21681,21230,21244,21230
FCFS,8246,440,6,21681,21687,21241,21247,21241
FCFS,2654,441,48,21687,21735,21246,21294,21246
FCFS,5223,441,20,21735,21755,21294,21314,21294
FCFS,2935,442,72,21755,21827,21313,21385,21313
FCFS,9719,444,66,21827,21893,21383,21449,21383
FCFS,6474,445,64,21893,21957,21448,21512,21448
FCFS,4337,446,77,21957,22034,21511,21588,21511
FCFS,8701,446,6,22034,22040,21588,21594,21588
FCFS,5676,446,36,22040,22076,21594,21630,21594
FCFS,2314,448,79,22076,22155,21628,21707,21628
FCFS,3644,451,15,22155,22170,21704,21719,21704
FCFS,6450,452,46,22170,22216,21718,21764,21718
FCFS,7323,453,76,22216,22292,21763,21839,21763
FCFS,1837,454,16,22292,22308,21838,21854,21838
FCFS,9269,456,72,22308,22380,21852,21924,21852
FCFS,1632,458,75,22380,22455,21922,21997,21922
FCFS,2664,459,87,22455,22542,21996,22083,21996
FCFS,7777,462,19,22542,22561,22080,22099,22080
FCFS,5652,463,63,22561,22624,22098,22161,22098
FCFS,4830,464,7,22624,22631,22160,22167,22160
FCFS,4246,464,41,22631,22672,22167,22208,22167
FCFS,7,466,54,22672,22726,22206,22260,22206
FCFS,7084,470,90,22726,22816,22256,22346,22256
FCFS,6121,471,60,22816,22876,22345,22405,22345
FCFS,3018,475,87,22876,22963,22401,22488,22401
FCFS,2550,475,57,22963,23020,22488,22545,22488
FCFS,9747,477,70,23020,23090,22543,22613,22543
FCFS,5522,478,67,23090,23157,22612,22679,22612
FCFS,9551,480,19,23157,23176,22677,22696,22677
FCFS,1228,481,98,23176,23274,22695,22793,22695
FCFS,8743,481,84,23274,23358,22793,22877,22793
FCFS,1938,482,93,23358,23451,22876,22969,22876
FCFS,8214,486,32,23451,23483,22965,22997,22965
FCFS,1820,488,70,23483,23553,22995,23065,22995
FCFS,3813,489,15,23553,23568,23064,23079,23064
FCFS,4048,489,46,23568,23614,23079,23125,23079
FCFS,8904,489,44,23614,23658,23125,23169,23125
FCFS,5434,490,81,23658,23739,23168,23249,23168
FCFS,7128,490,35,23739,23774,23249,23284,23249
FCFS,3384,492,66,23774,23840,23282,23348,23282
FCFS,9730,493,68,23840,23908,23347,23415,23347
FCFS,9843,493,41,23908,23949,23415,23456,23415
FCFS,5380,494,16,23949,23965,23455,23471,23455
FCFS,7452,495,16,23965,23981,23470,23486,23470
FCFS,5982,495,26,23981,24007,23486,23512,23486
FCFS,8637,496,96,24007,24103,23511,23607,23511
FCFS,9726,496,48,24103,24151,23607,23655,23607
FCFS,4428,497,87,24151,24238,23654,23741,23654
FCFS,5782,498,84,24238,24322,23740,23824,23740
FCFS,9074,500,99,24322,24421,23822,23921,23822
FCFS,6822,501,60,24421,24481,23920,23980,23920
FCFS,116,502,53,24481,24534,23979,24032,23979
FCFS,9438,502,76,24534,24610,24032,24108,24032
FCFS,597,504,36,24610,24646,24106,24142,24106
FCFS,3969,504,68,24646,24714,24142,24210,24142
FCFS,5169,506,50,24714,24764,24208,24258,24208
FCFS,5202,507,71,24764,24835,24257,24328,24257
FCFS,3582,508,48,24835,24883,24327,24375,24327
FCFS,6646,508,66,24883,24949,24375,24441,24375
FCFS,5755,512,16,24949,24965,24437,24453,24437
FCFS,410,512,51,24965,25016,24453,24504,24453
FCFS,2313,514,10,25016,25026,24502,24512,24502
FCFS,1638,514,54,25026,25080,24512,24566,24512
FCFS,5523,515,84,25080,25164,24565,24649,24565
FCFS,3704,517,50,25164,25214,24647,24697,24647
FCFS,8044,519,49,25214,25263,24695,24744,24695
FCFS,2253,521,38,25263,25301,24742,24780,24742
FCFS,3217,522,19,25301,25320,24779,24798,24779
FCFS,6091,523,50,25320,25370,24797,24847,24797
FCFS,778,523,78,25370,25448,24847,24925,24847
FCFS,6844,524,67,25448,25515,24924,24991,24924
FCFS,1694,525,90,25515,25605,24990,25080,24990
FCFS,9495,526,45,25605,25650,25079,25124,25079
FCFS,2752,526,13,25650,25663,25124,25137,25124
FCFS,1559,526,42,25663,25705,25137,25179,25137
FCFS,9172,527,50,25705,25755,25178,25228,25178
FCFS,4320,529,28,25755,25783,25226,25254,25226
FCFS,1688,529,60,25783,25843,25254,25314,25254
FCFS,4003,531,74,25843,25917,25312,25386,25312
FCFS,6108,534,53,25917,25970,25383,25436,25383
FCFS,5856,534,32,25970,26002,25436,25468,25436
FCFS,2084,536,31,26002,26033,25466,25497,25466
FCFS,1040,536,32,26033,26065,25497,25529,25497
FCFS,346,537,87,26065,26152,25528,25615,25528
FCFS,9694,537,23,26152,26175,25615,25638,25615
FCFS,3261,539,69,26175,26244,25636,25705,25636
FCFS,637,539,41,26244,26285,25705,25746,25705
FCFS,8299,539,21,26285,26306,25746,25767,25746
FCFS,7021,540,15,26306,26321,25766,25781,25766
FCFS,2374,541,14,26321,26335,25780,25794,25780
FCFS,7072,541,15,26335,26350,25794,25809,25794
FCFS,6333,544,78,26350,26428,25806,25884,25806
FCFS,9255,544,40,26428,26468,25884,25924,25884
FCFS,1324,545,6,26468,26474,25923,25929,25923
FCFS,6249,545,58,26474,26532,25929,25987,25929
FCFS,6129,545,60,26532,26592,25987,26047,25987
FCFS,6966,546,96,26592,26688,26046,26142,26046
FCFS,5893,547,29,26688,26717,26141,26170,26141
FCFS,5554,548,60,26717,26777,26169,26229,26169
FCFS,8103,550,52,26777,26829,26227,26279,26227
FCFS,6501,551,83,26829,26912,26278,26361,26278
FCFS,1623,552,76,26912,26988,26360,26436,26360
FCFS,7274,555,7,26988,26995,26433,26440,26433
FCFS,7561,555,71,26995,27066,26440,26511,26440
FCFS,5984,556,48,27066,27114,26510,26558,26510
FCFS,1450,556,60,27114,27174,26558,26618,26558
FCFS,9048,556,92,27174,27266,26618,26710,26618
FCFS,5315,556,29,27266,27295,26710,26739,26710
FCFS,8199,556,18,27295,27313,26739,26757,26739
FCFS,3023,557,18,27313,27331,26756,26774,26756
FCFS,8882,559,9,27331,27340,26772,26781,26772
FCFS,413,559,32,27340,27372,26781,26813,26781
FCFS,8506,560,15,27372,27387,26812,26827,26812
FCFS,9771,560,29,27387,27416,26827,26856,26827
FCFS,2050,560,35,27416,27451,26856,26891,26856
FCFS,7495,561,35,27451,27486,26890,26925,26890
FCFS,6907,564,9,27486,27495,26922,26931,26922
FCFS,6772,564,55,27495,27550,26931,26986,26931
FCFS,9035,565,34,27550,27584,26985,27019,26985
FCFS,9584,565,55,27584,27639,27019,27074,27019
FCFS,326,569,52,27639,27691,27070,27122,27070
FCFS,4184,570,56,27691,27747,27121,27177,27121
FCFS,2180,571,59,27747,27806,27176,27235,27176
FCFS,1475,571,47,27806,27853,27235,27282,27235
FCFS,5559,571,83,27853,27936,27282,27365,27282
FCFS,2495,572,57,27936,27993,27364,27421,27364
FCFS,4153,572,20,27993,28013,27421,27441,27421
FCFS,6358,572,65,28013,28078,27441,27506,27441
FCFS,7983,572,94,28078,28172,27506,27600,27506
FCFS,6527,574,8,28172,28180,27598,27606,27598
FCFS,367,574,93,28180,28273,27606,27699,27606
FCFS,1813,574,57,28273,28330,27699,27756,27699
FCFS,1730,575,80,28330,28410,27755,27835,27755
FCFS,9522,577,58,28410,28468,27833,27891,27833
FCFS,6443,579,68,28468,28536,27889,27957,27889
FCFS,419,580,53,28536,28589,27956,28009,27956
FCFS,3516,580,43,28589,28632,28009,28052,28009
FCFS,7866,581,6,28632,28638,28051,28057,28051
FCFS,2451,581,80,28638,28718,28057,28137,28057
FCFS,8337,583,86,28718,28804,28135,28221,28135
FCFS,1572,583,37,28804,28841,28221,28258,28221
FCFS,4594,584,76,28841,28917,28257,28333,28257
FCFS,5854,585,89,28917,29006,28332,28421,28332
FCFS,2614,587,79,29006,29085,28419,28498,28419
FCFS,5306,588,69,29085,29154,28497,28566,28497
FCFS,4640,589,48,29154,29202,28565,28613,28565
FCFS,9494,591,41,29202,29243,28611,28652,28611
FCFS,2167,593,8,29243,29251,28650,28658,28650
FCFS,2843,593,37,29251,29288,28658,28695,28658
FCFS,2368,593,47,29288,29335,28695,28742,28695
FCFS,9861,594,77,29335,29412,28741,28818,28741
FCFS,7405,595,47,29412,29459,28817,28864,28817
FCFS,3901,596,86,29459,29545,28863,28949,28863
FCFS,5731,596,75,29545,29620,28949,29024,28949
FCFS,2491,597,39,29620,29659,29023,29062,29023
FCFS,8021,597,65,29659,29724,29062,29127,29062
FCFS,8048,597,30,29724,29754,29127,29157,29127
FCFS,9138,598,97,29754,29851,29156,29253,29156
FCFS,5137,599,92,29851,29943,29252,29344,29252
FCFS,9080,600,42,29943,29985,29343,29385,29343
FCFS,7203,600,58,29985,30043,29385,29443,29385
FCFS,934,600,48,30043,30091,29443,29491,29443
FCFS,3810,602,88,30091,30179,29489,29577,29489
FCFS,8754,603,54,30179,30233,29576,29630,29576
FCFS,8015,604,72,30233,30305,29629,29701,29629
FCFS,6865,604,75,30305,30380,29701,29776,29701
FCFS,310,606,6,30380,30386,29774,29780,29774
FCFS,4739,607,50,30386,30436,29779,29829,29779
FCFS,5027,609,27,30436,30463,29827,29854,29827
FCFS,2515,610,1,30463,30464,29853,29854,29853
FCFS,2574,612,18,30464,30482,29852,29870,29852
FCFS,3502,614,68,30482,30550,29868,29936,29868
FCFS,1301,614,79,30550,30629,29936,30015,29936
FCFS,7985,614,93,30629,30722,30015,30108,30015
FCFS,4192,615,78,30722,30800,30107,30185,30107
FCFS,4060,615,46,30800,30846,30185,30231,30185
FCFS,7121,615,68,30846,30914,30231,30299,30231
FCFS,5032,615,73,30914,30987,30299,30372,30299
FCFS,5649,615,93,30987,31080,30372,30465,30372
FCFS,5915,616,49,31080,31129,30464,30513,30464
FCFS,6979,618,57,31129,31186,30511,30568,30511
FCFS,1746,619,33,31186,31219,30567,30600,30567
FCFS,3403,619,19,31219,31238,30600,30619,30600
FCFS,5536,622,34,31238,31272,30616,30650,30616
FCFS,9442,623,35,31272,31307,30649,30684,30649
FCFS,8849,625,93,31307,31400,30682,30775,30682
FCFS,5429,626,45,31400,31445,30774,30819,30774
FCFS,4552,627,16,31445,31461,30818,30834,30818
FCFS,3459,628,38,31461,31499,30833,30871,30833
FCFS,1720,629,7,31499,31506,30870,30877,30870
FCFS,3335,630,23,31506,31529,30876,30899,30876
FCFS,1941,630,2,31529,31531,30899,30901,30899
FCFS,2445,631,38,31531,31569,30900,30938,30900
FCFS,9238,632,22,31569,31591,30937,30959,30937
FCFS,2003,632,60,31591,31651,30959,31019,30959
FCFS,9993,634,12,31651,31663,31017,31029,31017
FCFS,4005,634,29,31663,31692,31029,31058,31029
FCFS,1617,634,78,31692,31770,31058,31136,31058
FCFS,392,635,87,31770,31857,31135,31222,31135
FCFS,8933,636,53,31857,31910,31221,31274,31221
FCFS,794,638,55,31910,31965,31272,31327,31272
FCFS,6702,639,19,31965,31984,31326,31345,31326
FCFS,6145,641,50,31984,32034,31343,31393,31343
FCFS,5188,643,32,32034,32066,31391,31423,31391
FCFS,3856,644,74,32066,32140,31422,31496,31422
FCFS,1186,645,14,32140,32154,31495,31509,31495
FCFS,2608,645,86,32154,32240,31509,31595,31509
FCFS,2277,646,75,32240,32315,31594,31669,31594
FCFS,9690,646,64,32315,32379,31669,31733,31669
FCFS,7362,648,74,32379,32453,31731,31805,31731
FCFS,4284,649,97,32453,32550,31804,31901,31804
FCFS,4159,650,47,32550,32597,31900,31947,31900
FCFS,8582,652,57,32597,32654,31945,32002,31945
FCFS,6278,654,40,32654,32694,32000,32040,32000
FCFS,6339,654,72,32694,32766,32040,32112,32040
FCFS,9311,656,98,32766,32864,32110,32208,32110
FCFS,9737,658,80,32864,32944,32206,32286,32206
FCFS,3976,658,43,32944,32987,32286,32329,32286
FCFS,212,659,54,32987,33041,32328,32382,32328
FCFS,7317,659,92,33041,33133,32382,32474,32382
FCFS,2392,659,11,33133,33144,32474,32485,32474
FCFS,2735,660,60,33144,33204,32484,32544,32484
FCFS,3486,660,79,33204,33283,32544,32623,32544
FCFS,9793,660,85,33283,33368,32623,32708,32623
FCFS,1996,661,8,33368,33376,32707,32715,32707
FCFS,1657,661,3,33376,33379,32715,32718,32715
FCFS,3886,661,71,33379,33450,32718,32789,32718
FCFS,5007,662,66,33450,33516,32788,32854,32788
FCFS,165,663,39,33516,33555,32853,32892,32853
FCFS,2372,663,24,33555,33579,32892,32916,32892
FCFS,8032,665,73,33579,33652,32914,32987,32914
FCFS,5936,666,27,33652,33679,32986,33013,32986
FCFS,765,666,4,33679,33683,33013,33017,33013
FCFS,630,667,42,33683,33725,33016,33058,33016
FCFS,7790,667,93,33725,33818,33058,33151,33058
FCFS,8981,667,51,33818,33869,33151,33202,33151
FCFS,8188,669,45,33869,33914,33200,33245,33200
FCFS,2589,669,86,33914,34000,33245,33331,33245
FCFS,4020,670,45,34000,34045,33330,33375,33330
FCFS,2154,671,66,34045,34111,33374,33440,33374
FCFS,767,671,90,34111,34201,33440,33530,33440
FCFS,9058,671,10,34201,34211,33530,33540,33530
FCFS,2464,671,44,34211,34255,33540,33584,33540
FCFS,8903,671,47,34255,34302,33584,33631,33584
FCFS,9717,672,88,34302,34390,33630,33718,33630
FCFS,3280,674,33,34390,34423,33716,33749,33716
FCFS,7180,677,15,34423,34438,33746,33761,33746
FCFS,6580,678,71,34438,34509,33760,33831,33760
FCFS,3833,679,36,34509,34545,33830,33866,33830
FCFS,8818,680,32,34545,34577,33865,33897,33865
FCFS,3586,680,7,34577,34584,33897,33904,33897
FCFS,8380,680,82,34584,34666,33904,33986,33904
FCFS,7041,681,84,34666,34750,33985,34069,33985
FCFS,5447,681,59,34750,34809,34069,34128,34069
FCFS,9520,684,49,34809,34858,34125,34174,34125
FCFS,2263,685,32,34858,34890,34173,34205,34173
FCFS,2428,685,16,34890,34906,34205,34221,34205
FCFS,1495,686,38,34906,34944,34220,34258,34220
FCFS,7916,686,57,34944,35001,34258,34315,34258
FCFS,5630,687,19,35001,35020,34314,34333,34314
FCFS,2575,687,58,35020,35078,34333,34391,34333
FCFS,4319,687,62,35078,35140,34391,34453,34391
FCFS,6666,687,22,35140,35162,34453,34475,34453
FCFS,1065,688,5,35162,35167,34474,34479,34474
FCFS,2461,689,4,35167,35171,34478,34482,34478
FCFS,2105,689,53,35171,35224,34482,34535,34482
FCFS,9292,689,53,35224,35277,34535,34588,34535
FCFS,4108,689,96,35277,35373,34588,34684,34588
FCFS,9192,690,68,35373,35441,34683,34751,34683
FCFS,3811,690,80,35441,35521,34751,34831,34751
FCFS,4876,691,21,35521,35542,34830,34851,34830
FCFS,3469,692,43,35542,35585,34850,34893,34850
FCFS,5219,692,49,35585,35634,34893,34942,34893
FCFS,6490,693,92,35634,35726,34941,35033,34941
FCFS,9346,694,57,35726,35783,35032,35089,35032
FCFS,3081,695,15,35783,35798,35088,35103,35088
FCFS,2343,697,77,35798,35875,35101,35178,35101
FCFS,4381,698,25,35875,35900,35177,35202,35177
FCFS,515,698,1,35900,35901,35202,35203,35202
FCFS,180,698,83,35901,35984,35203,35286,35203
FCFS,3489,699,6,35984,35990,35285,35291,35285
FCFS,312,699,85,35990,36075,35291,35376,35291
FCFS,7149,701,83,36075,36158,35374,35457,35374
FCFS,1811,703,91,36158,36249,35455,35546,35455
FCFS,2800,703,71,36249,36320,35546,35617,35546
FCFS,6414,706,6,36320,36326,35614,35620,35614
FCFS,1973,707,45,36326,36371,35619,35664,35619
FCFS,6632,709,11,36371,36382,35662,35673,35662
FCFS,9201,710,46,36382,36428,35672,35718,35672
FCFS,7658,711,45,36428,36473,35717,35762,35717
FCFS,8938,712,15,36473,36488,35761,35776,35761
FCFS,8111,712,87,36488,36575,35776,35863,35776
FCFS,8883,713,74,36575,36649,35862,35936,35862
FCFS,8030,716,98,36649,36747,35933,36031,35933
FCFS,693,716,15,36747,36762,36031,36046,36031
FCFS,9607,716,35,36762,36797,36046,36081,36046
FCFS,3974,717,98,36797,36895,36080,36178,36080
FCFS,523,717,3,36895,36898,36178,36181,36178
FCFS,4781,717,91,36898,36989,36181,36272,36181
FCFS,4373,719,94,36989,37083,36270,36364,36270
FCFS,3311,719,70,37083,37153,36364,36434,36364
FCFS,7046,719,16,37153,37169,36434,36450,36434
FCFS,4422,721,96,37169,37265,36448,36544,36448
FCFS,6551,722,35,37265,37300,36543,36578,36543
FCFS,6049,723,46,37300,37346,36577,36623,36577
FCFS,4756,725,29,37346,37375,36621,36650,36621
FCFS,2833,726,14,37375,37389,36649,36663,36649
FCFS,1383,726,48,37389,37437,36663,36711,36663
FCFS,6890,726,51,37437,37488,36711,36762,36711
FCFS,7359,727,87,37488,37575,36761,36848,36761
FCFS,2746,727,81,37575,37656,36848,36929,36848
FCFS,512,728,40,37656,37696,36928,36968,36928
FCFS,489,728,94,37696,37790,36968,37062,36968
FCFS,8556,730,17,37790,37807,37060,37077,37060
FCFS,5575,731,65,37807,37872,37076,37141,37076
FCFS,9627,731,37,37872,37909,37141,37178,37141
FCFS,5566,734,15,37909,37924,37175,37190,37175
FCFS,9237,734,17,37924,37941,37190,37207,37190
FCFS,6208,737,73,37941,38014,37204,37277,37204
FCFS,7656,737,56,38014,38070,37277,37333,37277
FCFS,6157,739,97,38070,38167,37331,37428,37331
FCFS,7776,743,35,38167,38202,37424,37459,37424
FCFS,9624,745,53,38202,38255,37457,37510,37457
FCFS,8521,745,37,38255,38292,37510,37547,37510
FCFS,5153,746,56,38292,38348,37546,37602,37546
FCFS,7665,748,84,38348,38432,37600,37684,37600
FCFS,7177,752,21,38432,38453,37680,37701,37680
FCFS,7254,754,52,38453,38505,37699,37751,37699
FCFS,7016,754,72,38505,38577,37751,37823,37751
FCFS,6196,755,64,38577,38641,37822,37886,37822
FCFS,9751,755,95,38641,38736,37886,37981,37886
FCFS,9706,756,77,38736,38813,37980,38057,37980
FCFS,4700,757,70,38813,38883,38056,38126,38056
FCFS,6280,759,93,38883,38976,38124,38217,38124
FCFS,753,760,1,38976,38977,38216,38217,38216
FCFS,9860,760,53,38977,39030,38217,38270,38217
FCFS,8825,760,85,39030,39115,38270,38355,38270
FCFS,9850,761,75,39115,39190,38354,38429,38354
FCFS,9022,765,26,39190,39216,38425,38451,38425
FCFS,7443,766,90,39216,39306,38450,38540,38450
FCFS,2131,767,83,39306,39389,38539,38622,38539
FCFS,7097,767,98,39389,39487,38622,38720,38622
FCFS,1088,768,46,39487,39533,38719,38765,38719
FCFS,9536,768,54,39533,39587,38765,38819,38765
FCFS,9389,768,68,39587,39655,38819,38887,38819
FCFS,2246,769,28,39655,39683,38886,38914,38886
FCFS,7534,769,41,39683,39724,38914,38955,38914
FCFS,12,769,99,39724,39823,38955,39054,38955
FCFS,1955,769,25,39823,39848,39054,39079,39054
FCFS,703,770,58,39848,39906,39078,39136,39078
FCFS,2861,770,59,39906,39965,39136,39195,39136
FCFS,9921,770,56,39965,40021,39195,39251,39195
FCFS,2760,771,28,40021,40049,39250,39278,39250
FCFS,8734,773,87,40049,40136,39276,39363,39276
FCFS,6150,773,10,40136,40146,39363,39373,39363
FCFS,9154,774,40,40146,40186,39372,39412,39372
FCFS,2192,775,47,40186,40233,39411,39458,39411
FCFS,52,775,90,40233,40323,39458,39548,39458
FCFS,4317,776,31,40323,40354,39547,39578,39547
FCFS,9059,777,8,40354,40362,39577,39585,39577
FCFS,1586,778,56,40362,40418,39584,39640,39584
FCFS,2732,778,33,40418,40451,39640,39673,39640
FCFS,7742,779,44,40451,40495,39672,39716,39672
FCFS,8651,780,81,40495,40576,39715,39796,39715
FCFS,2247,780,27,40576,40603,39796,39823,39796
FCFS,2525,781,30,40603,40633,39822,39852,39822
FCFS,9428,781,42,40633,40675,39852,39894,39852
FCFS,8211,783,18,40675,40693,39892,39910,39892
FCFS,338,784,24,40693,40717,39909,39933,39909
FCFS,2958,785,27,40717,40744,39932,39959,39932
FCFS,6010,786,88,40744,40832,39958,40046,39958
FCFS,5533,787,1,40832,40833,40045,40046,40045
FCFS,8350,788,87,40833,40920,40045,40132,40045
FCFS,8146,789,1,40920,40921,40131,40132,40131
FCFS,5560,790,52,40921,40973,40131,40183,40131
FCFS,1535,791,42,40973,41015,40182,40224,40182
FCFS,7627,792,94,41015,41109,40223,40317,40223
FCFS,990,793,52,41109,41161,40316,40368,40316
FCFS,9891,793,6,41161,41167,40368,40374,40368
FCFS,9564,797,48,41167,41215,40370,40418,40370
FCFS,5568,798,48,41215,41263,40417,40465,40417
FCFS,9182,798,65,41263,41328,40465,40530,40465
FCFS,9628,799,96,41328,41424,40529,40625,40529
FCFS,8327,801,25,41424,41449,40623,40648,40623
FCFS,3862,802,24,41449,41473,40647,40671,40647
FCFS,1148,804,57,41473,41530,40669,40726,40669
FCFS,6913,804,14,41530,41544,40726,40740,40726
FCFS,8082,804,49,41544,41593,40740,40789,40740
FCFS,1362,806,65,41593,41658,40787,40852,40787
FCFS,4693,807,62,41658,41720,40851,40913,40851
FCFS,4754,808,72,41720,41792,40912,40984,40912
FCFS,7088,808,74,41792,41866,40984,41058,40984
FCFS,7809,809,15,41866,41881,41057,41072,41057
FCFS,7113,810,17,41881,41898,41071,41088,41071
FCFS,5361,813,87,41898,41985,41085,41172,41085
FCFS,994,814,82,41985,42067,41171,41253,41171
FCFS,9813,815,91,42067,42158,41252,41343,41252
FCFS,6103,815,9,42158,42167,41343,41352,41343
FCFS,3749,816,42,42167,42209,41351,41393,41351
FCFS,3952,816,79,42209,42288,41393,41472,41393
FCFS,7327,818,80,42288,42368,41470,41550,41470
FCFS,8279,818,15,42368,42383,41550,41565,41550
FCFS,6755,821,61,42383,42444,41562,41623,41562
FCFS,1127,822,89,42444,42533,41622,41711,41622
FCFS,601,823,15,42533,42548,41710,41725,41710
FCFS,7735,823,98,42548,42646,41725,41823,41725
FCFS,3522,824,96,42646,42742,41822,41918,41822
FCFS,1375,824,26,42742,42768,41918,41944,41918
FCFS,482,825,16,42768,42784,41943,41959,41943
FCFS,1002,827,50,42784,42834,41957,42007,41957
FCFS,397,830,8,42834,42842,42004,42012,42004
FCFS,2383,830,51,42842,42893,42012,42063,42012
FCFS,1106,832,76,42893,42969,42061,42137,42061
FCFS,8242,832,25,42969,42994,42137,42162,42137
FCFS,9510,832,39,42994,43033,42162,42201,42162
FCFS,7611,834,43,43033,43076,42199,42242,42199
FCFS,6391,835,90,43076,43166,42241,42331,42241
FCFS,7914,837,72,43166,43238,42329,42401,42329
FCFS,6873,838,37,43238,43275,42400,42437,42400
FCFS,9032,840,72,43275,43347,42435,42507,42435
FCFS,4336,844,18,43347,43365,42503,42521,42503
FCFS,2089,845,81,43365,43446,42520,42601,42520
FCFS,6673,845,97,43446,43543,42601,42698,42601
FCFS,873,846,21,43543,43564,42697,42718,42697
FCFS,6875,847,92,43564,43656,42717,42809,42717
FCFS,6516,848,57,43656,43713,42808,42865,42808
FCFS,9400,849,83,43713,43796,42864,42947,42864
FCFS,453,851,73,43796,43869,42945,43018,42945
FCFS,364,853,9,43869,43878,43016,43025,43016
FCFS,182,854,95,43878,43973,43024,43119,43024
FCFS,2807,855,87,43973,44060,43118,43205,43118
FCFS,5099,857,79,44060,44139,43203,43282,43203
FCFS,4073,857,40,44139,44179,43282,43322,43282
FCFS,7410,858,89,44179,44268,43321,43410,43321
FCFS,3774,859,65,44268,44333,43409,43474,43409
FCFS,2,860,95,44333,44428,43473,43568,43473
FCFS,5241,861,58,44428,44486,43567,43625,43567
FCFS,4281,861,49,44486,44535,43625,43674,43625
FCFS,128,863,13,44535,44548,43672,43685,43672
FCFS,9125,864,54,44548,44602,43684,43738,43684
FCFS,5037,864,62,44602,44664,43738,43800,43738
FCFS,8150,864,2,44664,44666,43800,43802,43800
FCFS,8751,865,34,44666,44700,43801,43835,43801
FCFS,6149,865,91,44700,44791,43835,43926,43835
FCFS,2377,867,47,44791,44838,43924,43971,43924
FCFS,6438,867,27,44838,44865,43971,43998,43971
FCFS,8452,869,16,44865,44881,43996,44012,43996
FCFS,3808,869,90,44881,44971,44012,44102,44012
FCFS,7309,870,31,44971,45002,44101,44132,44101
FCFS,8795,870,55,45002,45057,44132,44187,44132
FCFS,4426,870,23,45057,45080,44187,44210,44187
FCFS,8204,873,44,45080,45124,44207,44251,44207
FCFS,2459,874,76,45124,45200,44250,44326,44250
FCFS,383,876,18,45200,45218,44324,44342,44324
FCFS,845,876,10,45218,45228,44342,44352,44342
FCFS,7931,877,32,45228,45260,44351,44383,44351
FCFS,6321,877,89,45260,45349,44383,44472,44383
FCFS,77,878,10,45349,45359,44471,44481,44471
FCFS,8963,879,59,45359,45418,44480,44539,44480
FCFS,6459,880,5,45418,45423,44538,44543,44538
FCFS,3404,882,35,45423,45458,44541,44576,44541
FCFS,6134,882,85,45458,45543,44576,44661,44576
FCFS,3647,882,38,45543,45581,44661,44699,44661
FCFS,3024,882,70,45581,45651,44699,44769,44699
FCFS,7104,885,35,45651,45686,44766,44801,44766
FCFS,8809,886,32,45686,45718,44800,44832,44800
FCFS,4920,886,95,45718,45813,44832,44927,44832
FCFS,4421,886,29,45813,45842,44927,44956,44927
FCFS,3670,887,21,45842,45863,44955,44976,44955
FCFS,5963,888,28,45863,45891,44975,45003,44975
FCFS,7941,889,50,45891,45941,45002,45052,45002
FCFS,8322,889,64,45941,46005,45052,45116,45052
FCFS,7889,889,17,46005,46022,45116,45133,45116
FCFS,9622,889,99,46022,46121,45133,45232,45133
FCFS,4604,890,42,46121,46163,45231,45273,45231
FCFS,1783,891,56,46163,46219,45272,45328,45272
FCFS,8483,892,8,46219,46227,45327,45335,45327
FCFS,9195,892,5,46227,46232,45335,45340,45335
FCFS,1395,892,87,46232,46319,45340,45427,45340
FCFS,5584,893,6,46319,46325,45426,45432,45426
FCFS,1637,894,40,46325,46365,45431,45471,45431
FCFS,4618,896,87,46365,46452,45469,45556,45469
FCFS,4017,897,85,46452,46537,45555,45640,45555
FCFS,9200,897,40,46537,46577,45640,45680,45640
FCFS,1634,899,35,46577,46612,45678,45713,45678
FCFS,9716,901,12,46612,46624,45711,45723,45711
FCFS,5882,901,93,46624,46717,45723,45816,45723
FCFS,5470,901,16,46717,46733,45816,45832,45816
FCFS,5244,904,50,46733,46783,45829,45879,45829
FCFS,9006,904,74,46783,46857,45879,45953,45879
FCFS,2446,905,68,46857,46925,45952,46020,45952
FCFS,8828,906,57,46925,46982,46019,46076,46019
FCFS,8639,909,37,46982,47019,46073,46110,46073
FCFS,2947,910,47,47019,47066,46109,46156,46109
FCFS,4402,910,63,47066,47129,46156,46219,46156
FCFS,5980,912,62,47129,47191,46217,46279,46217
FCFS,2917,913,84,47191,47275,46278,46362,46278
FCFS,5616,913,9,47275,47284,46362,46371,46362
FCFS,9173,916,81,47284,47365,46368,46449,46368
FCFS,1604,917,12,47365,47377,46448,46460,46448
FCFS,4187,917,92,47377,47469,46460,46552,46460
FCFS,5781,918,33,47469,47502,46551,46584,46551
FCFS,805,918,28,47502,47530,46584,46612,46584
FCFS,6561,919,88,47530,47618,46611,46699,46611
FCFS,5195,919,43,47618,47661,46699,46742,46699
FCFS,4137,919,16,47661,47677,46742,46758,46742
FCFS,5156,920,99,47677,47776,46757,46856,46757
FCFS,1338,920,42,47776,47818,46856,46898,46856
FCFS,7331,920,89,47818,47907,46898,46987,46898
FCFS,1317,920,83,47907,47990,46987,47070,46987
FCFS,9815,922,69,47990,48059,47068,47137,47068
FCFS,965,922,73,48059,48132,47137,47210,47137
FCFS,6769,922,50,48132,48182,47210,47260,47210
FCFS,4083,922,90,48182,48272,47260,47350,47260
FCFS,2593,923,51,48272,48323,47349,47400,47349
FCFS,5105,923,87,48323,48410,47400,47487,47400
FCFS,5297,924,14,48410,48424,47486,47500,47486
FCFS,5976,924,77,48424,48501,47500,47577,47500
FCFS,648,924,84,48501,48585,47577,47661,47577
FCFS,4916,926,8,48585,48593,47659,47667,47659
FCFS,602,928,46,48593,48639,47665,47711,47665
FCFS,9159,929,55,48639,48694,47710,47765,47710
FCFS,3411,929,28,48694,48722,47765,47793,47765
FCFS,2924,929,34,48722,48756,47793,47827,47793
FCFS,4877,931,87,48756,48843,47825,47912,47825
FCFS,1530,933,62,48843,48905,47910,47972,47910
FCFS,2709,933,78,48905,48983,47972,48050,47972
FCFS,2845,935,27,48983,49010,48048,48075,48048
FCFS,5045,935,24,49010,49034,48075,48099,48075
FCFS,1377,936,94,49034,49128,48098,48192,48098
FCFS,7474,938,65,49128,49193,48190,48255,48190
FCFS,8526,939,88,49193,49281,48254,48342,48254
FCFS,7313,940,57,49281,49338,48341,48398,48341
FCFS,8523,941,49,49338,49387,48397,48446,48397
FCFS,5118,941,97,49387,49484,48446,48543,48446
FCFS,6238,942,77,49484,49561,48542,48619,48542
FCFS,1128,943,15,49561,49576,48618,48633,48618
FCFS,7200,943,27,49576,49603,48633,48660,48633
FCFS,2975,946,78,49603,49681,48657,48735,48657
FCFS,8163,946,91,49681,49772,48735,48826,48735
FCFS,5168,946,57,49772,49829,48826,48883,48826
FCFS,7122,947,1,49829,49830,48882,48883,48882
FCFS,6901,947,60,49830,49890,48883,48943,48883
FCFS,2661,948,39,49890,49929,48942,48981,48942
FCFS,969,950,63,49929,49992,48979,49042,48979
FCFS,1078,951,9,49992,50001,49041,49050,49041
FCFS,9298,952,83,50001,50084,49049,49132,49049
FCFS,553,953,20,50084,50104,49131,49151,49131
FCFS,6662,954,66,50104,50170,49150,49216,49150
FCFS,4063,954,59,50170,50229,49216,49275,49216
FCFS,1409,954,47,50229,50276,49275,49322,49275
FCFS,1675,955,35,50276,50311,49321,49356,49321
FCFS,1748,956,80,50311,50391,49355,49435,49355
FCFS,1669,956,11,50391,50402,49435,49446,49435
FCFS,266,956,61,50402,50463,49446,49507,49446
FCFS,4122,956,26,50463,50489,49507,49533,49507
FCFS,8504,957,70,50489,50559,49532,49602,49532
FCFS,9841,958,49,50559,50608,49601,49650,49601
FCFS,1552,959,19,50608,50627,49649,49668,49649
FCFS,4705,961,24,50627,50651,49666,49690,49666
FCFS,2083,963,44,50651,50695,49688,49732,49688
FCFS,1880,963,12,50695,50707,49732,49744,49732
FCFS,7232,964,10,50707,50717,49743,49753,49743
FCFS,7940,966,74,50717,50791,49751,49825,49751
FCFS,8190,966,82,50791,50873,49825,49907,49825
FCFS,1062,966,25,50873,50898,49907,49932,49907
FCFS,7888,966,46,50898,50944,49932,49978,49932
FCFS,7722,968,97,50944,51041,49976,50073,49976
FCFS,8317,968,48,51041,51089,50073,50121,50073
FCFS,1751,968,69,51089,51158,50121,50190,50121
FCFS,4842,969,20,51158,51178,50189,50209,50189
FCFS,6815,969,69,51178,51247,50209,50278,50209
FCFS,6828,969,26,51247,51273,50278,50304,50278
FCFS,4763,972,29,51273,51302,50301,50330,50301
FCFS,3314,972,78,51302,51380,50330,50408,50330
FCFS,8676,973,64,51380,51444,50407,50471,50407
FCFS,4561,974,29,51444,51473,50470,50499,50470
FCFS,1412,974,34,51473,51507,50499,50533,50499
FCFS,7844,974,15,51507,51522,50533,50548,50533
FCFS,7872,975,9,51522,51531,50547,50556,50547
FCFS,4234,975,51,51531,51582,50556,50607,50556
FCFS,8923,976,54,51582,51636,50606,50660,50606
FCFS,316,980,38,51636,51674,50656,50694,50656
FCFS,5697,983,7,51674,51681,50691,50698,50691
FCFS,1543,984,5,51681,51686,50697,50702,50697
FCFS,999,984,83,51686,51769,50702,50785,50702
FCFS,4661,985,81,51769,51850,50784,50865,50784
FCFS,8823,986,58,51850,51908,50864,50922,50864
FCFS,1801,986,80,51908,51988,50922,51002,50922
FCFS,1944,987,6,51988,51994,51001,51007,51001
FCFS,2719,987,57,51994,52051,51007,51064,51007
FCFS,2826,987,94,52051,52145,51064,51158,51064
FCFS,6581,988,64,52145,52209,51157,51221,51157
FCFS,1523,988,74,52209,52283,51221,51295,51221
FCFS,2840,989,55,52283,52338,51294,51349,51294
FCFS,6304,989,94,52338,52432,51349,51443,51349
FCFS,4045,990,77,52432,52509,51442,51519,51442
FCFS,4140,991,7,52509,52516,51518,51525,51518
FCFS,3626,992,26,52516,52542,51524,51550,51524
FCFS,5949,992,5,52542,52547,51550,51555,51550
FCFS,7582,992,82,52547,52629,51555,51637,51555
FCFS,9218,992,74,52629,52703,51637,51711,51637
FCFS,9780,994,70,52703,52773,51709,51779,51709
FCFS,67,995,37,52773,52810,51778,51815,51778
FCFS,6001,996,14,52810,52824,51814,51828,51814
FCFS,6504,997,59,52824,52883,51827,51886,51827
FCFS,3633,999,97,52883,52980,51884,51981,51884
FCFS,1829,1000,90,52980,53070,51980,52070,51980
FCFS,4712,1001,30,53070,53100,52069,52099,52069
FCFS,5515,1001,93,53100,53193,52099,52192,52099
FCFS,4674,1003,11,53193,53204,52190,52201,52190
FCFS,9378,1004,45,53204,53249,52200,52245,52200
FCFS,1470,1007,69,53249,53318,52242,52311,52242
FCFS,6312,1007,65,53318,53383,52311,52376,52311
FCFS,6297,1008,73,53383,53456,52375,52448,52375
FCFS,4581,1008,96,53456,53552,52448,52544,52448
FCFS,7366,1009,5,53552,53557,52543,52548,52543
FCFS,4806,1012,59,53557,53616,52545,52604,52545
FCFS,2024,1012,69,53616,53685,52604,52673,52604
FCFS,7248,1013,58,53685,53743,52672,52730,52672
FCFS,2349,1013,30,53743,53773,52730,52760,52730
FCFS,7784,1014,62,53773,53835,52759,52821,52759
FCFS,3809,1014,8,53835,53843,52821,52829,52821
FCFS,4653,1015,44,53843,53887,52828,52872,52828
FCFS,4957,1015,94,53887,53981,52872,52966,52872
FCFS,663,1015,15,53981,53996,52966,52981,52966
FCFS,5322,1016,4,53996,54000,52980,52984,52980
FCFS,70,1016,90,54000,54090,52984,53074,52984
FCFS,6203,1016,21,54090,54111,53074,53095,53074
FCFS,6788,1017,55,54111,54166,53094,53149,53094
FCFS,2389,1019,33,54166,54199,53147,53180,53147
FCFS,8652,1019,42,54199,54241,53180,53222,53180
FCFS,59,1021,88,54241,54329,53220,53308,53220
FCFS,8993,1025,85,54329,54414,53304,53389,53304
FCFS,114,1028,96,54414,54510,53386,53482,53386
FCFS,3883,1029,93,54510,54603,53481,53574,53481
FCFS,5613,1030,23,54603,54626,53573,53596,53573
FCFS,7602,1030,77,54626,54703,53596,53673,53596
FCFS,7417,1030,28,54703,54731,53673,53701,53673
FCFS,6111,1032,25,54731,54756,53699,53724,53699
FCFS,4882,1032,40,54756,54796,53724,53764,53724
FCFS,5516,1033,37,54796,54833,53763,53800,53763
FCFS,4288,1036,55,54833,54888,53797,53852,53797
FCFS,6692,1036,84,54888,54972,53852,53936,53852
FCFS,2331,1037,42,54972,55014,53935,53977,53935
FCFS,9329,1040,69,55014,55083,53974,54043,53974
FCFS,1484,1040,59,55083,55142,54043,54102,54043
FCFS,7277,1040,18,55142,55160,54102,54120,54102
FCFS,6989,1044,95,55160,55255,54116,54211,54116
FCFS,283,1045,47,55255,55302,54210,54257,54210
FCFS,5720,1045,95,55302,55397,54257,54352,54257
FCFS,9071,1046,95,55397,55492,54351,54446,54351
FCFS,4785,1048,21,55492,55513,54444,54465,54444
FCFS,2078,1048,7,55513,55520,54465,54472,54465
FCFS,1549,1050,70,55520,55590,54470,54540,54470
FCFS,9443,1050,72,55590,55662,54540,54612,54540
FCFS,4488,1051,34,55662,55696,54611,54645,54611
FCFS,9245,1054,38,55696,55734,54642,54680,54642
FCFS,2927,1054,83,55734,55817,54680,54763,54680
FCFS,7785,1054,22,55817,55839,54763,54785,54763
FCFS,9863,1055,67,55839,55906,54784,54851,54784
FCFS,1756,1058,33,55906,55939,54848,54881,54848
FCFS,5484,1058,94,55939,56033,54881,54975,54881
FCFS,141,1059,28,56033,56061,54974,55002,54974
FCFS,306,1060,89,56061,56150,55001,55090,55001
FCFS,536,1062,22,56150,56172,55088,55110,55088
FCFS,820,1062,4,56172,56176,55110,55114,55110
FCFS,859,1063,60,56176,56236,55113,55173,55113
FCFS,935,1065,39,56236,56275,55171,55210,55171
FCFS,466,1066,45,56275,56320,55209,55254,55209
FCFS,5888,1067,3,56320,56323,55253,55256,55253
FCFS,7899,1067,87,56323,56410,55256,55343,55256
FCFS,8038,1069,58,56410,56468,55341,55399,55341
FCFS,304,1069,64,56468,56532,55399,55463,55399
FCFS,6572,1070,90,56532,56622,55462,55552,55462
FCFS,7553,1070,87,56622,56709,55552,55639,55552
FCFS,1923,1072,49,56709,56758,55637,55686,55637
FCFS,3354,1072,13,56758,56771,55686,55699,55686
FCFS,5449,1073,3,56771,56774,55698,55701,55698
FCFS,4684,1073,24,56774,56798,55701,55725,55701
FCFS,9064,1074,91,56798,56889,55724,55815,55724
FCFS,6812,1074,37,56889,56926,55815,55852,55815
FCFS,7806,1075,65,56926,56991,55851,55916,55851
FCFS,7061,1075,70,56991,57061,55916,55986,55916
FCFS,8010,1075,67,57061,57128,55986,56053,55986
FCFS,705,1077,62,57128,57190,56051,56113,56051
FCFS,8120,1079,17,57190,57207,56111,56128,56111
FCFS,9475,1079,51,57207,57258,56128,56179,56128
FCFS,5357,1079,30,57258,57288,56179,56209,56179
FCFS,8035,1079,9,57288,57297,56209,56218,56209
FCFS,2358,1080,4,57297,57301,56217,56221,56217
FCFS,6895,1081,18,57301,57319,56220,56238,56220
FCFS,409,1081,40,57319,57359,56238,56278,56238
FCFS,8855,1088,59,57359,57418,56271,56330,56271
FCFS,3090,1088,16,57418,57434,56330,56346,56330
FCFS,2639,1089,66,57434,57500,56345,56411,56345
FCFS,6719,1093,16,57500,57516,56407,56423,56407
FCFS,4100,1093,25,57516,57541,56423,56448,56423
FCFS,4843,1094,82,57541,57623,56447,56529,56447
FCFS,4263,1094,25,57623,57648,56529,56554,56529
FCFS,9472,1095,7,57648,57655,56553,56560,56553
FCFS,7185,1095,59,57655,57714,56560,56619,56560
FCFS,4526,1096,46,57714,57760,56618,56664,56618
FCFS,7398,1096,23,57760,57783,56664,56687,56664
FCFS,3111,1098,25,57783,57808,56685,56710,56685
FCFS,8372,1098,25,57808,57833,56710,56735,56710
FCFS,6946,1098,72,57833,57905,56735,56807,56735
FCFS,1515,1098,43,57905,57948,56807,56850,56807
FCFS,2627,1098,8,57948,57956,56850,56858,56850
FCFS,6567,1099,28,57956,57984,56857,56885,56857
FCFS,9422,1100,27,57984,58011,56884,56911,56884
FCFS,1950,1100,98,58011,58109,56911,57009,56911
FCFS,6638,1101,10,58109,58119,57008,57018,57008
FCFS,3328,1102,53,58119,58172,57017,57070,57017
FCFS,8047,1102,78,58172,58250,57070,57148,57070
FCFS,7956,1103,24,58250,58274,57147,57171,57147
FCFS,3571,1104,46,58274,58320,57170,57216,57170
FCFS,5872,1104,52,58320,58372,57216,57268,57216
FCFS,8224,1105,24,58372,58396,57267,57291,57267
FCFS,3471,1105,40,58396,58436,57291,57331,57291
FCFS,4771,1106,82,58436,58518,57330,57412,57330
FCFS,7290,1108,43,58518,58561,57410,57453,57410
FCFS,7510,1109,58,58561,58619,57452,57510,57452
FCFS,9895,1110,59,58619,58678,57509,57568,57509
FCFS,9650,1115,11,58678,58689,57563,57574,57563
FCFS,3383,1116,31,58689,58720,57573,57604,57573
FCFS,9903,1116,34,58720,58754,57604,57638,57604
FCFS,4430,1117,4,58754,58758,57637,57641,57637
FCFS,9790,1118,15,58758,58773,57640,57655,57640
FCFS,968,1120,44,58773,58817,57653,57697,57653
FCFS,496,1122,45,58817,58862,57695,57740,57695
FCFS,2342,1124,83,58862,58945,57738,57821,57738
FCFS,3225,1124,27,58945,58972,57821,57848,57821
FCFS,8281,1124,66,58972,59038,57848,57914,57848
FCFS,2594,1125,79,59038,59117,57913,57992,57913
FCFS,6799,1125,45,59117,59162,57992,58037,57992
FCFS,1964,1125,5,59162,59167,58037,58042,58037
FCFS,5762,1128,59,59167,59226,58039,58098,58039
FCFS,7095,1129,32,59226,59258,58097,58129,58097
FCFS,7027,1129,22,59258,59280,58129,58151,58129
FCFS,8284,1129,32,59280,59312,58151,58183,58151
FCFS,5576,1129,97,59312,59409,58183,58280,58183
FCFS,2885,1130,27,59409,59436,58279,58306,58279
FCFS,6261,1131,5,59436,59441,58305,58310,58305
FCFS,6980,1132,53,59441,59494,58309,58362,58309
FCFS,3488,1132,91,59494,59585,58362,58453,58362
FCFS,5833,1133,87,59585,59672,58452,58539,58452
FCFS,3781,1134,95,59672,59767,58538,58633,58538
FCFS,4413,1134,20,59767,59787,58633,58653,58633
FCFS,4198,1135,80,59787,59867,58652,58732,58652
FCFS,1466,1136,24,59867,59891,58731,58755,58731
FCFS,2385,1136,68,59891,59959,58755,58823,58755
FCFS,3067,1137,13,59959,59972,58822,58835,58822
FCFS,2670,1138,18,59972,59990,58834,58852,58834
FCFS,5548,1140,29,59990,60019,58850,58879,58850
FCFS,3011,1140,34,60019,60053,58879,58913,58879
FCFS,5371,1141,46,60053,60099,58912,58958,58912
FCFS,4205,1141,85,60099,60184,58958,59043,58958
FCFS,2902,1141,46,60184,60230,59043,59089,59043
FCFS,9767,1145,91,60230,60321,59085,59176,59085
FCFS,9276,1146,80,60321,60401,59175,59255,59175
FCFS,368,1148,24,60401,60425,59253,59277,59253
FCFS,404,1150,14,60425,60439,59275,59289,59275
FCFS,3608,1151,22,60439,60461,59288,59310,59288
FCFS,248,1154,89,60461,60550,59307,59396,59307
FCFS,8407,1155,78,60550,60628,59395,59473,59395
FCFS,8538,1156,68,60628,60696,59472,59540,59472
FCFS,9286,1159,41,60696,60737,59537,59578,59537
FCFS,2793,1159,75,60737,60812,59578,59653,59578
FCFS,7813,1159,67,60812,60879,59653,59720,59653
FCFS,9465,1160,71,60879,60950,59719,59790,59719
FCFS,4906,1161,35,60950,60985,59789,59824,59789
FCFS,6674,1164,15,60985,61000,59821,59836,59821
FCFS,7081,1164,31,61000,61031,59836,59867,59836
FCFS,7516,1164,74,61031,61105,59867,59941,59867
FCFS,1344,1165,62,61105,61167,59940,60002,59940
FCFS,5600,1167,69,61167,61236,60000,60069,60000
FCFS,535,1167,60,61236,61296,60069,60129,60069
FCFS,6464,1168,8,61296,61304,60128,60136,60128
FCFS,2382,1169,3,61304,61307,60135,60138,60135
FCFS,4896,1170,98,61307,61405,60137,60235,60137
FCFS,2466,1171,68,61405,61473,60234,60302,60234
FCFS,6116,1172,90,61473,61563,60301,60391,60301
FCFS,6389,1173,86,61563,61649,60390,60476,60390
FCFS,7515,1174,20,61649,61669,60475,60495,60475
FCFS,5562,1174,40,61669,61709,60495,60535,60495
FCFS,7382,1176,99,61709,61808,60533,60632,60533
FCFS,1858,1177,38,61808,61846,60631,60669,60631
FCFS,2110,1179,44,61846,61890,60667,60711,60667
FCFS,8691,1181,51,61890,61941,60709,60760,60709
FCFS,5432,1181,36,61941,61977,60760,60796,60760
FCFS,3795,1184,92,61977,62069,60793,60885,60793
FCFS,319,1184,81,62069,62150,60885,60966,60885
FCFS,18,1184,18,62150,62168,60966,60984,60966
FCFS,5250,1184,6,62168,62174,60984,60990,60984
FCFS,9169,1184,79,62174,62253,60990,61069,60990
FCFS,2765,1185,51,62253,62304,61068,61119,61068
FCFS,4535,1186,23,62304,62327,61118,61141,61118
FCFS,8733,1186,33,62327,62360,61141,61174,61141
FCFS,9594,1189,36,62360,62396,61171,61207,61171
FCFS,6732,1189,34,62396,62430,61207,61241,61207
FCFS,8988,1189,33,62430,62463,61241,61274,61241
FCFS,5410,1191,79,62463,62542,61272,61351,61272
FCFS,5524,1191,74,62542,62616,61351,61425,61351
FCFS,558,1191,76,62616,62692,61425,61501,61425
FCFS,5176,1192,33,62692,62725,61500,61533,61500
FCFS,8926,1193,99,62725,62824,61532,61631,61532
FCFS,8629,1195,58,62824,62882,61629,61687,61629
FCFS,3444,1196,44,62882,62926,61686,61730,61686
FCFS,7242,1196,86,62926,63012,61730,61816,61730
FCFS,9557,1198,53,63012,63065,61814,61867,61814
FCFS,1794,1198,16,63065,63081,61867,61883,61867
FCFS,3877,1200,86,63081,63167,61881,61967,61881
FCFS,956,1202,54,63167,63221,61965,62019,61965
FCFS,9875,1203,64,63221,63285,62018,62082,62018
FCFS,5918,1203,63,63285,63348,62082,62145,62082
FCFS,6332,1204,68,63348,63416,62144,62212,62144
FCFS,4116,1205,18,63416,63434,62211,62229,62211
FCFS,1052,1205,62,63434,63496,62229,62291,62229
FCFS,3021,1207,66,63496,63562,62289,62355,62289
FCFS,8080,1209,2,63562,63564,62353,62355,62353
FCFS,7215,1209,54,63564,63618,62355,62409,62355
FCFS,6818,1211,88,63618,63706,62407,62495,62407
FCFS,9462,1211,10,63706,63716,62495,62505,62495
FCFS,5184,1211,36,63716,63752,62505,62541,62505
FCFS,9482,1212,71,63752,63823,62540,62611,62540
FCFS,6029,1212,43,63823,63866,62611,62654,62611
FCFS,598,1214,38,63866,63904,62652,62690,62652
FCFS,7633,1214,90,63904,63994,62690,62780,62690
FCFS,4758,1216,32,63994,64026,62778,62810,62778
FCFS,276,1218,44,64026,64070,62808,62852,62808
FCFS,1403,1218,92,64070,64162,62852,62944,62852
FCFS,7604,1220,24,64162,64186,62942,62966,62942
FCFS,7436,1221,77,64186,64263,62965,63042,62965
FCFS,7676,1222,51,64263,64314,63041,63092,63041
FCFS,6334,1223,46,64314,64360,63091,63137,63091
FCFS,8237,1224,31,64360,64391,63136,63167,63136
FCFS,3078,1227,21,64391,64412,63164,63185,63164
FCFS,3168,1228,49,64412,64461,63184,63233,63184
FCFS,1761,1229,27,64461,64488,63232,63259,63232
FCFS,5832,1230,12,64488,64500,63258,63270,63258
FCFS,4088,1230,10,64500,64510,63270,63280,63270
FCFS,4250,1230,4,64510,64514,63280,63284,63280
FCFS,7825,1231,55,64514,64569,63283,63338,63283
FCFS,5334,1231,27,64569,64596,63338,63365,63338
FCFS,8156,1231,13,64596,64609,63365,63378,63365
FCFS,8613,1232,47,64609,64656,63377,63424,63377
FCFS,9532,1234,80,64656,64736,63422,63502,63422
FCFS,4340,1234,66,64736,64802,63502,63568,63502
FCFS,6916,1235,27,64802,64829,63567,63594,63567
FCFS,3134,1238,35,64829,64864,63591,63626,63591
FCFS,7257,1238,67,64864,64931,63626,63693,63626
FCFS,1767,1239,66,64931,64997,63692,63758,63692
FCFS,1236,1240,5,64997,65002,63757,63762,63757
FCFS,1963,1241,34,65002,65036,63761,63795,63761
FCFS,9178,1241,83,65036,65119,63795,63878,63795
FCFS,7697,1242,71,65119,65190,63877,63948,63877
FCFS,5122,1243,89,65190,65279,63947,64036,63947
FCFS,8632,1244,48,65279,65327,64035,64083,64035
FCFS,8708,1245,7,65327,65334,64082,64089,64082
FCFS,2227,1246,13,65334,65347,64088,64101,64088
FCFS,948,1248,85,65347,65432,64099,64184,64099
FCFS,5478,1248,29,65432,65461,64184,64213,64184
FCFS,1940,1249,3,65461,65464,64212,64215,64212
FCFS,10000,1249,80,65464,65544,64215,64295,64215
FCFS,4498,1251,25,65544,65569,64293,64318,64293
FCFS,1242,1252,73,65569,65642,64317,64390,64317
FCFS,714,1252,1,65642,65643,64390,64391,64390
FCFS,4351,1252,74,65643,65717,64391,64465,64391
FCFS,614,1256,80,65717,65797,64461,64541,64461
FCFS,2270,1256,68,65797,65865,64541,64609,64541
FCFS,4245,1257,79,65865,65944,64608,64687,64608
FCFS,4143,1258,85,65944,66029,64686,64771,64686
FCFS,8434,1259,10,66029,66039,64770,64780,64770
FCFS,7662,1259,67,66039,66106,64780,64847,64780
FCFS,4592,1260,73,66106,66179,64846,64919,64846
FCFS,4963,1260,79,66179,66258,64919,64998,64919
FCFS,4237,1262,33,66258,66291,64996,65029,64996
FCFS,9817,1264,89,66291,66380,65027,65116,65027
FCFS,1482,1265,44,66380,66424,65115,65159,65115
FCFS,1645,1266,56,66424,66480,65158,65214,65158
FCFS,36,1267,10,66480,66490,65213,65223,65213
FCFS,5038,1268,26,66490,66516,65222,65248,65222
FCFS,5245,1269,25,66516,66541,65247,65272,65247
FCFS,4962,1269,3,66541,66544,65272,65275,65272
FCFS,6175,1269,97,66544,66641,65275,65372,65275
FCFS,3740,1271,44,66641,66685,65370,65414,65370
FCFS,4524,1273,13,66685,66698,65412,65425,65412
FCFS,1747,1274,21,66698,66719,65424,65445,65424
FCFS,791,1276,10,66719,66729,65443,65453,65443
FCFS,1149,1279,2,66729,66731,65450,65452,65450
FCFS,2592,1283,80,66731,66811,65448,65528,65448
FCFS,2391,1283,52,66811,66863,65528,65580,65528
FCFS,5191,1283,54,66863,66917,65580,65634,65580
FCFS,9387,1284,78,66917,66995,65633,65711,65633
FCFS,9919,1285,64,66995,67059,65710,65774,65710
FCFS,1894,1286,7,67059,67066,65773,65780,65773
FCFS,9789,1287,37,67066,67103,65779,65816,65779
FCFS,4299,1289,92,67103,67195,65814,65906,65814
FCFS,1399,1290,53,67195,67248,65905,65958,65905
FCFS,174,1291,29,67248,67277,65957,65986,65957
FCFS,9497,1292,98,67277,67375,65985,66083,65985
FCFS,3618,1293,88,67375,67463,66082,66170,66082
FCFS,8421,1293,62,67463,67525,66170,66232,66170
FCFS,6938,1294,36,67525,67561,66231,66267,66231
FCFS,822,1296,86,67561,67647,66265,66351,66265
FCFS,3407,1296,78,67647,67725,66351,66429,66351
FCFS,9004,1298,32,67725,67757,66427,66459,66427
FCFS,6075,1299,86,67757,67843,66458,66544,66458
FCFS,1913,1300,83,67843,67926,66543,66626,66543
FCFS,5835,1301,61,67926,67987,66625,66686,66625
FCFS,1168,1301,95,67987,68082,66686,66781,66686
FCFS,5213,1301,82,68082,68164,66781,66863,66781
FCFS,1165,1304,56,68164,68220,66860,66916,66860
FCFS,3725,1306,14,68220,68234,66914,66928,66914
FCFS,155,1306,56,68234,68290,66928,66984,66928
FCFS,8635,1306,85,68290,68375,66984,67069,66984
FCFS,3005,1307,20,68375,68395,67068,67088,67068
FCFS,8169,1308,46,68395,68441,67087,67133,67087
FCFS,1137,1308,56,68441,68497,67133,67189,67133
FCFS,6993,1308,67,68497,68564,67189,67256,67189
FCFS,8149,1309,37,68564,68601,67255,67292,67255
FCFS,4883,1311,27,68601,68628,67290,67317,67290
FCFS,5401,1312,88,68628,68716,67316,67404,67316
FCFS,1433,1312,65,68716,68781,67404,67469,67404
FCFS,8509,1312,60,68781,68841,67469,67529,67469
FCFS,7551,1313,64,68841,68905,67528,67592,67528
FCFS,1925,1316,94,68905,68999,67589,67683,67589
FCFS,9763,1316,73,68999,69072,67683,67756,67683
FCFS,3224,1316,37,69072,69109,67756,67793,67756
FCFS,7241,1316,58,69109,69167,67793,67851,67793
FCFS,5830,1317,48,69167,69215,67850,67898,67850
FCFS,4204,1319,69,69215,69284,67896,67965,67896
FCFS,6943,1322,73,69284,69357,67962,68035,67962
FCFS,573,1324,15,69357,69372,68033,68048,68033
FCFS,2790,1325,61,69372,69433,68047,68108,68047
FCFS,7693,1325,23,69433,69456,68108,68131,68108
FCFS,7686,1325,48,69456,69504,68131,68179,68131
FCFS,9450,1329,71,69504,69575,68175,68246,68175
FCFS,9544,1331,18,69575,69593,68244,68262,68244
FCFS,726,1331,60,69593,69653,68262,68322,68262
FCFS,1213,1333,45,69653,69698,68320,68365,68320
FCFS,6421,1334,90,69698,69788,68364,68454,68364
FCFS,5644,1335,94,69788,69882,68453,68547,68453
FCFS,3794,1337,37,69882,69919,68545,68582,68545
FCFS,4165,1338,14,69919,69933,68581,68595,68581
FCFS,5678,1340,55,69933,69988,68593,68648,68593
FCFS,9490,1340,81,69988,70069,68648,68729,68648
FCFS,7853,1341,73,70069,70142,68728,68801,68728
FCFS,1260,1341,33,70142,70175,68801,68834,68801
FCFS,901,1342,8,70175,70183,68833,68841,68833
FCFS,5354,1342,88,70183,70271,68841,68929,68841
FCFS,1956,1343,85,70271,70356,68928,69013,68928
FCFS,8642,1344,46,70356,70402,69012,69058,69012
FCFS,2736,1348,87,70402,70489,69054,69141,69054
FCFS,7993,1349,62,70489,70551,69140,69202,69140
FCFS,5293,1353,29,70551,70580,69198,69227,69198
FCFS,7096,1353,87,70580,70667,69227,69314,69227
FCFS,8074,1353,24,70667,70691,69314,69338,69314
FCFS,626,1353,57,70691,70748,69338,69395,69338
FCFS,2816,1356,17,70748,70765,69392,69409,69392
FCFS,6962,1356,42,70765,70807,69409,69451,69409
FCFS,7783,1356,38,70807,70845,69451,69489,69451
FCFS,5905,1357,59,70845,70904,69488,69547,69488
FCFS,8968,1359,13,70904,70917,69545,69558,69545
FCFS,9912,1359,87,70917,71004,69558,69645,69558
FCFS,9493,1361,1,71004,71005,69643,69644,69643
FCFS,3802,1361,18,71005,71023,69644,69662,69644
FCFS,3591,1363,58,71023,71081,69660,69718,69660
FCFS,8041,1363,19,71081,71100,69718,69737,69718
FCFS,5974,1364,69,71100,71169,69736,69805,69736
FCFS,3767,1364,30,71169,71199,69805,69835,69805
FCFS,513,1365,93,71199,71292,69834,69927,69834
FCFS,567,1365,91,71292,71383,69927,70018,69927
FCFS,5412,1366,2,71383,71385,70017,70019,70017
FCFS,1834,1367,1,71385,71386,70018,70019,70018
FCFS,5060,1367,6,71386,71392,70019,70025,70019
FCFS,4927,1371,16,71392,71408,70021,70037,70021
FCFS,9699,1374,90,71408,71498,70034,70124,70034
FCFS,5431,1375,51,71498,71549,70123,70174,70123
FCFS,2294,1376,40,71549,71589,70173,70213,70173
FCFS,9888,1377,7,71589,71596,70212,70219,70212
FCFS,2677,1377,77,71596,71673,70219,70296,70219
FCFS,3231,1378,24,71673,71697,70295,70319,70295
FCFS,5477,1378,87,71697,71784,70319,70406,70319
FCFS,8592,1379,49,71784,71833,70405,70454,70405
FCFS,3526,1380,8,71833,71841,70453,70461,70453
FCFS,1398,1380,15,71841,71856,70461,70476,70461
FCFS,3110,1381,86,71856,71942,70475,70561,70475
FCFS,6452,1381,16,71942,71958,70561,70577,70561
FCFS,2119,1382,29,71958,71987,70576,70605,70576
FCFS,4958,1384,58,71987,72045,70603,70661,70603
FCFS,9831,1384,25,72045,72070,70661,70686,70661
FCFS,8225,1386,17,72070,72087,70684,70701,70684
FCFS,7564,1386,52,72087,72139,70701,70753,70701
FCFS,1200,1386,8,72139,72147,70753,70761,70753
FCFS,1153,1387,50,72147,72197,70760,70810,70760
FCFS,7600,1387,26,72197,72223,70810,70836,70810
FCFS,6324,1388,12,72223,72235,70835,70847,70835
FCFS,9417,1388,22,72235,72257,70847,70869,70847
FCFS,1831,1388,43,72257,72300,70869,70912,70869
FCFS,1577,1389,8,72300,72308,70911,70919,70911
FCFS,9998,1389,13,72308,72321,70919,70932,70919
FCFS,1373,1389,67,72321,72388,70932,70999,70932
FCFS,1743,1390,13,72388,72401,70998,71011,70998
FCFS,5585,1390,66,72401,72467,71011,71077,71011
FCFS,9620,1391,47,72467,72514,71076,71123,71076
FCFS,5677,1391,87,72514,72601,71123,71210,71123
FCFS,7178,1392,21,72601,72622,71209,71230,71209
FCFS,1684,1394,21,72622,72643,71228,71249,71228
FCFS,7793,1394,49,72643,72692,71249,71298,71249
FCFS,7304,1400,21,72692,72713,71292,71313,71292
FCFS,3290,1401,11,72713,72724,71312,71323,71312
FCFS,8653,1403,45,72724,72769,71321,71366,71321
FCFS,2120,1403,35,72769,72804,71366,71401,71366
FCFS,4847,1404,86,72804,72890,71400,71486,71400
FCFS,9177,1406,20,72890,72910,71484,71504,71484
FCFS,6494,1407,39,72910,72949,71503,71542,71503
FCFS,1144,1409,87,72949,73036,71540,71627,71540
FCFS,337,1409,27,73036,73063,71627,71654,71627
FCFS,4982,1409,84,73063,73147,71654,71738,71654
FCFS,8622,1409,64,73147,73211,71738,71802,71738
FCFS,9132,1410,23,73211,73234,71801,71824,71801
FCFS,6107,1410,82,73234,73316,71824,71906,71824
FCFS,6497,1410,77,73316,73393,71906,71983,71906
FCFS,5667,1412,77,73393,73470,71981,72058,71981
FCFS,7267,1416,73,73470,73543,72054,72127,72054
FCFS,9784,1417,34,73543,73577,72126,72160,72126
FCFS,9535,1420,72,73577,73649,72157,72229,72157
FCFS,9931,1421,60,73649,73709,72228,72288,72228
FCFS,3497,1422,93,73709,73802,72287,72380,72287
FCFS,7535,1422,19,73802,73821,72380,72399,72380
FCFS,8626,1423,91,73821,73912,72398,72489,72398
FCFS,3662,1424,85,73912,73997,72488,72573,72488
FCFS,8231,1425,89,73997,74086,72572,72661,72572
FCFS,6587,1425,34,74086,74120,72661,72695,72661
FCFS,9733,1426,63,74120,74183,72694,72757,72694
FCFS,8654,1426,68,74183,74251,72757,72825,72757
FCFS,2320,1428,67,74251,74318,72823,72890,72823
FCFS,7269,1428,15,74318,74333,72890,72905,72890
FCFS,2881,1431,76,74333,74409,72902,72978,72902
FCFS,2435,1431,62,74409,74471,72978,73040,72978
FCFS,9973,1434,30,74471,74501,73037,73067,73037
FCFS,1474,1435,12,74501,74513,73066,73078,73066
FCFS,5203,1436,36,74513,74549,73077,73113,73077
FCFS,9958,1437,57,74549,74606,73112,73169,73112
FCFS,7343,1438,62,74606,74668,73168,73230,73168
FCFS,8180,1439,97,74668,74765,73229,73326,73229
FCFS,2977,1439,18,74765,74783,73326,73344,73326
FCFS,1847,1440,73,74783,74856,73343,73416,73343
FCFS,9021,1440,18,74856,74874,73416,73434,73416
FCFS,2044,1442,24,74874,74898,73432,73456,73432
FCFS,2919,1442,5,74898,74903,73456,73461,73456
FCFS,4363,1445,28,74903,74931,73458,73486,73458
FCFS,9119,1446,34,74931,74965,73485,73519,73485
FCFS,7420,1447,59,74965,75024,73518,73577,73518
FCFS,4737,1447,48,75024,75072,73577,73625,73577
FCFS,2749,1447,32,75072,75104,73625,73657,73625
FCFS,4300,1447,36,75104,75140,73657,73693,73657
FCFS,4183,1448,89,75140,75229,73692,73781,73692
FCFS,5740,1449,13,75229,75242,73780,73793,73780
FCFS,2413,1449,71,75242,75313,73793,73864,73793
FCFS,4626,1449,96,75313,75409,73864,73960,73864
FCFS,2470,1449,62,75409,75471,73960,74022,73960
FCFS,2784,1455,66,75471,75537,74016,74082,74016
FCFS,2710,1460,22,75537,75559,74077,74099,74077
FCFS,848,1460,97,75559,75656,74099,74196,74099
FCFS,682,1460,26,75656,75682,74196,74222,74196
FCFS,7265,1460,15,75682,75697,74222,74237,74222
FCFS,9777,1461,35,75697,75732,74236,74271,74236
FCFS,9285,1461,91,75732,75823,74271,74362,74271
FCFS,3262,1461,58,75823,75881,74362,74420,74362
FCFS,5621,1462,33,75881,75914,74419,74452,74419
FCFS,5503,1462,99,75914,76013,74452,74551,74452
FCFS,9727,1463,83,76013,76096,74550,74633,74550
FCFS,5177,1464,18,76096,76114,74632,74650,74632
FCFS,5941,1465,87,76114,76201,74649,74736,74649
FCFS,8268,1465,63,76201,76264,74736,74799,74736
FCFS,1299,1466,96,76264,76360,74798,74894,74798
FCFS,5124,1466,9,76360,76369,74894,74903,74894
FCFS,6454,1467,5,76369,76374,74902,74907,74902
FCFS,7086,1468,17,76374,76391,74906,74923,74906
FCFS,8491,1469,47,76391,76438,74922,74969,74922
FCFS,7731,1469,71,76438,76509,74969,75040,74969
FCFS,9405,1472,81,76509,76590,75037,75118,75037
FCFS,5270,1473,95,76590,76685,75117,75212,75117
FCFS,9479,1473,22,76685,76707,75212,75234,75212
FCFS,2894,1474,84,76707,76791,75233,75317,75233
FCFS,4125,1474,41,76791,76832,75317,75358,75317
FCFS,3630,1476,73,76832,76905,75356,75429,75356
FCFS,2759,1478,34,76905,76939,75427,75461,75427
FCFS,5220,1478,81,76939,77020,75461,75542,75461
FCFS,6068,1480,3,77020,77023,75540,75543,75540
FCFS,3640,1481,45,77023,77068,75542,75587,75542
FCFS,1100,1481,28,77068,77096,75587,75615,75587
FCFS,126,1484,24,77096,77120,75612,75636,75612
FCFS,6984,1487,18,77120,77138,75633,75651,75633
FCFS,8236,1490,77,77138,77215,75648,75725,75648
FCFS,5583,1490,47,77215,77262,75725,75772,75725
FCFS,2734,1492,23,77262,77285,75770,75793,75770
FCFS,9712,1494,92,77285,77377,75791,75883,75791
FCFS,9194,1495,97,77377,77474,75882,75979,75882
FCFS,168,1495,48,77474,77522,75979,76027,75979
FCFS,3130,1497,17,77522,77539,76025,76042,76025
FCFS,5093,1499,88,77539,77627,76040,76128,76040
FCFS,7749,1500,6,77627,77633,76127,76133,76127
FCFS,1291,1500,76,77633,77709,76133,76209,76133
FCFS,9434,1501,39,77709,77748,76208,76247,76208
FCFS,9130,1502,38,77748,77786,76246,76284,76246
FCFS,6583,1502,12,77786,77798,76284,76296,76284
FCFS,6626,1502,38,77798,77836,76296,76334,76296
FCFS,4463,1504,52,77836,77888,76332,76384,76332
FCFS,4451,1504,22,77888,77910,76384,76406,76384
FCFS,4022,1505,19,77910,77929,76405,76424,76405
FCFS,5733,1505,62,77929,77991,76424,76486,76424
FCFS,8562,1506,28,77991,78019,76485,76513,76485
FCFS,6934,1507,20,78019,78039,76512,76532,76512
FCFS,8960,1509,16,78039,78055,76530,76546,76530
FCFS,5513,1514,66,78055,78121,76541,76607,76541
FCFS,5593,1515,80,78121,78201,76606,76686,76606
FCFS,4500,1517,21,78201,78222,76684,76705,76684
FCFS,2814,1517,54,78222,78276,76705,76759,76705
FCFS,2503,1517,37,78276,78313,76759,76796,76759
FCFS,3718,1518,79,78313,78392,76795,76874,76795
FCFS,3233,1519,98,78392,78490,76873,76971,76873
FCFS,1289,1521,16,78490,78506,76969,76985,76969
FCFS,9183,1523,24,78506,78530,76983,77007,76983
FCFS,3303,1524,22,78530,78552,77006,77028,77006
FCFS,7206,1524,17,78552,78569,77028,77045,77028
FCFS,1231,1524,37,78569,78606,77045,77082,77045
FCFS,1700,1525,87,78606,78693,77081,77168,77081
FCFS,9859,1525,86,78693,78779,77168,77254,77168
FCFS,3800,1526,36,78779,78815,77253,77289,77253
FCFS,37,1528,56,78815,78871,77287,77343,77287
FCFS,2595,1529,58,78871,78929,77342,77400,77342
FCFS,809,1531,13,78929,78942,77398,77411,77398
FCFS,599,1531,80,78942,79022,77411,77491,77411
FCFS,7815,1531,81,79022,79103,77491,77572,77491
FCFS,2704,1531,72,79103,79175,77572,77644,77572
FCFS,6084,1532,73,79175,79248,77643,77716,77643
FCFS,7015,1537,70,79248,79318,77711,77781,77711
FCFS,2505,1537,9,79318,79327,77781,77790,77781
FCFS,6055,1537,38,79327,79365,77790,77828,77790
FCFS,9543,1538,48,79365,79413,77827,77875,77827
FCFS,3594,1538,76,79413,79489,77875,77951,77875
FCFS,5186,1539,54,79489,79543,77950,78004,77950
FCFS,563,1540,71,79543,79614,78003,78074,78003
FCFS,7528,1541,53,79614,79667,78073,78126,78073
FCFS,556,1542,77,79667,79744,78125,78202,78125
FCFS,8541,1543,74,79744,79818,78201,78275,78201
FCFS,6571,1545,65,79818,79883,78273,78338,78273
FCFS,6158,1545,19,79883,79902,78338,78357,78338
FCFS,4261,1546,60,79902,79962,78356,78416,78356
FCFS,3266,1548,26,79962,79988,78414,78440,78414
FCFS,6695,1548,94,79988,80082,78440,78534,78440
FCFS,2133,1549,96,80082,80178,78533,78629,78533
FCFS,7367,1550,25,80178,80203,78628,78653,78628
FCFS,9688,1550,80,80203,80283,78653,78733,78653
FCFS,3797,1551,57,80283,80340,78732,78789,78732
FCFS,5737,1551,89,80340,80429,78789,78878,78789
FCFS,5985,1552,9,80429,80438,78877,78886,78877
FCFS,4805,1553,19,80438,80457,78885,78904,78885
FCFS,1147,1555,76,80457,80533,78902,78978,78902
FCFS,3148,1556,43,80533,80576,78977,79020,78977
FCFS,7951,1558,78,80576,80654,79018,79096,79018
FCFS,8845,1559,19,80654,80673,79095,79114,79095
FCFS,6932,1559,26,80673,80699,79114,79140,79114
FCFS,7080,1560,57,80699,80756,79139,79196,79139
FCFS,1644,1560,77,80756,80833,79196,79273,79196
FCFS,7192,1561,69,80833,80902,79272,79341,79272
FCFS,7276,1563,31,80902,80933,79339,79370,79339
FCFS,6886,1564,13,80933,80946,79369,79382,79369
FCFS,8166,1564,2,80946,80948,79382,79384,79382
FCFS,6229,1565,89,80948,81037,79383,79472,79383
FCFS,5761,1567,23,81037,81060,79470,79493,79470
FCFS,3607,1567,45,81060,81105,79493,79538,79493
FCFS,7778,1568,55,81105,81160,79537,79592,79537
FCFS,7700,1569,66,81160,81226,79591,79657,79591
FCFS,498,1571,9,81226,81235,79655,79664,79655
FCFS,9457,1573,93,81235,81328,79662,79755,79662
FCFS,4359,1574,36,81328,81364,79754,79790,79754
FCFS,6725,1574,26,81364,81390,79790,79816,79790
FCFS,5609,1577,5,81390,81395,79813,79818,79813
FCFS,2537,1577,94,81395,81489,79818,79912,79818
FCFS,8962,1578,77,81489,81566,79911,79988,79911
FCFS,5064,1581,97,81566,81663,79985,80082,79985
FCFS,649,1581,28,81663,81691,80082,80110,80082
FCFS,6992,1582,34,81691,81725,80109,80143,80109
FCFS,55,1585,88,81725,81813,80140,80228,80140
FCFS,8106,1587,91,81813,81904,80226,80317,80226
FCFS,4615,1587,56,81904,81960,80317,80373,80317
FCFS,3143,1588,21,81960,81981,80372,80393,80372
FCFS,3159,1589,69,81981,82050,80392,80461,80392
FCFS,9341,1589,89,82050,82139,80461,80550,80461
FCFS,5899,1590,69,82139,82208,80549,80618,80549
FCFS,1430,1591,96,82208,82304,80617,80713,80617
FCFS,8862,1597,1,82304,82305,80707,80708,80707
FCFS,6976,1600,64,82305,82369,80705,80769,80705
FCFS,6067,1601,12,82369,82381,80768,80780,80768
FCFS,6942,1603,69,82381,82450,80778,80847,80778
FCFS,908,1604,15,82450,82465,80846,80861,80846
FCFS,850,1605,37,82465,82502,80860,80897,80860
FCFS,5577,1605,71,82502,82573,80897,80968,80897
FCFS,1540,1607,75,82573,82648,80966,81041,80966
FCFS,4780,1609,92,82648,82740,81039,81131,81039
FCFS,8527,1610,29,82740,82769,81130,81159,81130
FCFS,8763,1613,38,82769,82807,81156,81194,81156
FCFS,8309,1616,26,82807,82833,81191,81217,81191
FCFS,2433,1619,63,82833,82896,81214,81277,81214
FCFS,899,1619,2,82896,82898,81277,81279,81277
FCFS,6996,1620,96,82898,82994,81278,81374,81278
FCFS,4791,1620,49,82994,83043,81374,81423,81374
FCFS,1181,1622,25,83043,83068,81421,81446,81421
FCFS,4603,1625,3,83068,83071,81443,81446,81443
FCFS,1041,1625,45,83071,83116,81446,81491,81446
FCFS,2989,1627,97,83116,83213,81489,81586,81489
FCFS,5460,1627,21,83213,83234,81586,81607,81586
FCFS,2863,1628,11,83234,83245,81606,81617,81606
FCFS,4064,1629,21,83245,83266,81616,81637,81616
FCFS,3798,1629,88,83266,83354,81637,81725,81637
FCFS,4356,1630,83,83354,83437,81724,81807,81724
FCFS,9152,1631,83,83437,83520,81806,81889,81806
FCFS,2502,1633,81,83520,83601,81887,81968,81887
FCFS,673,1633,59,83601,83660,81968,82027,81968
FCFS,4678,1635,19,83660,83679,82025,82044,82025
FCFS,2903,1635,90,83679,83769,82044,82134,82044
FCFS,178,1636,48,83769,83817,82133,82181,82133
FCFS,3428,1636,4,83817,83821,82181,82185,82181
FCFS,3853,1637,69,83821,83890,82184,82253,82184
FCFS,2116,1638,87,83890,83977,82252,82339,82252
FCFS,1239,1639,87,83977,84064,82338,82425,82338
FCFS,1400,1640,88,84064,84152,82424,82512,82424
FCFS,6120,1641,18,84152,84170,82511,82529,82511
FCFS,5081,1644,48,84170,84218,82526,82574,82526
FCFS,1021,1645,33,84218,84251,82573,82606,82573
FCFS,7093,1645,99,84251,84350,82606,82705,82606
FCFS,8586,1645,47,84350,84397,82705,82752,82705
FCFS,804,1646,81,84397,84478,82751,82832,82751
FCFS,1701,1646,93,84478,84571,82832,82925,82832
FCFS,8245,1646,82,84571,84653,82925,83007,82925
FCFS,3896,1647,7,84653,84660,83006,83013,83006
FCFS,4432,1647,85,84660,84745,83013,83098,83013
FCFS,253,1648,94,84745,84839,83097,83191,83097
FCFS,8558,1648,86,84839,84925,83191,83277,83191
FCFS,7478,1649,30,84925,84955,83276,83306,83276
FCFS,2384,1651,40,84955,84995,83304,83344,83304
FCFS,5134,1652,48,84995,85043,83343,83391,83343
FCFS,2297,1653,44,85043,85087,83390,83434,83390
FCFS,9498,1654,98,85087,85185,83433,83531,83433
FCFS,4728,1657,12,85185,85197,83528,83540,83528
FCFS,7638,1658,14,85197,85211,83539,83553,83539
FCFS,9924,1660,12,85211,85223,83551,83563,83551
FCFS,9976,1660,84,85223,85307,83563,83647,83563
FCFS,3583,1661,19,85307,85326,83646,83665,83646
FCFS,151,1663,40,85326,85366,83663,83703,83663
FCFS,9242,1663,61,85366,85427,83703,83764,83703
FCFS,408,1664,58,85427,85485,83763,83821,83763
FCFS,4370,1666,64,85485,85549,83819,83883,83819
FCFS,9828,1666,1,85549,85550,83883,83884,83883
FCFS,1824,1667,93,85550,85643,83883,83976,83883
FCFS,6958,1667,21,85643,85664,83976,83997,83976
FCFS,8227,1667,98,85664,85762,83997,84095,83997
FCFS,2212,1668,68,85762,85830,84094,84162,84094
FCFS,9356,1671,36,85830,85866,84159,84195,84159
FCFS,7429,1672,76,85866,85942,84194,84270,84194
FCFS,3269,1673,21,85942,85963,84269,84290,84269
FCFS,9824,1673,18,85963,85981,84290,84308,84290
FCFS,3913,1673,66,85981,86047,84308,84374,84308
FCFS,2634,1674,57,86047,86104,84373,84430,84373
FCFS,6156,1674,62,86104,86166,84430,84492,84430
FCFS,3443,1676,60,86166,86226,84490,84550,84490
FCFS,5473,1677,24,86226,86250,84549,84573,84549
FCFS,9334,1677,55,86250,86305,84573,84628,84573
FCFS,7774,1678,54,86305,86359,84627,84681,84627
FCFS,4191,1678,96,86359,86455,84681,84777,84681
FCFS,138,1678,35,86455,86490,84777,84812,84777
FCFS,424,1679,88,86490,86578,84811,84899,84811
FCFS,2007,1679,21,86578,86599,84899,84920,84899
FCFS,6182,1680,98,86599,86697,84919,85017,84919
FCFS,8907,1682,50,86697,86747,85015,85065,85015
FCFS,1527,1682,24,86747,86771,85065,85089,85065
FCFS,11,1685,62,86771,86833,85086,85148,85086
FCFS,333,1686,30,86833,86863,85147,85177,85147
FCFS,454,1687,56,86863,86919,85176,85232,85176
FCFS,6547,1687,80,86919,86999,85232,85312,85232
FCFS,9762,1689,98,86999,87097,85310,85408,85310
FCFS,5342,1689,30,87097,87127,85408,85438,85408
FCFS,8273,1689,89,87127,87216,85438,85527,85438
FCFS,2040,1689,82,87216,87298,85527,85609,85527
FCFS,4456,1690,30,87298,87328,85608,85638,85608
FCFS,8850,1690,10,87328,87338,85638,85648,85638
FCFS,9705,1690,15,87338,87353,85648,85663,85648
FCFS,285,1693,72,87353,87425,85660,85732,85660
FCFS,393,1693,91,87425,87516,85732,85823,85732
FCFS,8648,1695,51,87516,87567,85821,85872,85821
FCFS,4360,1695,96,87567,87663,85872,85968,85872
FCFS,3369,1696,58,87663,87721,85967,86025,85967
FCFS,8027,1699,42,87721,87763,86022,86064,86022
FCFS,3893,1700,44,87763,87807,86063,86107,86063
FCFS,8285,1702,66,87807,87873,86105,86171,86105
FCFS,1440,1704,96,87873,87969,86169,86265,86169
FCFS,5760,1706,25,87969,87994,86263,86288,86263
FCFS,189,1707,9,87994,88003,86287,86296,86287
FCFS,3013,1708,46,88003,88049,86295,86341,86295
FCFS,9530,1709,13,88049,88062,86340,86353,86340
FCFS,1608,1709,67,88062,88129,86353,86420,86353
FCFS,1677,1712,86,88129,88215,86417,86503,86417
FCFS,2624,1715,37,88215,88252,86500,86537,86500
FCFS,6009,1716,33,88252,88285,86536,86569,86536
FCFS,4589,1716,51,88285,88336,86569,86620,86569
FCFS,8792,1717,59,88336,88395,86619,86678,86619
FCFS,4443,1717,44,88395,88439,86678,86722,86678
FCFS,4613,1719,95,88439,88534,86720,86815,86720
FCFS,8625,1721,18,88534,88552,86813,86831,86813
FCFS,7714,1721,64,88552,88616,86831,86895,86831
FCFS,7992,1721,65,88616,88681,86895,86960,86895
FCFS,3064,1724,55,88681,88736,86957,87012,86957
FCFS,4419,1724,10,88736,88746,87012,87022,87012
FCFS,7613,1724,28,88746,88774,87022,87050,87022
FCFS,2293,1724,17,88774,88791,87050,87067,87050
FCFS,8608,1725,2,88791,88793,87066,87068,87066
FCFS,5252,1725,55,88793,88848,87068,87123,87068
FCFS,8529,1725,29,88848,88877,87123,87152,87123
FCFS,7909,1726,95,88877,88972,87151,87246,87151
FCFS,2516,1727,17,88972,88989,87245,87262,87245
FCFS,9358,1728,88,88989,89077,87261,87349,87261
FCFS,2395,1733,86,89077,89163,87344,87430,87344
FCFS,849,1733,86,89163,89249,87430,87516,87430
FCFS,8374,1734,78,89249,89327,87515,87593,87515
FCFS,220,1734,47,89327,89374,87593,87640,87593
FCFS,1982,1735,63,89374,89437,87639,87702,87639
FCFS,7779,1736,77,89437,89514,87701,87778,87701
FCFS,7498,1737,91,89514,89605,87777,87868,87777
FCFS,5973,1738,98,89605,89703,87867,87965,87867
FCFS,9600,1741,47,89703,89750,87962,88009,87962
FCFS,8846,1741,43,89750,89793,88009,88052,88009
FCFS,1744,1742,46,89793,89839,88051,88097,88051
FCFS,3724,1742,90,89839,89929,88097,88187,88097
FCFS,6565,1749,1,89929,89930,88180,88181,88180
FCFS,2524,1749,9,89930,89939,88181,88190,88181
FCFS,1265,1750,28,89939,89967,88189,88217,88189
FCFS,2692,1750,67,89967,90034,88217,88284,88217
FCFS,9904,1750,9,90034,90043,88284,88293,88284
FCFS,3254,1751,12,90043,90055,88292,88304,88292
FCFS,8898,1751,87,90055,90142,88304,88391,88304
FCFS,6972,1752,50,90142,90192,88390,88440,88390
FCFS,2479,1753,12,90192,90204,88439,88451,88439
FCFS,5651,1754,38,90204,90242,88450,88488,88450
FCFS,9086,1754,31,90242,90273,88488,88519,88488
FCFS,8771,1754,94,90273,90367,88519,88613,88519
FCFS,8043,1755,96,90367,90463,88612,88708,88612
FCFS,9225,1756,10,90463,90473,88707,88717,88707
FCFS,4429,1756,95,90473,90568,88717,88812,88717
FCFS,134,1757,37,90568,90605,88811,88848,88811
FCFS,3380,1757,90,90605,90695,88848,88938,88848
FCFS,1074,1759,86,90695,90781,88936,89022,88936
FCFS,844,1761,92,90781,90873,89020,89112,89020
FCFS,2715,1762,77,90873,90950,89111,89188,89111
FCFS,1224,1762,62,90950,91012,89188,89250,89188
FCFS,7948,1763,84,91012,91096,89249,89333,89249
FCFS,1562,1763,65,91096,91161,89333,89398,89333
FCFS,7786,1764,73,91161,91234,89397,89470,89397
FCFS,4741,1764,95,91234,91329,89470,89565,89470
FCFS,7169,1770,23,91329,91352,89559,89582,89559
FCFS,1334,1771,87,91352,91439,89581,89668,89581
FCFS,3251,1772,99,91439,91538,89667,89766,89667
FCFS,3482,1772,2,91538,91540,89766,89768,89766
FCFS,9221,1773,6,91540,91546,89767,89773,89767
FCFS,5164,1773,29,91546,91575,89773,89802,89773
FCFS,2844,1774,14,91575,91589,89801,89815,89801
FCFS,8699,1774,17,91589,91606,89815,89832,89815
FCFS,3955,1776,78,91606,91684,89830,89908,89830
FCFS,7675,1777,35,91684,91719,89907,89942,89907
FCFS,7678,1777,45,91719,91764,89942,89987,89942
FCFS,2337,1778,86,91764,91850,89986,90072,89986
FCFS,7280,1779,30,91850,91880,90071,90101,90071
FCFS,3765,1779,86,91880,91966,90101,90187,90101
FCFS,7345,1781,81,91966,92047,90185,90266,90185
FCFS,9102,1782,30,92047,92077,90265,90295,90265
FCFS,7187,1782,50,92077,92127,90295,90345,90295
FCFS,5382,1784,18,92127,92145,90343,90361,90343
FCFS,8814,1785,76,92145,92221,90360,90436,90360
FCFS,2668,1787,78,92221,92299,90434,90512,90434
FCFS,3959,1788,74,92299,92373,90511,90585,90511
FCFS,6584,1789,81,92373,92454,90584,90665,90584
FCFS,8667,1789,13,92454,92467,90665,90678,90665
FCFS,4828,1789,28,92467,92495,90678,90706,90678
FCFS,7102,1790,15,92495,92510,90705,90720,90705
FCFS,1017,1792,78,92510,92588,90718,90796,90718
FCFS,9735,1793,54,92588,92642,90795,90849,90795
FCFS,7643,1794,6,92642,92648,90848,90854,90848
FCFS,1380,1796,34,92648,92682,90852,90886,90852
FCFS,6099,1797,74,92682,92756,90885,90959,90885
FCFS,1906,1798,86,92756,92842,90958,91044,90958
FCFS,6282,1798,28,92842,92870,91044,91072,91044
FCFS,2803,1800,35,92870,92905,91070,91105,91070
FCFS,8724,1800,34,92905,92939,91105,91139,91105
FCFS,5113,1802,14,92939,92953,91137,91151,91137
FCFS,229,1802,31,92953,92984,91151,91182,91151
FCFS,1974,1804,86,92984,93070,91180,91266,91180
FCFS,4450,1806,12,93070,93082,91264,91276,91264
FCFS,9853,1806,5,93082,93087,91276,91281,91276
FCFS,3183,1809,79,93087,93166,91278,91357,91278
FCFS,4870,1810,89,93166,93255,91356,91445,91356
FCFS,578,1810,37,93255,93292,91445,91482,91445
FCFS,4046,1812,44,93292,93336,91480,91524,91480
FCFS,6492,1812,63,93336,93399,91524,91587,91524
FCFS,5329,1813,55,93399,93454,91586,91641,91586
FCFS,3741,1813,71,93454,93525,91641,91712,91641
FCFS,4770,1814,86,93525,93611,91711,91797,91711
FCFS,3275,1815,81,93611,93692,91796,91877,91796
FCFS,323,1816,51,93692,93743,91876,91927,91876
FCFS,3762,1818,6,93743,93749,91925,91931,91925
FCFS,5353,1819,86,93749,93835,91930,92016,91930
FCFS,2884,1819,96,93835,93931,92016,92112,92016
FCFS,5797,1820,60,93931,93991,92111,92171,92111
FCFS,8510,1821,62,93991,94053,92170,92232,92170
FCFS,7670,1823,32,94053,94085,92230,92262,92230
FCFS,6960,1823,73,94085,94158,92262,92335,92262
FCFS,1517,1823,55,94158,94213,92335,92390,92335
FCFS,2893,1823,97,94213,94310,92390,92487,92390
FCFS,7709,1824,24,94310,94334,92486,92510,92486
FCFS,2053,1826,81,94334,94415,92508,92589,92508
FCFS,2233,1827,34,94415,94449,92588,92622,92588
FCFS,4832,1827,51,94449,94500,92622,92673,92622
FCFS,884,1828,24,94500,94524,92672,92696,92672
FCFS,2352,1828,20,94524,94544,92696,92716,92696
FCFS,1359,1828,13,94544,94557,92716,92729,92716
FCFS,2921,1829,20,94557,94577,92728,92748,92728
FCFS,9873,1830,14,94577,94591,92747,92761,92747
FCFS,9404,1831,56,94591,94647,92760,92816,92760
FCFS,7699,1831,99,94647,94746,92816,92915,92816
FCFS,8892,1832,80,94746,94826,92914,92994,92914
FCFS,8165,1834,13,94826,94839,92992,93005,92992
FCFS,4107,1837,75,94839,94914,93002,93077,93002
FCFS,656,1838,49,94914,94963,93076,93125,93076
FCFS,6887,1840,43,94963,95006,93123,93166,93123
FCFS,348,1841,49,95006,95055,93165,93214,93165
FCFS,2856,1842,22,95055,95077,93213,93235,93213
FCFS,221,1843,5,95077,95082,93234,93239,93234
FCFS,9922,1843,98,95082,95180,93239,93337,93239
FCFS,8955,1845,41,95180,95221,93335,93376,93335
FCFS,2758,1846,54,95221,95275,93375,93429,93375
FCFS,6423,1847,17,95275,95292,93428,93445,93428
FCFS,9000,1848,25,95292,95317,93444,93469,93444
FCFS,4441,1848,7,95317,95324,93469,93476,93469
FCFS,6974,1849,45,95324,95369,93475,93520,93475
FCFS,3540,1849,51,95369,95420,93520,93571,93520
FCFS,6574,1850,43,95420,95463,93570,93613,93570
FCFS,608,1852,93,95463,95556,93611,93704,93611
FCFS,172,1853,75,95556,95631,93703,93778,93703
FCFS,1026,1854,32,95631,95663,93777,93809,93777
FCFS,9303,1854,73,95663,95736,93809,93882,93809
FCFS,2517,1854,9,95736,95745,93882,93891,93882
FCFS,3634,1855,65,95745,95810,93890,93955,93890
FCFS,2871,1856,26,95810,95836,93954,93980,93954
FCFS,7533,1857,21,95836,95857,93979,94000,93979
FCFS,4215,1857,99,95857,95956,94000,94099,94000
FCFS,4891,1859,81,95956,96037,94097,94178,94097
FCFS,9062,1860,59,96037,96096,94177,94236,94177
FCFS,6549,1860,90,96096,96186,94236,94326,94236
FCFS,5873,1861,20,96186,96206,94325,94345,94325
FCFS,8367,1861,83,96206,96289,94345,94428,94345
FCFS,3052,1863,30,96289,96319,94426,94456,94426
FCFS,9773,1864,22,96319,96341,94455,94477,94455
FCFS,975,1865,19,96341,96360,94476,94495,94476
FCFS,5802,1867,92,96360,96452,94493,94585,94493
FCFS,1366,1868,21,96452,96473,94584,94605,94584
FCFS,6322,1868,62,96473,96535,94605,94667,94605
FCFS,9355,1868,7,96535,96542,94667,94674,94667
FCFS,5501,1871,98,96542,96640,94671,94769,94671
FCFS,7538,1872,63,96640,96703,94768,94831,94768
FCFS,6679,1872,5,96703,96708,94831,94836,94831
FCFS,4886,1873,52,96708,96760,94835,94887,94835
FCFS,3824,1873,79,96760,96839,94887,94966,94887
FCFS,4483,1874,36,96839,96875,94965,95001,94965
FCFS,8068,1875,28,96875,96903,95000,95028,95000
FCFS,1561,1875,72,96903,96975,95028,95100,95028
FCFS,2836,1875,50,96975,97025,95100,95150,95100
FCFS,6735,1875,55,97025,97080,95150,95205,95150
FCFS,6287,1876,63,97080,97143,95204,95267,95204
FCFS,8026,1877,41,97143,97184,95266,95307,95266
FCFS,8764,1879,42,97184,97226,95305,95347,95305
FCFS,4294,1879,93,97226,97319,95347,95440,95347
FCFS,4808,1881,30,97319,97349,95438,95468,95438
FCFS,4974,1881,80,97349,97429,95468,95548,95468
FCFS,4354,1881,22,97429,97451,95548,95570,95548
FCFS,5441,1882,1,97451,97452,95569,95570,95569
FCFS,9745,1883,21,97452,97473,95569,95590,95569
FCFS,9562,1883,94,97473,97567,95590,95684,95590
FCFS,2095,1884,29,97567,97596,95683,95712,95683
FCFS,9679,1884,2,97596,97598,95712,95714,95712
FCFS,3182,1884,29,97598,97627,95714,95743,95714
FCFS,8439,1885,8,97627,97635,95742,95750,95742
FCFS,1481,1887,62,97635,97697,95748,95810,95748
FCFS,763,1887,34,97697,97731,95810,95844,95810
FCFS,7660,1888,24,97731,97755,95843,95867,95843
FCFS,9560,1892,36,97755,97791,95863,95899,95863
FCFS,4028,1892,26,97791,97817,95899,95925,95899
FCFS,9574,1892,6,97817,97823,95925,95931,95925
FCFS,6795,1893,80,97823,97903,95930,96010,95930
FCFS,5132,1893,80,97903,97983,96010,96090,96010
FCFS,5633,1894,67,97983,98050,96089,96156,96089
FCFS,4682,1895,90,98050,98140,96155,96245,96155
FCFS,328,1895,30,98140,98170,96245,96275,96245
FCFS,1613,1895,15,98170,98185,96275,96290,96275
FCFS,9805,1897,25,98185,98210,96288,96313,96288
FCFS,2568,1898,74,98210,98284,96312,96386,96312
FCFS,34,1899,83,98284,98367,96385,96468,96385
FCFS,2410,1900,85,98367,98452,96467,96552,96467
FCFS,2929,1900,5,98452,98457,96552,96557,96552
FCFS,4823,1902,71,98457,98528,96555,96626,96555
FCFS,3599,1903,42,98528,98570,96625,96667,96625
FCFS,815,1906,17,98570,98587,96664,96681,96664
FCFS,751,1906,48,98587,98635,96681,96729,96681
FCFS,7258,1906,78,98635,98713,96729,96807,96729
FCFS,4905,1907,38,98713,98751,96806,96844,96806
FCFS,3614,1907,57,98751,98808,96844,96901,96844
FCFS,5702,1907,13,98808,98821,96901,96914,96901
FCFS,8649,1907,62,98821,98883,96914,96976,96914
FCFS,5119,1907,39,98883,98922,96976,97015,96976
FCFS,910,1908,61,98922,98983,97014,97075,97014
FCFS,9700,1909,22,98983,99005,97074,97096,97074
FCFS,7883,1909,49,99005,99054,97096,97145,97096
FCFS,4873,1909,92,99054,99146,97145,97237,97145
FCFS,5836,1910,87,99146,99233,97236,97323,97236
FCFS,9772,1912,47,99233,99280,97321,97368,97321
FCFS,5139,1912,79,99280,99359,97368,97447,97368
FCFS,1385,1913,54,99359,99413,97446,97500,97446
FCFS,3479,1913,24,99413,99437,97500,97524,97500
FCFS,3576,1914,54,99437,99491,97523,97577,97523
FCFS,8198,1915,85,99491,99576,97576,97661,97576
FCFS,5841,1916,94,99576,99670,97660,97754,97660
FCFS,885,1917,60,99670,99730,97753,97813,97753
FCFS,6212,1917,71,99730,99801,97813,97884,97813
FCFS,7702,1918,73,99801,99874,97883,97956,97883
FCFS,3753,1920,99,99874,99973,97954,98053,97954
FCFS,3939,1920,49,99973,100022,98053,98102,98053
FCFS,1745,1925,82,100022,100104,98097,98179,98097
FCFS,1618,1925,3,100104,100107,98179,98182,98179
FCFS,4043,1925,16,100107,100123,98182,98198,98182
FCFS,6250,1927,37,100123,100160,98196,98233,98196
FCFS,1650,1927,12,100160,100172,98233,98245,98233
FCFS,6784,1928,94,100172,100266,98244,98338,98244
FCFS,2348,1929,47,100266,100313,98337,98384,98337
FCFS,205,1930,92,100313,100405,98383,98475,98383
FCFS,406,1931,26,100405,100431,98474,98500,98474
FCFS,4348,1932,38,100431,100469,98499,98537,98499
FCFS,2971,1932,14,100469,100483,98537,98551,98537
FCFS,6759,1932,42,100483,100525,98551,98593,98551
FCFS,3379,1932,78,100525,100603,98593,98671,98593
FCFS,1397,1933,39,100603,100642,98670,98709,98670
FCFS,8315,1936,51,100642,100693,98706,98757,98706
FCFS,2965,1936,25,100693,100718,98757,98782,98757
FCFS,6132,1936,62,100718,100780,98782,98844,98782
FCFS,9275,1937,94,100780,100874,98843,98937,98843
FCFS,2481,1938,15,100874,100889,98936,98951,98936
FCFS,1749,1939,79,100889,100968,98950,99029,98950
FCFS,4677,1939,78,100968,101046,99029,99107,99029
FCFS,5439,1940,77,101046,101123,99106,99183,99106
FCFS,9915,1941,24,101123,101147,99182,99206,99182
FCFS,4276,1942,30,101147,101177,99205,99235,99205
FCFS,3370,1946,94,101177,101271,99231,99325,99231
FCFS,7183,1946,63,101271,101334,99325,99388,99325
FCFS,3036,1946,56,101334,101390,99388,99444,99388
FCFS,3934,1948,62,101390,101452,99442,99504,99442
FCFS,3209,1948,25,101452,101477,99504,99529,99504
FCFS,1601,1949,28,101477,101505,99528,99556,99528
FCFS,7400,1951,52,101505,101557,99554,99606,99554
FCFS,4690,1956,86,101557,101643,99601,99687,99601
FCFS,2644,1958,58,101643,101701,99685,99743,99685
FCFS,224,1959,44,101701,101745,99742,99786,99742
FCFS,2076,1960,38,101745,101783,99785,99823,99785
FCFS,9478,1960,26,101783,101809,99823,99849,99823
FCFS,3022,1960,39,101809,101848,99849,99888,99849
FCFS,4508,1961,66,101848,101914,99887,99953,99887
FCFS,7886,1963,83,101914,101997,99951,100034,99951
FCFS,5126,1966,95,101997,102092,100031,100126,100031
FCFS,2694,1967,54,102092,102146,100125,100179,100125
FCFS,2799,1968,37,102146,102183,100178,100215,100178
FCFS,1782,1969,53,102183,102236,100214,100267,100214
FCFS,953,1970,85,102236,102321,100266,100351,100266
FCFS,3044,1970,71,102321,102392,100351,100422,100351
FCFS,9351,1971,40,102392,102432,100421,100461,100421
FCFS,2442,1974,73,102432,102505,100458,100531,100458
FCFS,8911,1975,93,102505,102598,100530,100623,100530
FCFS,821,1976,22,102598,102620,100622,100644,100622
FCFS,1532,1980,66,102620,102686,100640,100706,100640
FCFS,6859,1982,72,102686,102758,100704,100776,100704
FCFS,5052,1985,3,102758,102761,100773,100776,100773
FCFS,5463,1985,44,102761,102805,100776,100820,100776
FCFS,6811,1986,26,102805,102831,100819,100845,100819
FCFS,9068,1986,97,102831,102928,100845,100942,100845
FCFS,217,1986,9,102928,102937,100942,100951,100942
FCFS,5065,1986,61,102937,102998,100951,101012,100951
FCFS,4571,1987,33,102998,103031,101011,101044,101011
FCFS,3707,1988,99,103031,103130,101043,101142,101043
FCFS,5710,1990,48,103130,103178,101140,101188,101140
FCFS,1053,1990,18,103178,103196,101188,101206,101188
FCFS,3554,1991,37,103196,103233,101205,101242,101205
FCFS,6544,1992,85,103233,103318,101241,101326,101241
FCFS,3807,1993,39,103318,103357,101325,101364,101325
FCFS,904,1994,92,103357,103449,101363,101455,101363
FCFS,3352,1994,94,103449,103543,101455,101549,101455
FCFS,9668,1995,40,103543,103583,101548,101588,101548
FCFS,6087,1996,54,103583,103637,101587,101641,101587
FCFS,4403,1996,31,103637,103668,101641,101672,101641
FCFS,8230,1996,4,103668,103672,101672,101676,101672
FCFS,950,1997,9,103672,103681,101675,101684,101675
FCFS,6366,1997,54,103681,103735,101684,101738,101684
FCFS,166,1998,76,103735,103811,101737,101813,101737
FCFS,2873,1998,8,103811,103819,101813,101821,101813
FCFS,3077,1999,68,103819,103887,101820,101888,101820
FCFS,679,2000,17,103887,103904,101887,101904,101887
FCFS,6937,2000,36,103904,103940,101904,101940,101904
FCFS,7599,2001,48,103940,103988,101939,101987,101939
FCFS,8286,2001,29,103988,104017,101987,102016,101987
FCFS,3248,2005,11,104017,104028,102012,102023,102012
FCFS,6191,2007,21,104028,104049,102021,102042,102021
FCFS,2764,2007,26,104049,104075,102042,102068,102042
FCFS,2393,2010,27,104075,104102,102065,102092,102065
FCFS,2918,2011,51,104102,104153,102091,102142,102091
FCFS,4296,2011,2,104153,104155,102142,102144,102142
FCFS,4599,2011,86,104155,104241,102144,102230,102144
FCFS,7126,2013,97,104241,104338,102228,102325,102228
FCFS,2447,2014,76,104338,104414,102324,102400,102324
FCFS,3109,2014,8,104414,104422,102400,102408,102400
FCFS,5015,2014,87,104422,104509,102408,102495,102408
FCFS,9578,2015,33,104509,104542,102494,102527,102494
FCFS,8758,2015,31,104542,104573,102527,102558,102527
FCFS,3249,2016,70,104573,104643,102557,102627,102557
FCFS,4776,2017,5,104643,104648,102626,102631,102626
FCFS,7336,2017,17,104648,104665,102631,102648,102631
FCFS,9586,2018,83,104665,104748,102647,102730,102647
FCFS,9001,2022,90,104748,104838,102726,102816,102726
FCFS,2355,2023,23,104838,104861,102815,102838,102815
FCFS,7250,2024,44,104861,104905,102837,102881,102837
FCFS,8404,2024,98,104905,105003,102881,102979,102881
FCFS,6680,2024,56,105003,105059,102979,103035,102979
FCFS,888,2026,91,105059,105150,103033,103124,103033
FCFS,91,2027,21,105150,105171,103123,103144,103123
FCFS,4632,2028,7,105171,105178,103143,103150,103143
FCFS,5363,2031,33,105178,105211,103147,103180,103147
FCFS,1330,2032,51,105211,105262,103179,103230,103179
FCFS,7115,2032,94,105262,105356,103230,103324,103230
FCFS,3857,2032,7,105356,105363,103324,103331,103324
FCFS,4350,2032,28,105363,105391,103331,103359,103331
FCFS,1346,2033,71,105391,105462,103358,103429,103358
FCFS,5097,2035,89,105462,105551,103427,103516,103427
FCFS,5377,2038,97,105551,105648,103513,103610,103513
FCFS,6970,2040,21,105648,105669,103608,103629,103608
FCFS,3832,2041,41,105669,105710,103628,103669,103628
FCFS,6629,2042,37,105710,105747,103668,103705,103668
FCFS,1583,2043,31,105747,105778,103704,103735,103704
FCFS,2740,2044,89,105778,105867,103734,103823,103734
FCFS,4554,2044,24,105867,105891,103823,103847,103823
FCFS,2132,2044,36,105891,105927,103847,103883,103847
FCFS,6563,2044,49,105927,105976,103883,103932,103883
FCFS,26,2047,97,105976,106073,103929,104026,103929
FCFS,8202,2047,26,106073,106099,104026,104052,104026
FCFS,5485,2048,85,106099,106184,104051,104136,104051
FCFS,881,2048,51,106184,106235,104136,104187,104136
FCFS,691,2048,64,106235,106299,104187,104251,104187
FCFS,239,2049,87,106299,106386,104250,104337,104250
FCFS,1343,2050,38,106386,106424,104336,104374,104336
FCFS,1170,2051,89,106424,106513,104373,104462,104373
FCFS,4587,2052,21,106513,106534,104461,104482,104461
FCFS,4733,2053,64,106534,106598,104481,104545,104481
FCFS,1619,2056,67,106598,106665,104542,104609,104542
FCFS,4826,2059,35,106665,106700,104606,104641,104606
FCFS,897,2060,78,106700,106778,104640,104718,104640
FCFS,5716,2061,6,106778,106784,104717,104723,104717
FCFS,86,2062,48,106784,106832,104722,104770,104722
FCFS,5324,2062,18,106832,106850,104770,104788,104770
FCFS,6935,2063,56,106850,106906,104787,104843,104787
FCFS,6623,2064,93,106906,106999,104842,104935,104842
FCFS,3285,2064,23,106999,107022,104935,104958,104935
FCFS,1467,2064,17,107022,107039,104958,104975,104958
FCFS,1087,2065,92,107039,107131,104974,105066,104974
FCFS,2298,2066,23,107131,107154,105065,105088,105065
FCFS,5508,2068,75,107154,107229,105086,105161,105086
FCFS,3859,2068,60,107229,107289,105161,105221,105161
FCFS,2900,2070,65,107289,107354,105219,105284,105219
FCFS,8382,2070,56,107354,107410,105284,105340,105284
FCFS,1670,2071,96,107410,107506,105339,105435,105339
FCFS,7454,2072,37,107506,107543,105434,105471,105434
FCFS,7147,2073,52,107543,107595,105470,105522,105470
FCFS,7109,2073,6,107595,107601,105522,105528,105522
FCFS,1184,2074,43,107601,107644,105527,105570,105527
FCFS,5074,2076,82,107644,107726,105568,105650,105568
FCFS,7236,2076,84,107726,107810,105650,105734,105650
FCFS,4949,2077,91,107810,107901,105733,105824,105733
FCFS,1080,2079,44,107901,107945,105822,105866,105822
FCFS,5236,2080,26,107945,107971,105865,105891,105865
FCFS,473,2082,53,107971,108024,105889,105942,105889
FCFS,9704,2083,89,108024,108113,105941,106030,105941
FCFS,6969,2083,77,108113,108190,106030,106107,106030
FCFS,2499,2090,82,108190,108272,106100,106182,106100
FCFS,3118,2092,79,108272,108351,106180,106259,106180
FCFS,3755,2093,6,108351,108357,106258,106264,106258
FCFS,8906,2096,59,108357,108416,106261,106320,106261
FCFS,6952,2096,94,108416,108510,106320,106414,106320
FCFS,2418,2096,29,108510,108539,106414,106443,106414
FCFS,2404,2097,9,108539,108548,106442,106451,106442
FCFS,8091,2098,27,108548,108575,106450,106477,106450
FCFS,3272,2100,58,108575,108633,106475,106533,106475
FCFS,3763,2101,13,108633,108646,106532,106545,106532
FCFS,9674,2102,76,108646,108722,106544,106620,106544
FCFS,4110,2103,95,108722,108817,106619,106714,106619
FCFS,3983,2104,52,108817,108869,106713,106765,106713
FCFS,2528,2105,60,108869,108929,106764,106824,106764
FCFS,605,2105,93,108929,109022,106824,106917,106824
FCFS,4493,2105,81,109022,109103,106917,106998,106917
FCFS,7619,2105,58,109103,109161,106998,107056,106998
FCFS,1155,2106,78,109161,109239,107055,107133,107055
FCFS,8259,2107,94,109239,109333,107132,107226,107132
FCFS,8839,2107,33,109333,109366,107226,107259,107226
FCFS,8944,2108,37,109366,109403,107258,107295,107258
FCFS,8503,2110,79,109403,109482,107293,107372,107293
FCFS,1710,2113,11,109482,109493,107369,107380,107369
FCFS,6988,2113,89,109493,109582,107380,107469,107380
FCFS,2532,2113,99,109582,109681,107469,107568,107469
FCFS,9332,2114,36,109681,109717,107567,107603,107567
FCFS,991,2116,20,109717,109737,107601,107621,107601
FCFS,5787,2118,85,109737,109822,107619,107704,107619
FCFS,2890,2120,92,109822,109914,107702,107794,107702
FCFS,3588,2120,43,109914,109957,107794,107837,107794
FCFS,1232,2120,68,109957,110025,107837,107905,107837
FCFS,5986,2120,1,110025,110026,107905,107906,107905
FCFS,5951,2121,15,110026,110041,107905,107920,107905
FCFS,4766,2123,67,110041,110108,107918,107985,107918
FCFS,2396,2125,80,110108,110188,107983,108063,107983
FCFS,798,2125,55,110188,110243,108063,108118,108063
FCFS,3119,2130,51,110243,110294,108113,108164,108113
FCFS,8560,2130,90,110294,110384,108164,108254,108164
FCFS,6100,2131,53,110384,110437,108253,108306,108253
FCFS,6227,2135,80,110437,110517,108302,108382,108302
FCFS,936,2136,47,110517,110564,108381,108428,108381
FCFS,1891,2137,71,110564,110635,108427,108498,108427
FCFS,8192,2138,5,110635,110640,108497,108502,108497
FCFS,1439,2139,60,110640,110700,108501,108561,108501
FCFS,430,2141,79,110700,110779,108559,108638,108559
FCFS,9362,2142,49,110779,110828,108637,108686,108637
FCFS,1118,2143,89,110828,110917,108685,108774,108685
FCFS,501,2143,36,110917,110953,108774,108810,108774
FCFS,7120,2147,70,110953,111023,108806,108876,108806
FCFS,5983,2148,18,111023,111041,108875,108893,108875
FCFS,4290,2148,8,111041,111049,108893,108901,108893
FCFS,7051,2149,18,111049,111067,108900,108918,108900
FCFS,2999,2151,72,111067,111139,108916,108988,108916
FCFS,4324,2153,92,111139,111231,108986,109078,108986
FCFS,5860,2155,91,111231,111322,109076,109167,109076
FCFS,5216,2155,56,111322,111378,109167,109223,109167
FCFS,5454,2156,34,111378,111412,109222,109256,109222
FCFS,537,2156,24,111412,111436,109256,109280,109256
FCFS,3283,2158,69,111436,111505,109278,109347,109278
FCFS,8563,2158,14,111505,111519,109347,109361,109347
FCFS,5094,2158,24,111519,111543,109361,109385,109361
FCFS,5826,2159,58,111543,111601,109384,109442,109384
FCFS,2324,2159,73,111601,111674,109442,109515,109442
FCFS,5458,2159,94,111674,111768,109515,109609,109515
FCFS,2264,2160,35,111768,111803,109608,109643,109608
FCFS,7073,2161,90,111803,111893,109642,109732,109642
FCFS,3473,2161,41,111893,111934,109732,109773,109732
FCFS,1428,2162,13,111934,111947,109772,109785,109772
FCFS,8964,2162,91,111947,112038,109785,109876,109785
FCFS,6710,2164,15,112038,112053,109874,109889,109874
FCFS,7576,2165,5,112053,112058,109888,109893,109888
FCFS,7629,2166,52,112058,112110,109892,109944,109892
FCFS,2951,2169,54,112110,112164,109941,109995,109941
FCFS,5298,2170,35,112164,112199,109994,110029,109994
FCFS,8306,2170,72,112199,112271,110029,110101,110029
FCFS,2397,2171,46,112271,112317,110100,110146,110100
FCFS,4987,2172,29,112317,112346,110145,110174,110145
FCFS,2952,2172,6,112346,112352,110174,110180,110174
FCFS,5819,2173,46,112352,112398,110179,110225,110179
FCFS,4918,2176,59,112398,112457,110222,110281,110222
FCFS,3452,2176,74,112457,112531,110281,110355,110281
FCFS,9072,2176,77,112531,112608,110355,110432,110355
FCFS,7218,2178,87,112608,112695,110430,110517,110430
FCFS,9991,2179,75,112695,112770,110516,110591,110516
FCFS,2344,2179,26,112770,112796,110591,110617,110591
FCFS,3494,2179,94,112796,112890,110617,110711,110617
FCFS,735,2180,67,112890,112957,110710,110777,110710
FCFS,5272,2181,4,112957,112961,110776,110780,110776
FCFS,5618,2181,92,112961,113053,110780,110872,110780
FCFS,9029,2181,88,113053,113141,110872,110960,110872
FCFS,5466,2181,62,113141,113203,110960,111022,110960
FCFS,8409,2185,2,113203,113205,111018,111020,111018
FCFS,9687,2186,28,113205,113233,111019,111047,111019
FCFS,3865,2187,90,113233,113323,111046,111136,111046
FCFS,1843,2190,90,113323,113413,111133,111223,111133
FCFS,944,2190,21,113413,113434,111223,111244,111223
FCFS,8386,2191,75,113434,113509,111243,111318,111243
FCFS,947,2192,77,113509,113586,111317,111394,111317
FCFS,664,2193,47,113586,113633,111393,111440,111393
FCFS,3721,2195,16,113633,113649,111438,111454,111438
FCFS,2272,2196,19,113649,113668,111453,111472,111453
FCFS,2241,2196,52,113668,113720,111472,111524,111472
FCFS,8145,2196,97,113720,113817,111524,111621,111524
FCFS,4760,2197,91,113817,113908,111620,111711,111620
FCFS,9722,2198,76,113908,113984,111710,111786,111710
FCFS,1132,2198,68,113984,114052,111786,111854,111786
FCFS,261,2200,70,114052,114122,111852,111922,111852
FCFS,1742,2203,42,114122,114164,111919,111961,111919
FCFS,967,2204,14,114164,114178,111960,111974,111960
FCFS,3325,2204,85,114178,114263,111974,112059,111974
FCFS,303,2205,89,114263,114352,112058,112147,112058
FCFS,3319,2207,95,114352,114447,112145,112240,112145
FCFS,6953,2208,74,114447,114521,112239,112313,112239
FCFS,9394,2210,82,114521,114603,112311,112393,112311
FCFS,8270,2211,7,114603,114610,112392,112399,112392
FCFS,5662,2212,48,114610,114658,112398,112446,112398
FCFS,3434,2217,10,114658,114668,112441,112451,112441
FCFS,4170,2217,29,114668,114697,112451,112480,112451
FCFS,9997,2218,12,114697,114709,112479,112491,112479
FCFS,895,2219,73,114709,114782,112490,112563,112490
FCFS,5611,2220,26,114782,114808,112562,112588,112562
FCFS,7625,2220,2,114808,114810,112588,112590,112588
FCFS,3299,2222,36,114810,114846,112588,112624,112588
FCFS,5952,2223,64,114846,114910,112623,112687,112623
FCFS,8502,2224,29,114910,114939,112686,112715,112686
FCFS,7907,2224,50,114939,114989,112715,112765,112715
FCFS,3204,2224,45,114989,115034,112765,112810,112765
FCFS,6789,2226,68,115034,115102,112808,112876,112808
FCFS,5356,2226,64,115102,115166,112876,112940,112876
FCFS,4946,2229,64,115166,115230,112937,113001,112937
FCFS,3601,2230,84,115230,115314,113000,113084,113000
FCFS,4542,2230,15,115314,115329,113084,113099,113084
FCFS,7385,2233,95,115329,115424,113096,113191,113096
FCFS,9075,2233,18,115424,115442,113191,113209,113191
FCFS,3099,2235,12,115442,115454,113207,113219,113207
FCFS,5043,2237,65,115454,115519,113217,113282,113217
FCFS,9257,2239,89,115519,115608,113280,113369,113280
FCFS,5066,2240,68,115608,115676,113368,113436,113368
FCFS,3629,2240,45,115676,115721,113436,113481,113436
FCFS,6602,2241,52,115721,115773,113480,113532,113480
FCFS,3930,2242,17,115773,115790,113531,113548,113531
FCFS,2895,2242,30,115790,115820,113548,113578,113548
FCFS,7725,2242,87,115820,115907,113578,113665,113578
FCFS,972,2243,26,115907,115933,113664,113690,113664
FCFS,6545,2243,68,115933,116001,113690,113758,113690
FCFS,6143,2244,7,116001,116008,113757,113764,113757
FCFS,5564,2244,21,116008,116029,113764,113785,113764
FCFS,2194,2247,30,116029,116059,113782,113812,113782
FCFS,6515,2248,54,116059,116113,113811,113865,113811
FCFS,7074,2251,76,116113,116189,113862,113938,113862
FCFS,6912,2251,20,116189,116209,113938,113958,113938
FCFS,5035,2253,84,116209,116293,113956,114040,113956
FCFS,1538,2255,68,116293,116361,114038,114106,114038
FCFS,247,2255,52,116361,116413,114106,114158,114106
FCFS,5666,2256,66,116413,116479,114157,114223,114157
FCFS,3243,2257,71,116479,116550,114222,114293,114222
FCFS,8812,2258,3,116550,116553,114292,114295,114292
FCFS,4157,2258,50,116553,116603,114295,114345,114295
FCFS,4244,2259,88,116603,116691,114344,114432,114344
FCFS,2771,2261,75,116691,116766,114430,114505,114430
FCFS,6644,2261,62,116766,116828,114505,114567,114505
FCFS,8219,2261,35,116828,116863,114567,114602,114567
FCFS,5422,2261,60,116863,116923,114602,114662,114602
FCFS,7287,2262,95,116923,117018,114661,114756,114661
FCFS,6392,2262,9,117018,117027,114756,114765,114756
FCFS,5589,2263,43,117027,117070,114764,114807,114764
FCFS,7347,2263,55,117070,117125,114807,114862,114807
FCFS,1376,2265,85,117125,117210,114860,114945,114860
FCFS,9779,2268,60,117210,117270,114942,115002,114942
FCFS,7871,2268,30,117270,117300,115002,115032,115002
FCFS,7540,2269,64,117300,117364,115031,115095,115031
FCFS,7939,2272,75,117364,117439,115092,115167,115092
FCFS,9330,2273,56,117439,117495,115166,115222,115166
FCFS,2539,2274,4,117495,117499,115221,115225,115221
FCFS,6219,2276,3,117499,117502,115223,115226,115223
FCFS,7954,2276,48,117502,117550,115226,115274,115226
FCFS,1704,2278,3,117550,117553,115272,115275,115272
FCFS,2188,2279,44,117553,117597,115274,115318,115274
FCFS,2870,2282,10,117597,117607,115315,115325,115315
FCFS,6834,2283,27,117607,117634,115324,115351,115324
FCFS,6170,2283,68,117634,117702,115351,115419,115351
FCFS,9338,2284,15,117702,117717,115418,115433,115418
FCFS,4698,2284,1,117717,117718,115433,115434,115433
FCFS,2559,2285,71,117718,117789,115433,115504,115433
FCFS,9723,2287,39,117789,117828,115502,115541,115502
FCFS,1766,2289,26,117828,117854,115539,115565,115539
FCFS,9016,2289,35,117854,117889,115565,115600,115565
FCFS,3593,2292,42,117889,117931,115597,115639,115597
FCFS,2140,2293,5,117931,117936,115638,115643,115638
FCFS,3917,2294,56,117936,117992,115642,115698,115642
FCFS,4376,2294,56,117992,118048,115698,115754,115698
FCFS,3367,2295,30,118048,118078,115753,115783,115753
FCFS,5467,2296,26,118078,118104,115782,115808,115782
FCFS,8525,2296,73,118104,118177,115808,115881,115808
FCFS,2458,2297,71,118177,118248,115880,115951,115880
FCFS,6833,2302,11,118248,118259,115946,115957,115946
FCFS,3731,2305,46,118259,118305,115954,116000,115954
FCFS,5259,2306,15,118305,118320,115999,116014,115999
FCFS,3167,2307,23,118320,118343,116013,116036,116013
FCFS,2578,2307,65,118343,118408,116036,116101,116036
FCFS,2945,2309,66,118408,118474,116099,116165,116099
FCFS,6862,2311,95,118474,118569,116163,116258,116163
FCFS,5332,2313,73,118569,118642,116256,116329,116256
FCFS,9587,2314,56,118642,118698,116328,116384,116328
FCFS,9785,2316,45,118698,118743,116382,116427,116382
FCFS,8411,2317,20,118743,118763,116426,116446,116426
FCFS,7560,2321,95,118763,118858,116442,116537,116442
FCFS,5981,2321,79,118858,118937,116537,116616,116537
FCFS,1250,2322,87,118937,119024,116615,116702,116615
FCFS,8365,2322,32,119024,119056,116702,116734,116702
FCFS,2519,2324,45,119056,119101,116732,116777,116732
FCFS,2629,2326,13,119101,119114,116775,116788,116775
FCFS,7574,2327,30,119114,119144,116787,116817,116787
FCFS,199,2327,12,119144,119156,116817,116829,116817
FCFS,307,2327,16,119156,119172,116829,116845,116829
FCFS,9525,2328,57,119172,119229,116844,116901,116844
FCFS,5650,2330,4,119229,119233,116899,116903,116899
FCFS,4821,2330,16,119233,119249,116903,116919,116903
FCFS,6200,2330,73,119249,119322,116919,116992,116919
FCFS,3866,2330,10,119322,119332,116992,117002,116992
FCFS,8879,2335,54,119332,119386,116997,117051,116997
FCFS,2493,2336,72,119386,119458,117050,117122,117050
FCFS,970,2336,94,119458,119552,117122,117216,117122
FCFS,9073,2338,76,119552,119628,117214,117290,117214
FCFS,8444,2338,15,119628,119643,117290,117305,117290
FCFS,5196,2339,55,119643,119698,117304,117359,117304
FCFS,4555,2341,6,119698,119704,117357,117363,117357
FCFS,1233,2343,98,119704,119802,117361,117459,117361
FCFS,4814,2345,77,119802,119879,117457,117534,117457
FCFS,3788,2346,29,119879,119908,117533,117562,117533
FCFS,7285,2349,63,119908,119971,117559,117622,117559
FCFS,1961,2349,58,119971,120029,117622,117680,117622
FCFS,6026,2349,32,120029,120061,117680,117712,117680
FCFS,4961,2350,22,120061,120083,117711,117733,117711
FCFS,2970,2352,95,120083,120178,117731,117826,117731
FCFS,1492,2353,45,120178,120223,117825,117870,117825
FCFS,9978,2354,80,120223,120303,117869,117949,117869
FCFS,2161,2355,5,120303,120308,117948,117953,117948
FCFS,7707,2355,79,120308,120387,117953,118032,117953
FCFS,1651,2356,11,120387,120398,118031,118042,118031
FCFS,1898,2359,10,120398,120408,118039,118049,118039
FCFS,2476,2361,73,120408,120481,118047,118120,118047
FCFS,7906,2362,92,120481,120573,118119,118211,118119
FCFS,4909,2363,4,120573,120577,118210,118214,118210
FCFS,5020,2364,20,120577,120597,118213,118233,118213
FCFS,5765,2365,15,120597,120612,118232,118247,118232
FCFS,1699,2365,89,120612,120701,118247,118336,118247
FCFS,8249,2367,72,120701,120773,118334,118406,118334
FCFS,355,2368,64,120773,120837,118405,118469,118405
FCFS,3144,2368,65,120837,120902,118469,118534,118469
FCFS,2015,2368,65,120902,120967,118534,118599,118534
FCFS,3436,2369,43,120967,121010,118598,118641,118598
FCFS,7223,2370,37,121010,121047,118640,118677,118640
FCFS,983,2371,96,121047,121143,118676,118772,118676
FCFS,5591,2371,72,121143,121215,118772,118844,118772
FCFS,9559,2372,29,121215,121244,118843,118872,118843
FCFS,9226,2373,43,121244,121287,118871,118914,118871
FCFS,7938,2374,23,121287,121310,118913,118936,118913
FCFS,6523,2376,83,121310,121393,118934,119017,118934
FCFS,2230,2376,68,121393,121461,119017,119085,119017
FCFS,8783,2377,36,121461,121497,119084,119120,119084
FCFS,4115,2378,4,121497,121501,119119,119123,119119
FCFS,6647,2379,76,121501,121577,119122,119198,119122
FCFS,5159,2381,91,121577,121668,119196,119287,119196
FCFS,4002,2382,42,121668,121710,119286,119328,119286
FCFS,1476,2382,67,121710,121777,119328,119395,119328
FCFS,1437,2383,77,121777,121854,119394,119471,119394
FCFS,9468,2383,36,121854,121890,119471,119507,119471
FCFS,7808,2384,16,121890,121906,119506,119522,119506
FCFS,3056,2384,56,121906,121962,119522,119578,119522
FCFS,227,2385,19,121962,121981,119577,119596,119577
FCFS,2152,2385,50,121981,122031,119596,119646,119596
FCFS,4229,2387,62,122031,122093,119644,119706,119644
FCFS,5450,2387,98,122093,122191,119706,119804,119706
FCFS,9251,2389,37,122191,122228,119802,119839,119802
FCFS,779,2393,10,122228,122238,119835,119845,119835
FCFS,2766,2394,47,122238,122285,119844,119891,119844
FCFS,5300,2395,58,122285,122343,119890,119948,119890
FCFS,1427,2396,97,122343,122440,119947,120044,119947
FCFS,9231,2397,28,122440,122468,120043,120071,120043
FCFS,4537,2398,76,122468,122544,120070,120146,120070
FCFS,8487,2399,54,122544,122598,120145,120199,120145
FCFS,8296,2401,91,122598,122689,120197,120288,120197
FCFS,4686,2402,83,122689,122772,120287,120370,120287
FCFS,8636,2402,46,122772,122818,120370,120416,120370
FCFS,1460,2403,39,122818,122857,120415,120454,120415
FCFS,2032,2408,60,122857,122917,120449,120509,120449
FCFS,3415,2409,21,122917,122938,120508,120529,120508
FCFS,9775,2409,57,122938,122995,120529,120586,120529
FCFS,5796,2410,21,122995,123016,120585,120606,120585
FCFS,4264,2411,82,123016,123098,120605,120687,120605
FCFS,7615,2413,29,123098,123127,120685,120714,120685
FCFS,4778,2415,28,123127,123155,120712,120740,120712
FCFS,5970,2415,90,123155,123245,120740,120830,120740
FCFS,9643,2415,40,123245,123285,120830,120870,120830
FCFS,6325,2415,93,123285,123378,120870,120963,120870
FCFS,6379,2415,76,123378,123454,120963,121039,120963
FCFS,2961,2416,47,123454,123501,121038,121085,121038
FCFS,4710,2418,77,123501,123578,121083,121160,121083
FCFS,7333,2418,28,123578,123606,121160,121188,121160
FCFS,1295,2419,40,123606,123646,121187,121227,121187
FCFS,6793,2419,74,123646,123720,121227,121301,121227
FCFS,8935,2421,22,123720,123742,121299,121321,121299
FCFS,1267,2421,73,123742,123815,121321,121394,121321
FCFS,8979,2422,80,123815,123895,121393,121473,121393
FCFS,7826,2423,14,123895,123909,121472,121486,121472
FCFS,3776,2424,50,123909,123959,121485,121535,121485
FCFS,2542,2426,68,123959,124027,121533,121601,121533
FCFS,3770,2426,36,124027,124063,121601,121637,121601
FCFS,456,2427,15,124063,124078,121636,121651,121636
FCFS,1986,2428,84,124078,124162,121650,121734,121650
FCFS,7130,2428,5,124162,124167,121734,121739,121734
FCFS,1501,2428,55,124167,124222,121739,121794,121739
FCFS,6397,2429,14,124222,124236,121793,121807,121793
FCFS,1631,2430,32,124236,124268,121806,121838,121806
FCFS,4293,2430,32,124268,124300,121838,121870,121838
FCFS,8644,2431,88,124300,124388,121869,121957,121869
FCFS,6990,2431,10,124388,124398,121957,121967,121957
FCFS,4623,2432,78,124398,124476,121966,122044,121966
FCFS,8116,2433,76,124476,124552,122043,122119,122043
FCFS,1570,2433,20,124552,124572,122119,122139,122119
FCFS,14,2433,59,124572,124631,122139,122198,122139
FCFS,7341,2434,66,124631,124697,122197,122263,122197
FCFS,6595,2436,79,124697,124776,122261,122340,122261
FCFS,3188,2437,8,124776,124784,122339,122347,122339
FCFS,3685,2438,21,124784,124805,122346,122367,122346
FCFS,4332,2440,74,124805,124879,122365,122439,122365
FCFS,6589,2440,61,124879,124940,122439,122500,122439
FCFS,8243,2440,28,124940,124968,122500,122528,122500
FCFS,6945,2441,83,124968,125051,122527,122610,122527
FCFS,6690,2443,36,125051,125087,122608,122644,122608
FCFS,997,2443,93,125087,125180,122644,122737,122644
FCFS,6341,2446,74,125180,125254,122734,122808,122734
FCFS,3458,2451,97,125254,125351,122803,122900,122803
FCFS,106,2454,86,125351,125437,122897,122983,122897
FCFS,2674,2454,80,125437,125517,122983,123063,122983
FCFS,3034,2454,39,125517,125556,123063,123102,123063
FCFS,5908,2460,88,125556,125644,123096,123184,123096
FCFS,8908,2460,69,125644,125713,123184,123253,123184
FCFS,2300,2460,66,125713,125779,123253,123319,123253
FCFS,3743,2461,73,125779,125852,123318,123391,123318
FCFS,2262,2461,3,125852,125855,123391,123394,123391
FCFS,4651,2462,87,125855,125942,123393,123480,123393
FCFS,4900,2462,3,125942,125945,123480,123483,123480
FCFS,8393,2463,16,125945,125961,123482,123498,123482
FCFS,9087,2464,88,125961,126049,123497,123585,123497
FCFS,8422,2465,12,126049,126061,123584,123596,123584
FCFS,2869,2466,94,126061,126155,123595,123689,123595
FCFS,4676,2466,73,126155,126228,123689,123762,123689
FCFS,1388,2466,15,126228,126243,123762,123777,123762
FCFS,3425,2468,14,126243,126257,123775,123789,123775
FCFS,3505,2468,25,126257,126282,123789,123814,123789
FCFS,1447,2469,24,126282,126306,123813,123837,123813
FCFS,841,2472,76,126306,126382,123834,123910,123834
FCFS,3887,2472,43,126382,126425,123910,123953,123910
FCFS,1972,2472,81,126425,126506,123953,124034,123953
FCFS,1978,2475,54,126506,126560,124031,124085,124031
FCFS,5488,2476,71,126560,126631,124084,124155,124084
FCFS,432,2479,27,126631,126658,124152,124179,124152
FCFS,2729,2479,31,126658,126689,124179,124210,124179
FCFS,1076,2482,55,126689,126744,124207,124262,124207
FCFS,9302,2484,58,126744,126802,124260,124318,124260
FCFS,8406,2486,82,126802,126884,124316,124398,124316
FCFS,7494,2486,52,126884,126936,124398,124450,124398
FCFS,6687,2486,1,126936,126937,124450,124451,124450
FCFS,7950,2488,20,126937,126957,124449,124469,124449
FCFS,443,2489,14,126957,126971,124468,124482,124468
FCFS,3060,2490,90,126971,127061,124481,124571,124481
FCFS,375,2491,45,127061,127106,124570,124615,124570
FCFS,8361,2492,79,127106,127185,124614,124693,124614
FCFS,2001,2493,91,127185,127276,124692,124783,124692
FCFS,2093,2494,84,127276,127360,124782,124866,124782
FCFS,8982,2496,27,127360,127387,124864,124891,124864
FCFS,2035,2496,80,127387,127467,124891,124971,124891
FCFS,2855,2497,75,127467,127542,124970,125045,124970
FCFS,6774,2500,97,127542,127639,125042,125139,125042
FCFS,522,2502,65,127639,127704,125137,125202,125137
FCFS,4609,2504,20,127704,127724,125200,125220,125200
FCFS,493,2504,47,127724,127771,125220,125267,125220
FCFS,2612,2504,46,127771,127817,125267,125313,125267
FCFS,4186,2505,74,127817,127891,125312,125386,125312
FCFS,6054,2506,27,127891,127918,125385,125412,125385
FCFS,8869,2506,40,127918,127958,125412,125452,125412
FCFS,6300,2508,50,127958,128008,125450,125500,125450
FCFS,7037,2509,73,128008,128081,125499,125572,125499
FCFS,7476,2510,4,128081,128085,125571,125575,125571
FCFS,210,2511,99,128085,128184,125574,125673,125574
FCFS,8414,2511,41,128184,128225,125673,125714,125673
FCFS,8209,2511,77,128225,128302,125714,125791,125714
FCFS,6034,2511,32,128302,128334,125791,125823,125791
FCFS,8011,2513,41,128334,128375,125821,125862,125821
FCFS,7572,2513,9,128375,128384,125862,125871,125862
FCFS,7392,2513,45,128384,128429,125871,125916,125871
FCFS,8714,2513,65,128429,128494,125916,125981,125916
FCFS,8140,2514,97,128494,128591,125980,126077,125980
FCFS,9783,2515,3,128591,128594,126076,126079,126076
FCFS,9213,2515,13,128594,128607,126079,126092,126079
FCFS,9343,2520,53,128607,128660,126087,126140,126087
FCFS,2318,2520,53,128660,128713,126140,126193,126140
FCFS,5799,2521,3,128713,128716,126192,126195,126192
FCFS,7595,2523,39,128716,128755,126193,126232,126193
FCFS,3587,2524,29,128755,128784,126231,126260,126231
FCFS,2727,2524,41,128784,128825,126260,126301,126260
FCFS,6467,2526,2,128825,128827,126299,126301,126299
FCFS,2080,2529,50,128827,128877,126298,126348,126298
FCFS,9798,2529,52,128877,128929,126348,126400,126348
FCFS,2075,2530,37,128929,128966,126399,126436,126399
FCFS,9425,2532,54,128966,129020,126434,126488,126434
FCFS,4347,2535,50,129020,129070,126485,126535,126485
FCFS,3616,2535,60,129070,129130,126535,126595,126535
FCFS,4944,2537,49,129130,129179,126593,126642,126593
FCFS,1121,2538,62,129179,129241,126641,126703,126641
FCFS,9636,2538,59,129241,129300,126703,126762,126703
FCFS,2471,2539,1,129300,129301,126761,126762,126761
FCFS,554,2539,15,129301,129316,126762,126777,126762
FCFS,4729,2541,20,129316,129336,126775,126795,126775
FCFS,1169,2541,81,129336,129417,126795,126876,126795
FCFS,7014,2542,35,129417,129452,126875,126910,126875
FCFS,7221,2544,81,129452,129533,126908,126989,126908
FCFS,9403,2544,75,129533,129608,126989,127064,126989
FCFS,4398,2547,57,129608,129665,127061,127118,127061
FCFS,2326,2547,36,129665,129701,127118,127154,127118
FCFS,5165,2547,53,129701,129754,127154,127207,127154
FCFS,5729,2550,14,129754,129768,127204,127218,127204
FCFS,9821,2550,48,129768,129816,127218,127266,127218
FCFS,2545,2551,99,129816,129915,127265,127364,127265
FCFS,870,2551,36,129915,129951,127364,127400,127364
FCFS,7279,2553,48,129951,129999,127398,127446,127398
FCFS,3730,2555,56,129999,130055,127444,127500,127444
FCFS,2549,2555,43,130055,130098,127500,127543,127500
FCFS,7460,2555,94,130098,130192,127543,127637,127543
FCFS,3131,2555,7,130192,130199,127637,127644,127637
FCFS,258,2557,21,130199,130220,127642,127663,127642
FCFS,24,2558,1,130220,130221,127662,127663,127662
FCFS,5182,2560,1,130221,130222,127661,127662,127661
FCFS,917,2560,67,130222,130289,127662,127729,127662
FCFS,4070,2561,61,130289,130350,127728,127789,127728
FCFS,2360,2563,20,130350,130370,127787,127807,127787
FCFS,5920,2565,4,130370,130374,127805,127809,127805
FCFS,3991,2565,96,130374,130470,127809,127905,127809
FCFS,3307,2566,11,130470,130481,127904,127915,127904
FCFS,4233,2566,30,130481,130511,127915,127945,127915
FCFS,6155,2567,21,130511,130532,127944,127965,127944
FCFS,3004,2567,54,130532,130586,127965,128019,127965
FCFS,7620,2568,60,130586,130646,128018,128078,128018
FCFS,89,2568,83,130646,130729,128078,128161,128078
FCFS,8438,2568,1,130729,130730,128161,128162,128161
FCFS,5800,2568,68,130730,130798,128162,128230,128162
FCFS,6347,2569,4,130798,130802,128229,128233,128229
FCFS,5539,2572,53,130802,130855,128230,128283,128230
FCFS,1161,2573,26,130855,130881,128282,128308,128282
FCFS,4059,2575,42,130881,130923,128306,128348,128306
FCFS,5062,2575,29,130923,130952,128348,128377,128348
FCFS,9942,2575,27,130952,130979,128377,128404,128377
FCFS,9227,2576,19,130979,130998,128403,128422,128403
FCFS,8004,2577,89,130998,131087,128421,128510,128421
FCFS,8866,2580,1,131087,131088,128507,128508,128507
FCFS,9050,2580,51,131088,131139,128508,128559,128508
FCFS,5456,2580,95,131139,131234,128559,128654,128559
FCFS,3990,2581,97,131234,131331,128653,128750,128653
FCFS,4875,2581,46,131331,131377,128750,128796,128750
FCFS,4099,2581,11,131377,131388,128796,128807,128796
FCFS,6684,2581,71,131388,131459,128807,128878,128807
FCFS,8789,2586,21,131459,131480,128873,128894,128873
FCFS,8238,2587,25,131480,131505,128893,128918,128893
FCFS,3228,2587,66,131505,131571,128918,128984,128918
FCFS,4162,2587,50,131571,131621,128984,129034,128984
FCFS,9101,2588,46,131621,131667,129033,129079,129033
FCFS,858,2590,98,131667,131765,129077,129175,129077
FCFS,9652,2590,49,131765,131814,129175,129224,129175
FCFS,6714,2590,18,131814,131832,129224,129242,129224
FCFS,3873,2591,71,131832,131903,129241,129312,129241
FCFS,2583,2591,65,131903,131968,129312,129377,129312
FCFS,8235,2592,75,131968,132043,129376,129451,129376
FCFS,780,2593,67,132043,132110,129450,129517,129450
FCFS,3884,2594,81,132110,132191,129516,129597,129516
FCFS,6593,2594,59,132191,132250,129597,129656,129597
FCFS,8817,2597,17,132250,132267,129653,129670,129653
FCFS,2679,2597,93,132267,132360,129670,129763,129670
FCFS,5469,2597,37,132360,132397,129763,129800,129763
FCFS,9305,2597,4,132397,132401,129800,129804,129800
FCFS,5514,2598,98,132401,132499,129803,129901,129803
FCFS,1162,2599,50,132499,132549,129900,129950,129900
FCFS,5934,2600,95,132549,132644,129949,130044,129949
FCFS,3720,2600,22,132644,132666,130044,130066,130044
FCFS,5822,2601,21,132666,132687,130065,130086,130065
FCFS,6637,2603,20,132687,132707,130084,130104,130084
FCFS,6177,2603,62,132707,132769,130104,130166,130104
FCFS,1443,2604,18,132769,132787,130165,130183,130165
FCFS,4000,2604,21,132787,132808,130183,130204,130183
FCFS,3360,2606,50,132808,132858,130202,130252,130202
FCFS,3680,2606,73,132858,132931,130252,130325,130252
FCFS,2913,2606,51,132931,132982,130325,130376,130325
FCFS,3987,2607,62,132982,133044,130375,130437,130375
FCFS,6401,2607,73,133044,133117,130437,130510,130437
FCFS,3570,2610,47,133117,133164,130507,130554,130507
FCFS,2411,2610,51,133164,133215,130554,130605,130554
FCFS,45,2612,60,133215,133275,130603,130663,130603
FCFS,4265,2617,44,133275,133319,130658,130702,130658
FCFS,4037,2618,94,133319,133413,130701,130795,130701
FCFS,4664,2618,79,133413,133492,130795,130874,130795
FCFS,9012,2620,69,133492,133561,130872,130941,130872
FCFS,6215,2623,86,133561,133647,130938,131024,130938
FCFS,3196,2624,85,133647,133732,131023,131108,131023
FCFS,8477,2625,90,133732,133822,131107,131197,131107
FCFS,9259,2627,15,133822,133837,131195,131210,131195
FCFS,5923,2630,17,133837,133854,131207,131224,131207
FCFS,1354,2632,20,133854,133874,131222,131242,131222
FCFS,2335,2634,33,133874,133907,131240,131273,131240
FCFS,9458,2634,76,133907,133983,131273,131349,131273
FCFS,914,2635,36,133983,134019,131348,131384,131348
FCFS,6327,2637,54,134019,134073,131382,131436,131382
FCFS,5411,2639,80,134073,134153,131434,131514,131434
FCFS,3734,2642,46,134153,134199,131511,131557,131511
FCFS,6975,2642,64,134199,134263,131557,131621,131557
FCFS,2456,2643,78,134263,134341,131620,131698,131620
FCFS,5719,2644,8,134341,134349,131697,131705,131697
FCFS,3376,2645,98,134349,134447,131704,131802,131704
FCFS,973,2645,53,134447,134500,131802,131855,131802
FCFS,5230,2645,4,134500,134504,131855,131859,131855
FCFS,9013,2646,69,134504,134573,131858,131927,131858
FCFS,5224,2646,70,134573,134643,131927,131997,131927
FCFS,8790,2648,64,134643,134707,131995,132059,131995
FCFS,2328,2649,88,134707,134795,132058,132146,132058
FCFS,7807,2650,25,134795,134820,132145,132170,132145
FCFS,8514,2651,98,134820,134918,132169,132267,132169
FCFS,5368,2653,95,134918,135013,132265,132360,132265
FCFS,8137,2653,38,135013,135051,132360,132398,132360
FCFS,8598,2653,52,135051,135103,132398,132450,132398
FCFS,4925,2654,76,135103,135179,132449,132525,132449
FCFS,5823,2657,75,135179,135254,132522,132597,132522
FCFS,5114,2657,44,135254,135298,132597,132641,132597
FCFS,2887,2658,2,135298,135300,132640,132642,132640
FCFS,6805,2658,55,135300,135355,132642,132697,132642
FCFS,2681,2659,26,135355,135381,132696,132722,132696
FCFS,5744,2659,24,135381,135405,132722,132746,132722
FCFS,3007,2660,52,135405,135457,132745,132797,132745
FCFS,3284,2661,6,135457,135463,132796,132802,132796
FCFS,6257,2663,33,135463,135496,132800,132833,132800
FCFS,2000,2665,16,135496,135512,132831,132847,132831
FCFS,6323,2665,41,135512,135553,132847,132888,132847
FCFS,7449,2665,52,135553,135605,132888,132940,132888
FCFS,9025,2666,61,135605,135666,132939,133000,132939
FCFS,1307,2667,17,135666,135683,132999,133016,132999
FCFS,3861,2668,79,135683,135762,133015,133094,133015
FCFS,4990,2669,44,135762,135806,133093,133137,133093
FCFS,5304,2670,39,135806,135845,133136,133175,133136
FCFS,8864,2670,53,135845,135898,133175,133228,133175
FCFS,9707,2670,46,135898,135944,133228,133274,133228
FCFS,4745,2671,50,135944,135994,133273,133323,133273
FCFS,4566,2672,74,135994,136068,133322,133396,133322
FCFS,2173,2672,91,136068,136159,133396,133487,133396
FCFS,988,2674,32,136159,136191,133485,133517,133485
FCFS,1154,2679,48,136191,136239,133512,133560,133512
FCFS,3966,2679,40,136239,136279,133560,133600,133560
FCFS,561,2681,37,136279,136316,133598,133635,133598
FCFS,1195,2681,63,136316,136379,133635,133698,133635
FCFS,5723,2681,52,136379,136431,133698,133750,133698
FCFS,7444,2681,79,136431,136510,133750,133829,133750
FCFS,6302,2682,90,136510,136600,133828,133918,133828
FCFS,8997,2685,75,136600,136675,133915,133990,133915
FCFS,9203,2686,11,136675,136686,133989,134000,133989
FCFS,7278,2686,12,136686,136698,134000,134012,134000
FCFS,7936,2686,26,136698,136724,134012,134038,134012
FCFS,3946,2687,56,136724,136780,134037,134093,134037
FCFS,6733,2689,98,136780,136878,134091,134189,134091
FCFS,8569,2689,34,136878,136912,134189,134223,134189
FCFS,9187,2690,94,136912,137006,134222,134316,134222
FCFS,4208,2690,44,137006,137050,134316,134360,134316
FCFS,8228,2691,12,137050,137062,134359,134371,134359
FCFS,5451,2693,40,137062,137102,134369,134409,134369
FCFS,147,2693,26,137102,137128,134409,134435,134409
FCFS,92,2695,42,137128,137170,134433,134475,134433
FCFS,4442,2696,19,137170,137189,134474,134493,134474
FCFS,3894,2700,39,137189,137228,134489,134528,134489
FCFS,2849,2702,81,137228,137309,134526,134607,134526
FCFS,622,2703,52,137309,137361,134606,134658,134606
FCFS,7118,2705,46,137361,137407,134656,134702,134656
FCFS,5868,2706,76,137407,137483,134701,134777,134701
FCFS,6764,2707,63,137483,137546,134776,134839,134776
FCFS,5975,2708,95,137546,137641,134838,134933,134838
FCFS,3553,2708,77,137641,137718,134933,135010,134933
FCFS,9266,2708,78,137718,137796,135010,135088,135010
FCFS,1264,2708,8,137796,137804,135088,135096,135088
FCFS,1031,2708,86,137804,137890,135096,135182,135096
FCFS,8546,2709,23,137890,137913,135181,135204,135181
FCFS,8978,2709,71,137913,137984,135204,135275,135204
FCFS,4725,2710,16,137984,138000,135274,135290,135274
FCFS,7767,2711,94,138000,138094,135289,135383,135289
FCFS,1216,2711,86,138094,138180,135383,135469,135383
FCFS,8158,2711,69,138180,138249,135469,135538,135469
FCFS,2211,2711,27,138249,138276,135538,135565,135538
FCFS,946,2712,37,138276,138313,135564,135601,135564
FCFS,1060,2713,34,138313,138347,135600,135634,135600
FCFS,6042,2713,67,138347,138414,135634,135701,135634
FCFS,5642,2716,81,138414,138495,135698,135779,135698
FCFS,1081,2717,78,138495,138573,135778,135856,135778
FCFS,2094,2719,10,138573,138583,135854,135864,135854
FCFS,1455,2719,34,138583,138617,135864,135898,135864
FCFS,8709,2720,13,138617,138630,135897,135910,135897
FCFS,1594,2720,1,138630,138631,135910,135911,135910
FCFS,5748,2721,23,138631,138654,135910,135933,135910
FCFS,6083,2721,62,138654,138716,135933,135995,135933
FCFS,9819,2722,19,138716,138735,135994,136013,135994
FCFS,7083,2722,67,138735,138802,136013,136080,136013
FCFS,7691,2722,10,138802,138812,136080,136090,136080
FCFS,9736,2723,67,138812,138879,136089,136156,136089
FCFS,2711,2723,17,138879,138896,136156,136173,136156
FCFS,4079,2725,60,138896,138956,136171,136231,136171
FCFS,5910,2728,95,138956,139051,136228,136323,136228
FCFS,108,2731,52,139051,139103,136320,136372,136320
FCFS,9526,2731,86,139103,139189,136372,136458,136372
FCFS,8451,2731,59,139189,139248,136458,136517,136458
FCFS,8976,2732,72,139248,139320,136516,136588,136516
FCFS,329,2733,57,139320,139377,136587,136644,136587
FCFS,1737,2734,29,139377,139406,136643,136672,136643
FCFS,31,2734,47,139406,139453,136672,136719,136672
FCFS,7841,2735,83,139453,139536,136718,136801,136718
FCFS,4119,2735,20,139536,139556,136801,136821,136801
FCFS,6751,2735,16,139556,139572,136821,136837,136821
FCFS,1384,2736,55,139572,139627,136836,136891,136836
FCFS,460,2738,88,139627,139715,136889,136977,136889
FCFS,6455,2738,67,139715,139782,136977,137044,136977
FCFS,7877,2738,88,139782,139870,137044,137132,137044
FCFS,7926,2739,46,139870,139916,137131,137177,137131
FCFS,7312,2739,73,139916,139989,137177,137250,137177
FCFS,842,2739,99,139989,140088,137250,137349,137250
FCFS,1765,2740,96,140088,140184,137348,137444,137348
FCFS,5772,2741,44,140184,140228,137443,137487,137443
FCFS,3392,2743,25,140228,140253,137485,137510,137485
FCFS,427,2744,3,140253,140256,137509,137512,137509
FCFS,7077,2744,41,140256,140297,137512,137553,137512
FCFS,635,2745,92,140297,140389,137552,137644,137552
FCFS,3295,2745,12,140389,140401,137644,137656,137644
FCFS,1429,2745,87,140401,140488,137656,137743,137656
FCFS,27,2747,51,140488,140539,137741,137792,137741
FCFS,8263,2747,64,140539,140603,137792,137856,137792
FCFS,3542,2749,89,140603,140692,137854,137943,137854
FCFS,9146,2750,17,140692,140709,137942,137959,137942
FCFS,1488,2752,2,140709,140711,137957,137959,137957
FCFS,8312,2756,68,140711,140779,137955,138023,137955
FCFS,2407,2757,13,140779,140792,138022,138035,138022
FCFS,5843,2757,13,140792,140805,138035,138048,138035
FCFS,9500,2758,79,140805,140884,138047,138126,138047
FCFS,8429,2759,6,140884,140890,138125,138131,138125
FCFS,3696,2761,76,140890,140966,138129,138205,138129
FCFS,3858,2761,52,140966,141018,138205,138257,138205
FCFS,4436,2761,65,141018,141083,138257,138322,138257
FCFS,7982,2762,4,141083,141087,138321,138325,138321
FCFS,3992,2763,8,141087,141095,138324,138332,138324
FCFS,3637,2763,9,141095,141104,138332,138341,138332
FCFS,8099,2763,44,141104,141148,138341,138385,138341
FCFS,7529,2765,67,141148,141215,138383,138450,138383
FCFS,6604,2765,83,141215,141298,138450,138533,138450
FCFS,3465,2765,95,141298,141393,138533,138628,138533
FCFS,3066,2767,44,141393,141437,138626,138670,138626
FCFS,9459,2768,40,141437,141477,138669,138709,138669
FCFS,1159,2768,12,141477,141489,138709,138721,138709
FCFS,6569,2772,48,141489,141537,138717,138765,138717
FCFS,1839,2772,75,141537,141612,138765,138840,138765
FCFS,7286,2773,6,141612,141618,138839,138845,138839
FCFS,4575,2773,57,141618,141675,138845,138902,138845
FCFS,3892,2773,84,141675,141759,138902,138986,138902
FCFS,5289,2774,3,141759,141762,138985,138988,138985
FCFS,6543,2775,35,141762,141797,138987,139022,138987
FCFS,9369,2775,43,141797,141840,139022,139065,139022
FCFS,4268,2775,71,141840,141911,139065,139136,139065
FCFS,5003,2776,61,141911,141972,139135,139196,139135
FCFS,5055,2778,10,141972,141982,139194,139204,139194
FCFS,6194,2779,69,141982,142051,139203,139272,139203
FCFS,647,2779,9,142051,142060,139272,139281,139272
FCFS,3141,2780,13,142060,142073,139280,139293,139280
FCFS,3483,2780,28,142073,142101,139293,139321,139293
FCFS,4310,2782,2,142101,142103,139319,139321,139319
FCFS,524,2782,51,142103,142154,139321,139372,139321
FCFS,3371,2783,41,142154,142195,139371,139412,139371
FCFS,8646,2784,61,142195,142256,139411,139472,139411
FCFS,2026,2785,16,142256,142272,139471,139487,139471
FCFS,4372,2785,61,142272,142333,139487,139548,139487
FCFS,6722,2785,55,142333,142388,139548,139603,139548
FCFS,4446,2786,39,142388,142427,139602,139641,139602
FCFS,495,2786,86,142427,142513,139641,139727,139641
FCFS,7307,2786,21,142513,142534,139727,139748,139727
FCFS,9393,2787,55,142534,142589,139747,139802,139747
FCFS,3445,2787,96,142589,142685,139802,139898,139802
FCFS,4218,2789,80,142685,142765,139896,139976,139896
FCFS,129,2790,62,142765,142827,139975,140037,139975
FCFS,6763,2790,53,142827,142880,140037,140090,140037
FCFS,3300,2792,17,142880,142897,140088,140105,140088
FCFS,6375,2793,74,142897,142971,140104,140178,140104
FCFS,9555,2793,13,142971,142984,140178,140191,140178
FCFS,5571,2795,68,142984,143052,140189,140257,140189
FCFS,806,2797,19,143052,143071,140255,140274,140255
FCFS,5108,2799,14,143071,143085,140272,140286,140272
FCFS,3567,2800,34,143085,143119,140285,140319,140285
FCFS,2781,2800,27,143119,143146,140319,140346,140319
FCFS,7525,2800,73,143146,143219,140346,140419,140346
FCFS,8716,2801,50,143219,143269,140418,140468,140418
FCFS,6317,2803,8,143269,143277,140466,140474,140466
FCFS,3308,2803,24,143277,143301,140474,140498,140474
FCFS,7858,2803,68,143301,143369,140498,140566,140498
FCFS,4761,2806,49,143369,143418,140563,140612,140563
FCFS,345,2806,88,143418,143506,140612,140700,140612
FCFS,3037,2808,13,143506,143519,140698,140711,140698
FCFS,1452,2808,23,143519,143542,140711,140734,140711
FCFS,5783,2809,4,143542,143546,140733,140737,140733
FCFS,8571,2810,39,143546,143585,140736,140775,140736
FCFS,6532,2810,20,143585,143605,140775,140795,140775
FCFS,9876,2810,97,143605,143702,140795,140892,140795
FCFS,2386,2810,36,143702,143738,140892,140928,140892
FCFS,213,2811,2,143738,143740,140927,140929,140927
FCFS,712,2814,15,143740,143755,140926,140941,140926
FCFS,1991,2817,26,143755,143781,140938,140964,140938
FCFS,6681,2817,31,143781,143812,140964,140995,140964
FCFS,3826,2817,69,143812,143881,140995,141064,140995
FCFS,2034,2817,5,143881,143886,141064,141069,141064
FCFS,9167,2819,63,143886,143949,141067,141130,141067
FCFS,3047,2819,56,143949,144005,141130,141186,141130
FCFS,4642,2821,79,144005,144084,141184,141263,141184
FCFS,2563,2822,90,144084,144174,141262,141352,141262
FCFS,6855,2823,14,144174,144188,141351,141365,141351
FCFS,6817,2824,13,144188,144201,141364,141377,141364
FCFS,903,2824,85,144201,144286,141377,141462,141377
FCFS,8660,2825,66,144286,144352,141461,141527,141461
FCFS,4168,2827,5,144352,144357,141525,141530,141525
FCFS,4129,2828,38,144357,144395,141529,141567,141529
FCFS,3147,2828,85,144395,144480,141567,141652,141567
FCFS,4431,2828,67,144480,144547,141652,141719,141652
FCFS,8842,2829,34,144547,144581,141718,141752,141718
FCFS,6082,2831,88,144581,144669,141750,141838,141750
FCFS,902,2832,13,144669,144682,141837,141850,141837
FCFS,742,2832,24,144682,144706,141850,141874,141850
FCFS,3562,2832,55,144706,144761,141874,141929,141874
FCFS,6745,2833,62,144761,144823,141928,141990,141928
FCFS,3002,2834,57,144823,144880,141989,142046,141989
FCFS,7876,2835,40,144880,144920,142045,142085,142045
FCFS,9110,2837,62,144920,144982,142083,142145,142083
FCFS,403,2838,84,144982,145066,142144,142228,142144
FCFS,6207,2838,8,145066,145074,142228,142236,142228
FCFS,7868,2838,98,145074,145172,142236,142334,142236
FCFS,2426,2839,26,145172,145198,142333,142359,142333
FCFS,448,2839,79,145198,145277,142359,142438,142359
FCFS,5424,2841,21,145277,145298,142436,142457,142436
FCFS,3087,2841,72,145298,145370,142457,142529,142457
FCFS,4945,2842,4,145370,145374,142528,142532,142528
FCFS,4838,2843,32,145374,145406,142531,142563,142531
FCFS,1514,2844,97,145406,145503,142562,142659,142562
FCFS,4716,2845,46,145503,145549,142658,142704,142658
FCFS,8392,2846,75,145549,145624,142703,142778,142703
FCFS,9477,2847,32,145624,145656,142777,142809,142777
FCFS,440,2849,14,145656,145670,142807,142821,142807
FCFS,3723,2849,66,145670,145736,142821,142887,142821
FCFS,7421,2850,5,145736,145741,142886,142891,142886
FCFS,4135,2850,37,145741,145778,142891,142928,142891
FCFS,4130,2850,19,145778,145797,142928,142947,142928
FCFS,4837,2851,61,145797,145858,142946,143007,142946
FCFS,1943,2852,94,145858,145952,143006,143100,143006
FCFS,4030,2854,59,145952,146011,143098,143157,143098
FCFS,3878,2854,23,146011,146034,143157,143180,143157
FCFS,8064,2855,96,146034,146130,143179,143275,143179
FCFS,7437,2860,8,146130,146138,143270,143278,143270
FCFS,4509,2863,90,146138,146228,143275,143365,143275
FCFS,1857,2863,25,146228,146253,143365,143390,143365
FCFS,9941,2865,13,146253,146266,143388,143401,143388
FCFS,1201,2866,61,146266,146327,143400,143461,143400
FCFS,4597,2866,6,146327,146333,143461,143467,143461
FCFS,2808,2866,19,146333,146352,143467,143486,143467
FCFS,7342,2868,88,146352,146440,143484,143572,143484
FCFS,7696,2869,63,146440,146503,143571,143634,143571
FCFS,265,2869,50,146503,146553,143634,143684,143634
FCFS,7932,2870,73,146553,146626,143683,143756,143683
FCFS,658,2871,63,146626,146689,143755,143818,143755
FCFS,3485,2871,23,146689,146712,143818,143841,143818
FCFS,1024,2872,36,146712,146748,143840,143876,143840
FCFS,8471,2873,86,146748,146834,143875,143961,143875
FCFS,4105,2875,86,146834,146920,143959,144045,143959
FCFS,1845,2875,53,146920,146973,144045,144098,144045
FCFS,8517,2877,88,146973,147061,144096,144184,144096
FCFS,787,2878,46,147061,147107,144183,144229,144183
FCFS,6247,2880,86,147107,147193,144227,144313,144227
FCFS,6897,2881,57,147193,147250,144312,144369,144312
FCFS,5474,2881,26,147250,147276,144369,144395,144369
FCFS,9940,2881,97,147276,147373,144395,144492,144395
FCFS,6331,2883,60,147373,147433,144490,144550,144490
FCFS,5967,2883,5,147433,147438,144550,144555,144550
FCFS,8136,2886,39,147438,147477,144552,144591,144552
FCFS,6709,2886,72,147477,147549,144591,144663,144591
FCFS,9746,2886,65,147549,147614,144663,144728,144663
FCFS,5419,2887,10,147614,147624,144727,144737,144727
FCFS,9186,2888,83,147624,147707,144736,144819,144736
FCFS,8352,2889,19,147707,147726,144818,144837,144818
FCFS,4013,2890,53,147726,147779,144836,144889,144836
FCFS,4053,2891,3,147779,147782,144888,144891,144888
FCFS,984,2891,58,147782,147840,144891,144949,144891
FCFS,6275,2892,45,147840,147885,144948,144993,144948
FCFS,6929,2892,24,147885,147909,144993,145017,144993
FCFS,9556,2892,46,147909,147955,145017,145063,145017
FCFS,7743,2892,17,147955,147972,145063,145080,145063
FCFS,3409,2895,10,147972,147982,145077,145087,145077
FCFS,5853,2895,35,147982,148017,145087,145122,145087
FCFS,1522,2896,60,148017,148077,145121,145181,145121
FCFS,5374,2897,87,148077,148164,145180,145267,145180
FCFS,929,2898,67,148164,148231,145266,145333,145266
FCFS,9241,2901,74,148231,148305,145330,145404,145330
FCFS,7746,2902,10,148305,148315,145403,145413,145403
FCFS,4185,2904,17,148315,148332,145411,145428,145411
FCFS,6003,2905,96,148332,148428,145427,145523,145427
FCFS,7467,2907,93,148428,148521,145521,145614,145521
FCFS,7830,2908,27,148521,148548,145613,145640,145613
FCFS,6377,2911,52,148548,148600,145637,145689,145637
FCFS,219,2911,86,148600,148686,145689,145775,145689
FCFS,3821,2912,56,148686,148742,145774,145830,145774
FCFS,508,2914,76,148742,148818,145828,145904,145828
FCFS,7468,2914,14,148818,148832,145904,145918,145904
FCFS,4084,2915,53,148832,148885,145917,145970,145917
FCFS,8564,2916,9,148885,148894,145969,145978,145969
FCFS,5597,2917,27,148894,148921,145977,146004,145977
FCFS,1660,2920,28,148921,148949,146001,146029,146001
FCFS,8713,2922,12,148949,148961,146027,146039,146027
FCFS,580,2923,42,148961,149003,146038,146080,146038
FCFS,4559,2925,99,149003,149102,146078,146177,146078
FCFS,5751,2925,21,149102,149123,146177,146198,146177
FCFS,7136,2926,8,149123,149131,146197,146205,146197
FCFS,4774,2931,67,149131,149198,146200,146267,146200
FCFS,201,2931,74,149198,149272,146267,146341,146267
FCFS,8841,2933,99,149272,149371,146339,146438,146339
FCFS,5578,2933,73,149371,149444,146438,146511,146438
FCFS,8078,2934,58,149444,149502,146510,146568,146510
FCFS,5347,2936,32,149502,149534,146566,146598,146566
FCFS,5403,2938,74,149534,149608,146596,146670,146596
FCFS,6576,2939,25,149608,149633,146669,146694,146669
FCFS,5679,2939,85,149633,149718,146694,146779,146694
FCFS,6122,2940,18,149718,149736,146778,146796,146778
FCFS,6064,2941,51,149736,149787,146795,146846,146795
FCFS,4796,2941,30,149787,149817,146846,146876,146846
FCFS,4041,2942,15,149817,149832,146875,146890,146875
FCFS,6807,2944,5,149832,149837,146888,146893,146888
FCFS,1557,2946,99,149837,149936,146891,146990,146891
FCFS,2698,2946,96,149936,150032,146990,147086,146990
FCFS,5117,2949,95,150032,150127,147083,147178,147083
FCFS,3663,2949,60,150127,150187,147178,147238,147178
FCFS,9645,2949,5,150187,150192,147238,147243,147238
FCFS,352,2950,22,150192,150214,147242,147264,147242
FCFS,3133,2951,68,150214,150282,147263,147331,147263
FCFS,3074,2953,27,150282,150309,147329,147356,147329
FCFS,7962,2956,3,150309,150312,147353,147356,147353
FCFS,8301,2956,94,150312,150406,147356,147450,147356
FCFS,1689,2958,23,150406,150429,147448,147471,147448
FCFS,8489,2960,95,150429,150524,147469,147564,147469
FCFS,262,2961,69,150524,150593,147563,147632,147563
FCFS,4175,2961,79,150593,150672,147632,147711,147632
FCFS,5402,2962,74,150672,150746,147710,147784,147710
FCFS,3773,2962,9,150746,150755,147784,147793,147784
FCFS,8919,2963,83,150755,150838,147792,147875,147792
FCFS,4131,2964,14,150838,150852,147874,147888,147874
FCFS,5798,2964,13,150852,150865,147888,147901,147888
FCFS,2081,2964,65,150865,150930,147901,147966,147901
FCFS,4863,2965,4,150930,150934,147965,147969,147965
FCFS,494,2967,29,150934,150963,147967,147996,147967
FCFS,1192,2969,13,150963,150976,147994,148007,147994
FCFS,6898,2970,7,150976,150983,148006,148013,148006
FCFS,9847,2970,68,150983,151051,148013,148081,148013
FCFS,7488,2971,23,151051,151074,148080,148103,148080
FCFS,4775,2971,62,151074,151136,148103,148165,148103
FCFS,4044,2972,20,151136,151156,148164,148184,148164
FCFS,3622,2972,63,151156,151219,148184,148247,148184
FCFS,7537,2972,86,151219,151305,148247,148333,148247
FCFS,317,2975,41,151305,151346,148330,148371,148330
FCFS,7321,2975,65,151346,151411,148371,148436,148371
FCFS,7174,2976,20,151411,151431,148435,148455,148435
FCFS,223,2976,1,151431,151432,148455,148456,148455
FCFS,9655,2978,3,151432,151435,148454,148457,148454
FCFS,2425,2978,57,151435,151492,148457,148514,148457
FCFS,2063,2978,92,151492,151584,148514,148606,148514
FCFS,2327,2979,3,151584,151587,148605,148608,148605
FCFS,8016,2979,79,151587,151666,148608,148687,148608
FCFS,4400,2979,81,151666,151747,148687,148768,148687
FCFS,9045,2982,77,151747,151824,148765,148842,148765
FCFS,1310,2983,59,151824,151883,148841,148900,148841
FCFS,7592,2983,26,151883,151909,148900,148926,148900
FCFS,8881,2985,38,151909,151947,148924,148962,148924
FCFS,4395,2985,39,151947,151986,148962,149001,148962
FCFS,8170,2986,57,151986,152043,149000,149057,149000
FCFS,8062,2986,56,152043,152099,149057,149113,149057
FCFS,5443,2987,17,152099,152116,149112,149129,149112
FCFS,8455,2987,59,152116,152175,149129,149188,149129
FCFS,7684,2989,24,152175,152199,149186,149210,149186
FCFS,1853,2989,42,152199,152241,149210,149252,149210
FCFS,2705,2990,83,152241,152324,149251,149334,149251
FCFS,2611,2990,71,152324,152395,149334,149405,149334
FCFS,8628,2990,96,152395,152491,149405,149501,149405
FCFS,3738,2994,31,152491,152522,149497,149528,149497
FCFS,5076,2994,65,152522,152587,149528,149593,149528
FCFS,8399,2997,2,152587,152589,149590,149592,149590
FCFS,5337,2999,73,152589,152662,149590,149663,149590
FCFS,5972,3001,40,152662,152702,149661,149701,149661
FCFS,8662,3003,34,152702,152736,149699,149733,149699
FCFS,8154,3003,51,152736,152787,149733,149784,149733
FCFS,1254,3004,15,152787,152802,149783,149798,149783
FCFS,32,3005,55,152802,152857,149797,149852,149797
FCFS,3927,3005,50,152857,152907,149852,149902,149852
FCFS,8853,3006,5,152907,152912,149901,149906,149901
FCFS,6814,3007,93,152912,153005,149905,149998,149905
FCFS,3472,3008,47,153005,153052,149997,150044,149997
FCFS,4947,3009,79,153052,153131,150043,150122,150043
FCFS,334,3009,98,153131,153229,150122,150220,150122
FCFS,2231,3009,39,153229,153268,150220,150259,150220
FCFS,6051,3010,60,153268,153328,150258,150318,150258
FCFS,9160,3012,64,153328,153392,150316,150380,150316
FCFS,6354,3019,63,153392,153455,150373,150436,150373
FCFS,9049,3019,38,153455,153493,150436,150474,150436
FCFS,1420,3020,24,153493,153517,150473,150497,150473
FCFS,5773,3020,4,153517,153521,150497,150501,150497
FCFS,4214,3020,93,153521,153614,150501,150594,150501
FCFS,7166,3022,50,153614,153664,150592,150642,150592
FCFS,9061,3022,64,153664,153728,150642,150706,150642
FCFS,9007,3026,68,153728,153796,150702,150770,150702
FCFS,1193,3028,98,153796,153894,150768,150866,150768
FCFS,1023,3030,20,153894,153914,150864,150884,150864
FCFS,9675,3030,81,153914,153995,150884,150965,150884
FCFS,8256,3034,48,153995,154043,150961,151009,150961
FCFS,2091,3036,61,154043,154104,151007,151068,151007
FCFS,8668,3036,97,154104,154201,151068,151165,151068
FCFS,9615,3037,63,154201,154264,151164,151227,151164
FCFS,6448,3039,7,154264,154271,151225,151232,151225
FCFS,1935,3040,7,154271,154278,151231,151238,151231
FCFS,9140,3041,7,154278,154285,151237,151244,151237
FCFS,1609,3041,46,154285,154331,151244,151290,151244
FCFS,1297,3042,52,154331,154383,151289,151341,151289
FCFS,6272,3044,37,154383,154420,151339,151376,151339
FCFS,9878,3044,77,154420,154497,151376,151453,151376
FCFS,4086,3046,32,154497,154529,151451,151483,151451
FCFS,378,3051,29,154529,154558,151478,151507,151478
FCFS,6831,3052,11,154558,154569,151506,151517,151506
FCFS,2831,3052,17,154569,154586,151517,151534,151517
FCFS,8779,3052,18,154586,154604,151534,151552,151534
FCFS,1116,3054,13,154604,154617,151550,151563,151550
FCFS,6825,3055,61,154617,154678,151562,151623,151562
FCFS,1533,3056,42,154678,154720,151622,151664,151622
FCFS,6431,3057,91,154720,154811,151663,151754,151663
FCFS,8102,3057,13,154811,154824,151754,151767,151754
FCFS,7890,3061,66,154824,154890,151763,151829,151763
FCFS,2492,3062,99,154890,154989,151828,151927,151828
FCFS,8240,3064,24,154989,155013,151925,151949,151925
FCFS,1198,3067,52,155013,155065,151946,151998,151946
FCFS,7273,3071,1,155065,155066,151994,151995,151994
FCFS,3578,3072,81,155066,155147,151994,152075,151994
FCFS,595,3072,88,155147,155235,152075,152163,152075
FCFS,4444,3072,63,155235,155298,152163,152226,152163
FCFS,1804,3072,50,155298,155348,152226,152276,152226
FCFS,1025,3072,7,155348,155355,152276,152283,152276
FCFS,6963,3072,2,155355,155357,152283,152285,152283
FCFS,58,3073,32,155357,155389,152284,152316,152284
FCFS,3850,3074,89,155389,155478,152315,152404,152315
FCFS,3508,3075,29,155478,155507,152403,152432,152403
FCFS,4731,3075,34,155507,155541,152432,152466,152432
FCFS,7591,3078,22,155541,155563,152463,152485,152463
FCFS,9435,3080,7,155563,155570,152483,152490,152483
FCFS,1719,3081,69,155570,155639,152489,152558,152489
FCFS,8836,3081,41,155639,155680,152558,152599,152558
FCFS,5922,3081,11,155680,155691,152599,152610,152599
FCFS,2319,3081,39,155691,155730,152610,152649,152610
FCFS,9247,3082,33,155730,155763,152648,152681,152648
FCFS,2004,3083,10,155763,155773,152680,152690,152680
FCFS,7727,3083,72,155773,155845,152690,152762,152690
FCFS,7531,3083,30,155845,155875,152762,152792,152762
FCFS,9864,3083,13,155875,155888,152792,152805,152792
FCFS,6146,3083,45,155888,155933,152805,152850,152805
FCFS,2330,3083,78,155933,156011,152850,152928,152850
FCFS,5574,3084,4,156011,156015,152927,152931,152927
FCFS,5987,3085,9,156015,156024,152930,152939,152930
FCFS,816,3086,54,156024,156078,152938,152992,152938
FCFS,8666,3088,37,156078,156115,152990,153027,152990
FCFS,9649,3088,7,156115,156122,153027,153034,153027
FCFS,6090,3089,17,156122,156139,153033,153050,153033
FCFS,8316,3091,74,156139,156213,153048,153122,153048
FCFS,9877,3092,75,156213,156288,153121,153196,153121
FCFS,4854,3092,23,156288,156311,153196,153219,153196
FCFS,1519,3093,29,156311,156340,153218,153247,153218
FCFS,3646,3093,27,156340,156367,153247,153274,153247
FCFS,9335,3094,38,156367,156405,153273,153311,153273
FCFS,7558,3095,38,156405,156443,153310,153348,153310
FCFS,5274,3096,93,156443,156536,153347,153440,153347
FCFS,4779,3096,83,156536,156619,153440,153523,153440
FCFS,1916,3097,91,156619,156710,153522,153613,153522
FCFS,101,3099,90,156710,156800,153611,153701,153611
FCFS,4331,3103,69,156800,156869,153697,153766,153697
FCFS,9540,3104,76,156869,156945,153765,153841,153765
FCFS,3671,3104,17,156945,156962,153841,153858,153841
FCFS,104,3104,59,156962,157021,153858,153917,153858
FCFS,242,3108,89,157021,157110,153913,154002,153913
FCFS,9686,3109,39,157110,157149,154001,154040,154001
FCFS,4339,3109,20,157149,157169,154040,154060,154040
FCFS,3536,3109,86,157169,157255,154060,154146,154060
FCFS,7628,3110,72,157255,157327,154145,154217,154145
FCFS,2810,3112,24,157327,157351,154215,154239,154215
FCFS,4459,3113,91,157351,157442,154238,154329,154238
FCFS,5914,3114,74,157442,157516,154328,154402,154328
FCFS,1591,3117,69,157516,157585,154399,154468,154399
FCFS,6800,3117,45,157585,157630,154468,154513,154468
FCFS,8824,3118,40,157630,157670,154512,154552,154512
FCFS,3051,3119,57,157670,157727,154551,154608,154551
FCFS,4885,3121,35,157727,157762,154606,154641,154606
FCFS,6094,3122,99,157762,157861,154640,154739,154640
FCFS,7211,3123,54,157861,157915,154738,154792,154738
FCFS,376,3124,90,157915,158005,154791,154881,154791
FCFS,1805,3124,14,158005,158019,154881,154895,154881
FCFS,5291,3124,35,158019,158054,154895,154930,154895
FCFS,8539,3126,78,158054,158132,154928,155006,154928
FCFS,6669,3127,96,158132,158228,155005,155101,155005
FCFS,8683,3129,98,158228,158326,155099,155197,155099
FCFS,6465,3129,95,158326,158421,155197,155292,155197
FCFS,4404,3129,75,158421,158496,155292,155367,155292
FCFS,5879,3129,86,158496,158582,155367,155453,155367
FCFS,9263,3130,81,158582,158663,155452,155533,155452
FCFS,9617,3131,49,158663,158712,155532,155581,155532
FCFS,8267,3133,50,158712,158762,155579,155629,155579
FCFS,9181,3133,30,158762,158792,155629,155659,155629
FCFS,2899,3134,81,158792,158873,155658,155739,155658
FCFS,4256,3135,75,158873,158948,155738,155813,155738
FCFS,4308,3136,75,158948,159023,155812,155887,155812
FCFS,2506,3137,58,159023,159081,155886,155944,155886
FCFS,9056,3138,90,159081,159171,155943,156033,155943
FCFS,5307,3138,35,159171,159206,156033,156068,156033
FCFS,2056,3138,53,159206,159259,156068,156121,156068
FCFS,9063,3139,67,159259,159326,156120,156187,156120
FCFS,5897,3140,76,159326,159402,156186,156262,156186
FCFS,575,3141,49,159402,159451,156261,156310,156261
FCFS,5082,3144,20,159451,159471,156307,156327,156307
FCFS,8463,3144,49,159471,159520,156327,156376,156327
FCFS,1621,3144,19,159520,159539,156376,156395,156376
FCFS,7028,3145,32,159539,159571,156394,156426,156394
FCFS,9889,3146,14,159571,159585,156425,156439,156425
FCFS,422,3147,40,159585,159625,156438,156478,156438
FCFS,8474,3148,7,159625,159632,156477,156484,156477
FCFS,9916,3148,85,159632,159717,156484,156569,156484
FCFS,9376,3148,97,159717,159814,156569,156666,156569
FCFS,9388,3148,12,159814,159826,156666,156678,156666
FCFS,6460,3149,23,159826,159849,156677,156700,156677
FCFS,5685,3150,22,159849,159871,156699,156721,156699
FCFS,6407,3151,35,159871,159906,156720,156755,156720
FCFS,54,3152,72,159906,159978,156754,156826,156754
FCFS,5758,3153,58,159978,160036,156825,156883,156825
FCFS,4270,3155,44,160036,160080,156881,156925,156881
FCFS,1518,3155,48,160080,160128,156925,156973,156925
FCFS,1705,3155,10,160128,160138,156973,156983,156973
FCFS,2862,3155,34,160138,160172,156983,157017,156983
FCFS,3529,3156,71,160172,160243,157016,157087,157016
FCFS,9598,3157,18,160243,160261,157086,157104,157086
FCFS,1282,3157,1,160261,160262,157104,157105,157104
FCFS,144,3157,36,160262,160298,157105,157141,157105
FCFS,5655,3158,91,160298,160389,157140,157231,157140
FCFS,5445,3159,98,160389,160487,157230,157328,157230
FCFS,6266,3159,22,160487,160509,157328,157350,157328
FCFS,8786,3160,29,160509,160538,157349,157378,157349
FCFS,5924,3161,66,160538,160604,157377,157443,157377
FCFS,7374,3161,89,160604,160693,157443,157532,157443
FCFS,3470,3162,82,160693,160775,157531,157613,157531
FCFS,3010,3162,67,160775,160842,157613,157680,157613
FCFS,4039,3163,6,160842,160848,157679,157685,157679
FCFS,4732,3164,53,160848,160901,157684,157737,157684
FCFS,5166,3164,29,160901,160930,157737,157766,157737
FCFS,3184,3167,23,160930,160953,157763,157786,157763
FCFS,8398,3167,67,160953,161020,157786,157853,157786
FCFS,3664,3168,38,161020,161058,157852,157890,157852
FCFS,311,3170,37,161058,161095,157888,157925,157888
FCFS,2996,3170,82,161095,161177,157925,158007,157925
FCFS,7243,3170,50,161177,161227,158007,158057,158007
FCFS,245,3170,63,161227,161290,158057,158120,158057
FCFS,3606,3171,98,161290,161388,158119,158217,158119
FCFS,6335,3172,38,161388,161426,158216,158254,158216
FCFS,3274,3173,55,161426,161481,158253,158308,158253
FCFS,1823,3173,56,161481,161537,158308,158364,158308
FCFS,1605,3174,62,161537,161599,158363,158425,158363
FCFS,7586,3174,53,161599,161652,158425,158478,158425
FCFS,5921,3174,51,161652,161703,158478,158529,158478
FCFS,8423,3175,30,161703,161733,158528,158558,158528
FCFS,3104,3175,52,161733,161785,158558,158610,158558
FCFS,4497,3176,15,161785,161800,158609,158624,158609
FCFS,4748,3177,6,161800,161806,158623,158629,158623
FCFS,733,3177,38,161806,161844,158629,158667,158629
FCFS,1009,3177,40,161844,161884,158667,158707,158667
FCFS,4917,3178,34,161884,161918,158706,158740,158706
FCFS,1735,3178,10,161918,161928,158740,158750,158740
FCFS,1939,3179,13,161928,161941,158749,158762,158749
FCFS,7904,3179,76,161941,162017,158762,158838,158762
FCFS,3498,3180,59,162017,162076,158837,158896,158837
FCFS,8785,3182,36,162076,162112,158894,158930,158894
FCFS,8397,3183,40,162112,162152,158929,158969,158929
FCFS,4305,3183,9,162152,162161,158969,158978,158969
FCFS,5637,3183,11,162161,162172,158978,158989,158978
FCFS,8344,3185,57,162172,162229,158987,159044,158987
FCFS,9851,3185,67,162229,162296,159044,159111,159044
FCFS,6821,3185,72,162296,162368,159111,159183,159111
FCFS,1160,3186,41,162368,162409,159182,159223,159182
FCFS,9765,3186,30,162409,162439,159223,159253,159223
FCFS,5954,3188,13,162439,162452,159251,159264,159251
FCFS,7803,3190,64,162452,162516,159262,159326,159262
FCFS,4106,3191,55,162516,162571,159325,159380,159325
FCFS,2176,3191,26,162571,162597,159380,159406,159380
FCFS,6047,3192,46,162597,162643,159405,159451,159405
FCFS,1734,3192,48,162643,162691,159451,159499,159451
FCFS,4846,3195,52,162691,162743,159496,159548,159496
FCFS,8216,3196,97,162743,162840,159547,159644,159547
FCFS,3660,3197,85,162840,162925,159643,159728,159643
FCFS,5404,3197,36,162925,162961,159728,159764,159728
FCFS,5619,3197,57,162961,163018,159764,159821,159764
FCFS,2723,3198,16,163018,163034,159820,159836,159820
FCFS,5724,3199,79,163034,163113,159835,159914,159835
FCFS,4301,3199,32,163113,163145,159914,159946,159914
FCFS,5805,3199,75,163145,163220,159946,160021,159946
FCFS,2571,3200,19,163220,163239,160020,160039,160020
FCFS,8187,3201,73,163239,163312,160038,160111,160038
FCFS,5961,3201,22,163312,163334,160111,160133,160111
FCFS,8332,3201,30,163334,163364,160133,160163,160133
FCFS,7481,3201,83,163364,163447,160163,160246,160163
FCFS,9392,3202,57,163447,163504,160245,160302,160245
FCFS,8319,3203,73,163504,163577,160301,160374,160301
FCFS,6142,3203,30,163577,163607,160374,160404,160374
FCFS,6652,3209,31,163607,163638,160398,160429,160398
FCFS,3015,3211,45,163638,163683,160427,160472,160427
FCFS,3414,3212,16,163683,163699,160471,160487,160471
FCFS,7172,3215,47,163699,163746,160484,160531,160484
FCFS,9611,3215,76,163746,163822,160531,160607,160531
FCFS,8912,3216,90,163822,163912,160606,160696,160606
FCFS,4307,3216,87,163912,163999,160696,160783,160696
FCFS,1708,3216,17,163999,164016,160783,160800,160783
FCFS,4736,3217,17,164016,164033,160799,160816,160799
FCFS,9107,3218,69,164033,164102,160815,160884,160815
FCFS,8931,3219,53,164102,164155,160883,160936,160883
FCFS,3260,3220,83,164155,164238,160935,161018,160935
FCFS,1305,3223,34,164238,164272,161015,161049,161015
FCFS,1560,3224,81,164272,164353,161048,161129,161048
FCFS,1924,3225,86,164353,164439,161128,161214,161128
FCFS,5907,3225,85,164439,164524,161214,161299,161214
FCFS,4176,3226,19,164524,164543,161298,161317,161298
FCFS,3294,3227,77,164543,164620,161316,161393,161316
FCFS,8401,3227,52,164620,164672,161393,161445,161393
FCFS,981,3228,53,164672,164725,161444,161497,161444
FCFS,6037,3228,3,164725,164728,161497,161500,161497
FCFS,7288,3229,15,164728,164743,161499,161514,161499
FCFS,8565,3229,26,164743,164769,161514,161540,161514
FCFS,1819,3230,2,164769,164771,161539,161541,161539
FCFS,9304,3231,87,164771,164858,161540,161627,161540
FCFS,7704,3232,81,164858,164939,161626,161707,161626
FCFS,6237,3235,59,164939,164998,161704,161763,161704
FCFS,9420,3235,41,164998,165039,161763,161804,161763
FCFS,2969,3236,15,165039,165054,161803,161818,161803
FCFS,5955,3237,7,165054,165061,161817,161824,161817
FCFS,7484,3237,54,165061,165115,161824,161878,161824
FCFS,3246,3237,45,165115,165160,161878,161923,161878
FCFS,8206,3238,28,165160,165188,161922,161950,161922
FCFS,1438,3239,5,165188,165193,161949,161954,161949
FCFS,8703,3239,69,165193,165262,161954,162023,161954
FCFS,6130,3240,34,165262,165296,162022,162056,162022
FCFS,8805,3240,42,165296,165338,162056,162098,162056
FCFS,3538,3240,12,165338,165350,162098,162110,162098
FCFS,8101,3241,59,165350,165409,162109,162168,162109
FCFS,1323,3241,59,165409,165468,162168,162227,162168
FCFS,139,3242,52,165468,165520,162226,162278,162226
FCFS,7361,3243,79,165520,165599,162277,162356,162277
FCFS,2896,3243,8,165599,165607,162356,162364,162356
FCFS,5271,3243,6,165607,165613,162364,162370,162364
FCFS,9328,3244,48,165613,165661,162369,162417,162369
FCFS,4773,3246,6,165661,165667,162415,162421,162415
FCFS,8234,3247,46,165667,165713,162420,162466,162420
FCFS,1776,3249,11,165713,165724,162464,162475,162464
FCFS,6634,3250,88,165724,165812,162474,162562,162474
FCFS,3512,3252,24,165812,165836,162560,162584,162560
FCFS,3286,3253,30,165836,165866,162583,162613,162583
FCFS,7440,3253,96,165866,165962,162613,162709,162613
FCFS,4210,3255,70,165962,166032,162707,162777,162707
FCFS,7189,3257,6,166032,166038,162775,162781,162775
FCFS,6236,3257,90,166038,166128,162781,162871,162781
FCFS,3825,3258,16,166128,166144,162870,162886,162870
FCFS,8838,3258,20,166144,166164,162886,162906,162886
FCFS,4361,3258,52,166164,166216,162906,162958,162906
FCFS,8174,3258,79,166216,166295,162958,163037,162958
FCFS,6773,3258,4,166295,166299,163037,163041,163037
FCFS,2892,3259,69,166299,166368,163040,163109,163040
FCFS,3291,3259,31,166368,166399,163109,163140,163109
FCFS,6964,3259,68,166399,166467,163140,163208,163140
FCFS,5351,3261,32,166467,166499,163206,163238,163206
FCFS,4164,3262,41,166499,166540,163237,163278,163237
FCFS,8258,3262,44,166540,166584,163278,163322,163278
FCFS,4362,3262,36,166584,166620,163322,163358,163322
FCFS,8095,3264,34,166620,166654,163356,163390,163356
FCFS,764,3266,25,166654,166679,163388,163413,163388
FCFS,2909,3267,72,166679,166751,163412,163484,163412
FCFS,2041,3267,45,166751,166796,163484,163529,163484
FCFS,481,3267,18,166796,166814,163529,163547,163529
FCFS,9380,3271,15,166814,166829,163543,163558,163543
FCFS,2206,3271,77,166829,166906,163558,163635,163558
FCFS,8355,3272,2,166906,166908,163634,163636,163634
FCFS,1931,3273,54,166908,166962,163635,163689,163635
FCFS,8049,3273,66,166962,167028,163689,163755,163689
FCFS,3556,3273,73,167028,167101,163755,163828,163755
FCFS,2915,3273,80,167101,167181,163828,163908,163828
FCFS,3327,3276,49,167181,167230,163905,163954,163905
FCFS,6071,3276,97,167230,167327,163954,164051,163954
FCFS,3650,3277,85,167327,167412,164050,164135,164050
FCFS,4067,3278,29,167412,167441,164134,164163,164134
FCFS,3847,3278,41,167441,167482,164163,164204,164163
FCFS,7224,3281,67,167482,167549,164201,164268,164201
FCFS,8142,3284,26,167549,167575,164265,164291,164265
FCFS,9319,3285,18,167575,167593,164290,164308,164290
FCFS,7556,3285,74,167593,167667,164308,164382,164308
FCFS,2443,3291,3,167667,167670,164376,164379,164376
FCFS,1808,3291,47,167670,167717,164379,164426,164379
FCFS,7949,3291,5,167717,167722,164426,164431,164426
FCFS,2361,3292,13,167722,167735,164430,164443,164430
FCFS,2122,3292,48,167735,167783,164443,164491,164443
FCFS,7651,3293,91,167783,167874,164490,164581,164490
FCFS,1293,3294,85,167874,167959,164580,164665,164580
FCFS,4247,3294,42,167959,168001,164665,164707,164665
FCFS,5438,3296,49,168001,168050,164705,164754,164705
FCFS,1111,3300,75,168050,168125,164750,164825,164750
FCFS,2305,3300,93,168125,168218,164825,164918,164825
FCFS,8117,3301,19,168218,168237,164917,164936,164917
FCFS,2126,3302,78,168237,168315,164935,165013,164935
FCFS,4458,3303,84,168315,168399,165012,165096,165012
FCFS,169,3304,71,168399,168470,165095,165166,165095
FCFS,9542,3305,73,168470,168543,165165,165238,165165
FCFS,4016,3306,46,168543,168589,165237,165283,165237
FCFS,7745,3306,38,168589,168627,165283,165321,165283
FCFS,4452,3308,77,168627,168704,165319,165396,165319
FCFS,7577,3308,76,168704,168780,165396,165472,165396
FCFS,6128,3309,79,168780,168859,165471,165550,165471
FCFS,1110,3310,59,168859,168918,165549,165608,165549
FCFS,2823,3311,64,168918,168982,165607,165671,165607
FCFS,3363,3313,76,168982,169058,165669,165745,165669
FCFS,6427,3317,76,169058,169134,165741,165817,165741
FCFS,4309,3318,49,169134,169183,165816,165865,165816
FCFS,3449,3318,21,169183,169204,165865,165886,165865
FCFS,9176,3319,99,169204,169303,165885,165984,165885
FCFS,6882,3320,8,169303,169311,165983,165991,165983
FCFS,2827,3321,17,169311,169328,165990,166007,165990
FCFS,8184,3324,22,169328,169350,166004,166026,166004
FCFS,651,3324,82,169350,169432,166026,166108,166026
FCFS,6259,3326,41,169432,169473,166106,166147,166106
FCFS,3432,3326,17,169473,169490,166147,166164,166147
FCFS,320,3327,14,169490,169504,166163,166177,166163
FCFS,4242,3327,57,169504,169561,166177,166234,166177
FCFS,7652,3329,60,169561,169621,166232,166292,166232
FCFS,621,3330,53,169621,169674,166291,166344,166291
FCFS,2422,3331,72,169674,169746,166343,166415,166343
FCFS,5532,3332,91,169746,169837,166414,166505,166414
FCFS,1097,3335,63,169837,169900,166502,166565,166502
FCFS,5553,3339,27,169900,169927,166561,166588,166561
FCFS,5369,3340,58,169927,169985,166587,166645,166587
FCFS,4056,3340,75,169985,170060,166645,166720,166645
FCFS,6112,3342,11,170060,170071,166718,166729,166718
FCFS,1512,3342,46,170071,170117,166729,166775,166729
FCFS,4420,3343,21,170117,170138,166774,166795,166774
FCFS,416,3343,77,170138,170215,166795,166872,166795
FCFS,811,3345,43,170215,170258,166870,166913,166870
FCFS,7493,3345,79,170258,170337,166913,166992,166913
FCFS,5115,3346,98,170337,170435,166991,167089,166991
FCFS,8472,3346,26,170435,170461,167089,167115,167089
FCFS,8349,3347,48,170461,170509,167114,167162,167114
FCFS,2617,3348,14,170509,170523,167161,167175,167161
FCFS,8329,3349,92,170523,170615,167174,167266,167174
FCFS,4533,3354,19,170615,170634,167261,167280,167261
FCFS,289,3354,14,170634,170648,167280,167294,167280
FCFS,1507,3356,60,170648,170708,167292,167352,167292
FCFS,4425,3357,47,170708,170755,167351,167398,167351
FCFS,4517,3358,9,170755,170764,167397,167406,167397
FCFS,9377,3359,45,170764,170809,167405,167450,167405
FCFS,4496,3359,15,170809,170824,167450,167465,167450
FCFS,3926,3360,36,170824,170860,167464,167500,167464
FCFS,2905,3361,72,170860,170932,167499,167571,167499
FCFS,8152,3363,90,170932,171022,167569,167659,167569
FCFS,3091,3363,16,171022,171038,167659,167675,167659
FCFS,6110,3364,69,171038,171107,167674,167743,167674
FCFS,5305,3365,95,171107,171202,167742,167837,167742
FCFS,9639,3367,73,171202,171275,167835,167908,167835
FCFS,9452,3367,25,171275,171300,167908,167933,167908
FCFS,6469,3367,72,171300,171372,167933,168005,167933
FCFS,1015,3368,71,171372,171443,168004,168075,168004
FCFS,7791,3370,54,171443,171497,168073,168127,168073
FCFS,471,3373,59,171497,171556,168124,168183,168124
FCFS,4297,3373,85,171556,171641,168183,168268,168183
FCFS,3232,3374,44,171641,171685,168267,168311,168267
FCFS,1997,3374,40,171685,171725,168311,168351,168311
FCFS,8492,3374,88,171725,171813,168351,168439,168351
FCFS,1716,3374,50,171813,171863,168439,168489,168439
FCFS,713,3374,46,171863,171909,168489,168535,168489
FCFS,615,3376,15,171909,171924,168533,168548,168533
FCFS,8338,3377,50,171924,171974,168547,168597,168547
FCFS,9962,3378,92,171974,172066,168596,168688,168596
FCFS,8760,3380,93,172066,172159,168686,168779,168686
FCFS,1546,3380,37,172159,172196,168779,168816,168779
FCFS,6245,3381,4,172196,172200,168815,168819,168815
FCFS,6608,3382,63,172200,172263,168818,168881,168818
FCFS,7966,3384,72,172263,172335,168879,168951,168879
FCFS,2427,3384,6,172335,172341,168951,168957,168951
FCFS,6767,3385,23,172341,172364,168956,168979,168956
FCFS,7869,3385,42,172364,172406,168979,169021,168979
FCFS,20,3385,19,172406,172425,169021,169040,169021
FCFS,5586,3389,9,172425,172434,169036,169045,169036
FCFS,1628,3389,13,172434,172447,169045,169058,169045
FCFS,2369,3390,3,172447,172450,169057,169060,169057
FCFS,919,3391,83,172450,172533,169059,169142,169059
FCFS,8307,3391,19,172533,172552,169142,169161,169142
FCFS,7922,3391,43,172552,172595,169161,169204,169161
FCFS,6568,3392,20,172595,172615,169203,169223,169203
FCFS,321,3394,71,172615,172686,169221,169292,169221
FCFS,9874,3395,63,172686,172749,169291,169354,169291
FCFS,6671,3395,20,172749,172769,169354,169374,169354
FCFS,9910,3397,44,172769,172813,169372,169416,169372
FCFS,5859,3398,13,172813,172826,169415,169428,169415
FCFS,4922,3398,27,172826,172853,169428,169455,169428
FCFS,8638,3399,31,172853,172884,169454,169485,169454
FCFS,7944,3400,29,172884,172913,169484,169513,169484
FCFS,7370,3401,64,172913,172977,169512,169576,169512
FCFS,8343,3401,1,172977,172978,169576,169577,169576
FCFS,7836,3403,10,172978,172988,169575,169585,169575
FCFS,6737,3406,50,172988,173038,169582,169632,169582
FCFS,6559,3406,6,173038,173044,169632,169638,169632
FCFS,8680,3406,96,173044,173140,169638,169734,169638
FCFS,4880,3406,95,173140,173235,169734,169829,169734
FCFS,3995,3406,83,173235,173318,169829,169912,169829
FCFS,6701,3407,41,173318,173359,169911,169952,169911
FCFS,9800,3407,99,173359,173458,169952,170051,169952
FCFS,6371,3407,89,173458,173547,170051,170140,170051
FCFS,3595,3408,42,173547,173589,170139,170181,170139
FCFS,9291,3409,43,173589,173632,170180,170223,170180
FCFS,8065,3412,91,173632,173723,170220,170311,170220
FCFS,8832,3413,75,173723,173798,170310,170385,170310
FCFS,8537,3414,54,173798,173852,170384,170438,170384
FCFS,4182,3414,76,173852,173928,170438,170514,170438
FCFS,2934,3415,50,173928,173978,170513,170563,170513
FCFS,8377,3416,75,173978,174053,170562,170637,170562
FCFS,4389,3416,7,174053,174060,170637,170644,170637
FCFS,1020,3417,33,174060,174093,170643,170676,170643
FCFS,698,3419,87,174093,174180,170674,170761,170674
FCFS,308,3420,52,174180,174232,170760,170812,170760
FCFS,3069,3420,20,174232,174252,170812,170832,170812
FCFS,3417,3423,97,174252,174349,170829,170926,170829
FCFS,9576,3424,55,174349,174404,170925,170980,170925
FCFS,3112,3426,66,174404,174470,170978,171044,170978
FCFS,6019,3426,67,174470,174537,171044,171111,171044
FCFS,1648,3427,19,174537,174556,171110,171129,171110
FCFS,1340,3430,57,174556,174613,171126,171183,171126
FCFS,9667,3430,24,174613,174637,171183,171207,171183
FCFS,7736,3431,87,174637,174724,171206,171293,171206
FCFS,1064,3432,18,174724,174742,171292,171310,171292
FCFS,5590,3432,51,174742,174793,171310,171361,171310
FCFS,1724,3432,56,174793,174849,171361,171417,171361
FCFS,4437,3435,79,174849,174928,171414,171493,171414
FCFS,7480,3435,34,174928,174962,171493,171527,171493
FCFS,286,3436,71,174962,175033,171526,171597,171526
FCFS,4029,3439,2,175033,175035,171594,171596,171594
FCFS,5338,3440,69,175035,175104,171595,171664,171595
FCFS,5808,3440,13,175104,175117,171664,171677,171664
FCFS,505,3440,71,175117,175188,171677,171748,171677
FCFS,6488,3443,97,175188,175285,171745,171842,171745
FCFS,305,3444,24,175285,175309,171841,171865,171841
FCFS,6762,3446,37,175309,175346,171863,171900,171863
FCFS,282,3446,31,175346,175377,171900,171931,171900
FCFS,3548,3450,54,175377,175431,171927,171981,171927
FCFS,1102,3451,87,175431,175518,171980,172067,171980
FCFS,2778,3451,83,175518,175601,172067,172150,172067
FCFS,1135,3452,91,175601,175692,172149,172240,172149
FCFS,3920,3453,92,175692,175784,172239,172331,172239
FCFS,1673,3453,13,175784,175797,172331,172344,172331
FCFS,7416,3454,64,175797,175861,172343,172407,172343
FCFS,7100,3454,60,175861,175921,172407,172467,172407
FCFS,2988,3456,52,175921,175973,172465,172517,172465
FCFS,2207,3456,18,175973,175991,172517,172535,172517
FCFS,7319,3457,43,175991,176034,172534,172577,172534
FCFS,6538,3459,97,176034,176131,172575,172672,172575
FCFS,1105,3462,77,176131,176208,172669,172746,172669
FCFS,5857,3462,24,176208,176232,172746,172770,172746
FCFS,9648,3466,48,176232,176280,172766,172814,172766
FCFS,1718,3466,72,176280,176352,172814,172886,172814
FCFS,2399,3471,10,176352,176362,172881,172891,172881
FCFS,740,3472,11,176362,176373,172890,172901,172890
FCFS,8147,3475,53,176373,176426,172898,172951,172898
FCFS,1019,3476,44,176426,176470,172950,172994,172950
FCFS,9136,3483,37,176470,176507,172987,173024,172987
FCFS,6806,3483,59,176507,176566,173024,173083,173024
FCFS,3351,3483,18,176566,176584,173083,173101,173083
FCFS,6600,3483,39,176584,176623,173101,173140,173101
FCFS,577,3486,41,176623,176664,173137,173178,173137
FCFS,617,3486,68,176664,176732,173178,173246,173178
FCFS,3585,3489,51,176732,176783,173243,173294,173243
FCFS,2332,3489,45,176783,176828,173294,173339,173294
FCFS,3764,3490,59,176828,176887,173338,173397,173338
FCFS,3615,3490,23,176887,176910,173397,173420,173397
FCFS,905,3490,35,176910,176945,173420,173455,173420
FCFS,6413,3491,74,176945,177019,173454,173528,173454
FCFS,2171,3493,94,177019,177113,173526,173620,173526
FCFS,5243,3494,1,177113,177114,173619,173620,173619
FCFS,1585,3496,81,177114,177195,173618,173699,173618
FCFS,5328,3496,70,177195,177265,173699,173769,173699
FCFS,6498,3497,24,177265,177289,173768,173792,173768
FCFS,8983,3499,60,177289,177349,173790,173850,173790
FCFS,2888,3500,97,177349,177446,173849,173946,173849
FCFS,4139,3504,9,177446,177455,173942,173951,173942
FCFS,5988,3504,23,177455,177478,173951,173974,173951
FCFS,4196,3505,58,177478,177536,173973,174031,173973
FCFS,425,3506,28,177536,177564,174030,174058,174030
FCFS,1035,3507,54,177564,177618,174057,174111,174057
FCFS,5763,3510,1,177618,177619,174108,174109,174108
FCFS,194,3510,11,177619,177630,174109,174120,174109
FCFS,5383,3510,8,177630,177638,174120,174128,174120
FCFS,1333,3511,92,177638,177730,174127,174219,174127
FCFS,5092,3512,62,177730,177792,174218,174280,174218
FCFS,7451,3513,53,177792,177845,174279,174332,174279
FCFS,9882,3514,77,177845,177922,174331,174408,174331
FCFS,7835,3515,12,177922,177934,174407,174419,174407
FCFS,4055,3516,75,177934,178009,174418,174493,174418
FCFS,2742,3516,80,178009,178089,174493,174573,174493
FCFS,6468,3516,22,178089,178111,174573,174595,174573
FCFS,854,3517,79,178111,178190,174594,174673,174594
FCFS,6152,3518,46,178190,178236,174672,174718,174672
FCFS,9105,3520,33,178236,178269,174716,174749,174716
FCFS,4152,3521,86,178269,178355,174748,174834,174748
FCFS,9429,3523,36,178355,178391,174832,174868,174832
FCFS,7947,3523,90,178391,178481,174868,174958,174868
FCFS,2562,3525,67,178481,178548,174956,175023,174956
FCFS,912,3530,64,178548,178612,175018,175082,175018
FCFS,1893,3530,71,178612,178683,175082,175153,175082
FCFS,8326,3531,13,178683,178696,175152,175165,175152
FCFS,1003,3531,72,178696,178768,175165,175237,175165
FCFS,5437,3534,14,178768,178782,175234,175248,175234
FCFS,8695,3534,33,178782,178815,175248,175281,175248
FCFS,6760,3535,24,178815,178839,175280,175304,175280
FCFS,3040,3536,78,178839,178917,175303,175381,175303
FCFS,2284,3537,38,178917,178955,175380,175418,175380
FCFS,6599,3539,19,178955,178974,175416,175435,175416
FCFS,4171,3539,75,178974,179049,175435,175510,175435
FCFS,9470,3540,48,179049,179097,175509,175557,175509
FCFS,8278,3541,21,179097,179118,175556,175577,175556
FCFS,9368,3542,36,179118,179154,175576,175612,175576
FCFS,7344,3543,19,179154,179173,175611,175630,175611
FCFS,7821,3548,90,179173,179263,175625,175715,175625
FCFS,6920,3549,94,179263,179357,175714,175808,175714
FCFS,1246,3549,85,179357,179442,175808,175893,175808
FCFS,3561,3551,3,179442,179445,175891,175894,175891
FCFS,7666,3551,54,179445,179499,175894,175948,175894
FCFS,3928,3552,3,179499,179502,175947,175950,175947
FCFS,1827,3553,9,179502,179511,175949,175958,175949
FCFS,5490,3553,74,179511,179585,175958,176032,175958
FCFS,9252,3553,47,179585,179632,176032,176079,176032
FCFS,7500,3554,99,179632,179731,176078,176177,176078
FCFS,3722,3554,32,179731,179763,176177,176209,176177
FCFS,6471,3555,96,179763,179859,176208,176304,176208
FCFS,38,3556,12,179859,179871,176303,176315,176303
FCFS,6659,3557,56,179871,179927,176314,176370,176314
FCFS,6633,3557,24,179927,179951,176370,176394,176370
FCFS,4391,3558,72,179951,180023,176393,176465,176393
FCFS,4703,3558,5,180023,180028,176465,176470,176465
FCFS,5427,3560,41,180028,180069,176468,176509,176468
FCFS,3674,3560,37,180069,180106,176509,176546,176509
FCFS,9222,3561,87,180106,180193,176545,176632,176545
FCFS,4782,3561,77,180193,180270,176632,176709,176632
FCFS,1300,3561,37,180270,180307,176709,176746,176709
FCFS,99,3561,15,180307,180322,176746,176761,176746
FCFS,9322,3563,51,180322,180373,176759,176810,176759
FCFS,1372,3564,9,180373,180382,176809,176818,176809
FCFS,5939,3565,61,180382,180443,176817,176878,176817
FCFS,6824,3566,21,180443,180464,176877,176898,176877
FCFS,8687,3567,95,180464,180559,176897,176992,176897
FCFS,5318,3567,72,180559,180631,176992,177064,176992
FCFS,1739,3568,4,180631,180635,177063,177067,177063
FCFS,5683,3569,90,180635,180725,177066,177156,177066
FCFS,5151,3569,15,180725,180740,177156,177171,177156
FCFS,1055,3572,77,180740,180817,177168,177245,177168
FCFS,9654,3573,41,180817,180858,177244,177285,177244
FCFS,9515,3574,96,180858,180954,177284,177380,177284
FCFS,8796,3574,31,180954,180985,177380,177411,177380
FCFS,9175,3574,9,180985,180994,177411,177420,177411
FCFS,4708,3575,84,180994,181078,177419,177503,177419
FCFS,743,3579,77,181078,181155,177499,177576,177499
FCFS,4647,3580,45,181155,181200,177575,177620,177575
FCFS,175,3581,74,181200,181274,177619,177693,177619
FCFS,7981,3581,68,181274,181342,177693,177761,177693
FCFS,3430,3583,12,181342,181354,177759,177771,177759
FCFS,618,3584,27,181354,181381,177770,177797,177770
FCFS,2362,3586,3,181381,181384,177795,177798,177795
FCFS,8464,3587,21,181384,181405,177797,177818,177797
FCFS,6660,3587,50,181405,181455,177818,177868,177818
FCFS,5175,3590,51,181455,181506,177865,177916,177865
FCFS,1691,3591,29,181506,181535,177915,177944,177915
FCFS,9385,3593,23,181535,181558,177942,177965,177942
FCFS,1142,3594,78,181558,181636,177964,178042,177964
FCFS,828,3596,40,181636,181676,178040,178080,178040
FCFS,1531,3598,2,181676,181678,178078,178080,178078
FCFS,1048,3600,76,181678,181754,178078,178154,178078
FCFS,7975,3602,38,181754,181792,178152,178190,178152
FCFS,2588,3604,16,181792,181808,178188,178204,178188
FCFS,5818,3605,30,181808,181838,178203,178233,178203
FCFS,3868,3606,78,181838,181916,178232,178310,178232
FCFS,3507,3607,11,181916,181927,178309,178320,178309
FCFS,3215,3607,44,181927,181971,178320,178364,178320
FCFS,1539,3610,45,181971,182016,178361,178406,178361
FCFS,1883,3610,91,182016,182107,178406,178497,178406
FCFS,1979,3610,48,182107,182155,178497,178545,178497
FCFS,4036,3612,99,182155,182254,178543,178642,178543
FCFS,9759,3612,63,182254,182317,178642,178705,178642
FCFS,8945,3614,28,182317,182345,178703,178731,178703
FCFS,6931,3618,60,182345,182405,178727,178787,178727
FCFS,5160,3618,10,182405,182415,178787,178797,178787
FCFS,3427,3619,29,182415,182444,178796,178825,178796
FCFS,7802,3620,38,182444,182482,178824,178862,178824
FCFS,8412,3621,34,182482,182516,178861,178895,178861
FCFS,8578,3621,29,182516,182545,178895,178924,178895
FCFS,7734,3622,52,182545,182597,178923,178975,178923
FCFS,5207,3622,45,182597,182642,178975,179020,178975
FCFS,5656,3624,29,182642,182671,179018,179047,179018
FCFS,6521,3625,52,182671,182723,179046,179098,179046
FCFS,6476,3626,19,182723,182742,179097,179116,179097
FCFS,606,3627,44,182742,182786,179115,179159,179115
FCFS,148,3627,48,182786,182834,179159,179207,179159
FCFS,2818,3628,48,182834,182882,179206,179254,179206
FCFS,5021,3629,40,182882,182922,179253,179293,179253
FCFS,1196,3629,38,182922,182960,179293,179331,179293
FCFS,2817,3629,19,182960,182979,179331,179350,179331
FCFS,9331,3629,76,182979,183055,179350,179426,179350
FCFS,3014,3630,81,183055,183136,179425,179506,179425
FCFS,3918,3630,12,183136,183148,179506,179518,179506
FCFS,2181,3631,15,183148,183163,179517,179532,179517
FCFS,9994,3631,60,183163,183223,179532,179592,179532
FCFS,8194,3632,70,183223,183293,179591,179661,179591
FCFS,1550,3633,18,183293,183311,179660,179678,179660
FCFS,6778,3636,83,183311,183394,179675,179758,179675
FCFS,685,3636,26,183394,183420,179758,179784,179758
FCFS,534,3636,17,183420,183437,179784,179801,179784
FCFS,5144,3637,71,183437,183508,179800,179871,179800
FCFS,3073,3637,50,183508,183558,179871,179921,179871
FCFS,3437,3638,21,183558,183579,179920,179941,179920
FCFS,1646,3638,36,183579,183615,179941,179977,179941
FCFS,1257,3640,30,183615,183645,179975,180005,179975
FCFS,3828,3641,92,183645,183737,180004,180096,180004
FCFS,7752,3641,15,183737,183752,180096,180111,180096
FCFS,8980,3641,31,183752,183783,180111,180142,180111
FCFS,6936,3642,99,183783,183882,180141,180240,180141
FCFS,3406,3642,33,183882,183915,180240,180273,180240
FCFS,789,3644,28,183915,183943,180271,180299,180271
FCFS,8942,3644,48,183943,183991,180299,180347,180299
FCFS,3372,3644,94,183991,184085,180347,180441,180347
FCFS,3844,3644,86,184085,184171,180441,180527,180441
FCFS,5916,3644,66,184171,184237,180527,180593,180527
FCFS,6466,3645,21,184237,184258,180592,180613,180592
FCFS,3956,3645,65,184258,184323,180613,180678,180613
FCFS,4051,3645,64,184323,184387,180678,180742,180678
FCFS,2504,3648,44,184387,184431,180739,180783,180739
FCFS,7799,3650,14,184431,184445,180781,180795,180781
FCFS,8673,3653,38,184445,184483,180792,180830,180792
FCFS,1896,3654,80,184483,184563,180829,180909,180829
FCFS,3113,3655,73,184563,184636,180908,180981,180908
FCFS,5605,3655,48,184636,184684,180981,181029,180981
FCFS,6260,3659,23,184684,184707,181025,181048,181025
FCFS,9486,3659,64,184707,184771,181048,181112,181048
FCFS,9858,3659,44,184771,184815,181112,181156,181112
FCFS,6062,3661,99,184815,184914,181154,181253,181154
FCFS,5691,3662,18,184914,184932,181252,181270,181252
FCFS,9256,3663,90,184932,185022,181269,181359,181269
FCFS,3638,3663,70,185022,185092,181359,181429,181359
FCFS,3584,3664,97,185092,185189,181428,181525,181428
FCFS,1655,3665,41,185189,185230,181524,181565,181524
FCFS,6344,3666,14,185230,185244,181564,181578,181564
FCFS,3421,3667,3,185244,185247,181577,181580,181577
FCFS,9427,3670,83,185247,185330,181577,181660,181577
FCFS,6910,3670,17,185330,185347,181660,181677,181660
FCFS,2478,3670,9,185347,185356,181677,181686,181677
FCFS,8088,3671,66,185356,185422,181685,181751,181685
FCFS,4546,3672,69,185422,185491,181750,181819,181750
FCFS,414,3672,80,185491,185571,181819,181899,181819
FCFS,5946,3672,7,185571,185578,181899,181906,181899
FCFS,6885,3673,24,185578,185602,181905,181929,181905
FCFS,3463,3674,34,185602,185636,181928,181962,181928
FCFS,2676,3674,16,185636,185652,181962,181978,181962
FCFS,1115,3675,95,185652,185747,181977,182072,181977
FCFS,9865,3675,92,185747,185839,182072,182164,182072
FCFS,7234,3675,23,185839,185862,182164,182187,182164
FCFS,5538,3676,63,185862,185925,182186,182249,182186
FCFS,3769,3676,58,185925,185983,182249,182307,182249
FCFS,1545,3676,49,185983,186032,182307,182356,182307
FCFS,8619,3677,9,186032,186041,182355,182364,182355
FCFS,7298,3677,53,186041,186094,182364,182417,182364
FCFS,6355,3681,57,186094,186151,182413,182470,182413
FCFS,1929,3683,76,186151,186227,182468,182544,182468
FCFS,9348,3683,52,186227,186279,182544,182596,182544
FCFS,8579,3683,72,186279,186351,182596,182668,182596
FCFS,951,3687,17,186351,186368,182664,182681,182664
FCFS,3900,3687,13,186368,186381,182681,182694,182681
FCFS,8590,3688,31,186381,186412,182693,182724,182693
FCFS,9601,3688,86,186412,186498,182724,182810,182724
FCFS,7479,3690,31,186498,186529,182808,182839,182808
FCFS,2576,3690,44,186529,186573,182839,182883,182839
FCFS,1134,3695,34,186573,186607,182878,182912,182878
FCFS,9202,3695,51,186607,186658,182912,182963,182912
FCFS,3462,3696,59,186658,186717,182962,183021,182962
FCFS,179,3696,74,186717,186791,183021,183095,183021
FCFS,7994,3696,90,186791,186881,183095,183185,183095
FCFS,7127,3697,52,186881,186933,183184,183236,183184
FCFS,3475,3699,20,186933,186953,183234,183254,183234
FCFS,2925,3699,54,186953,187007,183254,183308,183254
FCFS,3961,3700,88,187007,187095,183307,183395,183307
FCFS,1067,3701,42,187095,187137,183394,183436,183394
FCFS,6024,3701,7,187137,187144,183436,183443,183436
FCFS,3140,3701,89,187144,187233,183443,183532,183443
FCFS,589,3709,76,187233,187309,183524,183600,183524
FCFS,3309,3709,67,187309,187376,183600,183667,183600
FCFS,2598,3711,63,187376,187439,183665,183728,183665
FCFS,1833,3712,96,187439,187535,183727,183823,183727
FCFS,1976,3713,84,187535,187619,183822,183906,183822
FCFS,1687,3714,91,187619,187710,183905,183996,183905
FCFS,5211,3715,50,187710,187760,183995,184045,183995
FCFS,4181,3716,17,187760,187777,184044,184061,184044
FCFS,2136,3716,44,187777,187821,184061,184105,184061
FCFS,9637,3718,20,187821,187841,184103,184123,184103
FCFS,3315,3718,41,187841,187882,184123,184164,184123
FCFS,7747,3718,54,187882,187936,184164,184218,184164
FCFS,982,3719,99,187936,188035,184217,184316,184217
FCFS,1799,3719,91,188035,188126,184316,184407,184316
FCFS,2005,3719,25,188126,188151,184407,184432,184407
FCFS,3989,3719,84,188151,188235,184432,184516,184432
FCFS,634,3719,75,188235,188310,184516,184591,184516
FCFS,7030,3720,27,188310,188337,184590,184617,184590
FCFS,5966,3720,67,188337,188404,184617,184684,184617
FCFS,3560,3722,54,188404,188458,184682,184736,184682
FCFS,8303,3722,95,188458,188553,184736,184831,184736
FCFS,4749,3722,28,188553,188581,184831,184859,184831
FCFS,6126,3723,66,188581,188647,184858,184924,184858
FCFS,9818,3724,26,188647,188673,184923,184949,184923
FCFS,2027,3725,22,188673,188695,184948,184970,184948
FCFS,1840,3726,90,188695,188785,184969,185059,184969
FCFS,7856,3727,19,188785,188804,185058,185077,185058
FCFS,6840,3727,87,188804,188891,185077,185164,185077
FCFS,2309,3727,97,188891,188988,185164,185261,185164
FCFS,5435,3729,51,188988,189039,185259,185310,185259
FCFS,3008,3730,23,189039,189062,185309,185332,185309
FCFS,3642,3731,28,189062,189090,185331,185359,185331
FCFS,6169,3732,22,189090,189112,185358,185380,185358
FCFS,6291,3734,7,189112,189119,185378,185385,185378
FCFS,7256,3735,28,189119,189147,185384,185412,185384
FCFS,3080,3735,39,189147,189186,185412,185451,185412
FCFS,855,3735,86,189186,189272,185451,185537,185451
FCFS,2772,3736,74,189272,189346,185536,185610,185536
FCFS,7175,3737,23,189346,189369,185609,185632,185609
FCFS,1446,3738,10,189369,189379,185631,185641,185631
FCFS,2757,3740,68,189379,189447,185639,185707,185639
FCFS,7988,3740,85,189447,189532,185707,185792,185707
FCFS,9003,3741,12,189532,189544,185791,185803,185791
FCFS,1457,3741,28,189544,189572,185803,185831,185803
FCFS,2830,3741,70,189572,189642,185831,185901,185831
FCFS,3453,3743,51,189642,189693,185899,185950,185899
FCFS,2841,3744,96,189693,189789,185949,186045,185949
FCFS,5077,3744,64,189789,189853,186045,186109,186045
FCFS,889,3744,72,189853,189925,186109,186181,186109
FCFS,8863,3747,38,189925,189963,186178,186216,186178
FCFS,2242,3747,39,189963,190002,186216,186255,186216
FCFS,3103,3747,49,190002,190051,186255,186304,186255
FCFS,3273,3748,79,190051,190130,186303,186382,186303
FCFS,4889,3748,53,190130,190183,186382,186435,186382
FCFS,164,3748,74,190183,190257,186435,186509,186435
FCFS,4097,3748,52,190257,190309,186509,186561,186509
FCFS,6850,3749,54,190309,190363,186560,186614,186560
FCFS,2509,3750,50,190363,190413,186613,186663,186613
FCFS,9708,3751,90,190413,190503,186662,186752,186662
FCFS,2292,3754,88,190503,190591,186749,186837,186749
FCFS,8774,3756,58,190591,190649,186835,186893,186835
FCFS,985,3756,5,190649,190654,186893,186898,186893
FCFS,9108,3757,83,190654,190737,186897,186980,186897
FCFS,8446,3758,21,190737,190758,186979,187000,186979
FCFS,4634,3758,16,190758,190774,187000,187016,187000
FCFS,7705,3758,52,190774,190826,187016,187068,187016
FCFS,4109,3759,99,190826,190925,187067,187166,187067
FCFS,2834,3760,24,190925,190949,187165,187189,187165
FCFS,1342,3760,68,190949,191017,187189,187257,187189
FCFS,1588,3762,9,191017,191026,187255,187264,187255
FCFS,170,3763,54,191026,191080,187263,187317,187263
FCFS,3981,3764,24,191080,191104,187316,187340,187316
FCFS,3347,3764,65,191104,191169,187340,187405,187340
FCFS,3684,3765,63,191169,191232,187404,187467,187404
FCFS,506,3766,72,191232,191304,187466,187538,187466
FCFS,7207,3766,45,191304,191349,187538,187583,187538
FCFS,6014,3767,37,191349,191386,187582,187619,187582
FCFS,8071,3768,84,191386,191470,187618,187702,187618
FCFS,5813,3768,19,191470,191489,187702,187721,187702
FCFS,366,3769,40,191489,191529,187720,187760,187720
FCFS,9133,3770,37,191529,191566,187759,187796,187759
FCFS,7870,3770,66,191566,191632,187796,187862,187796
FCFS,8761,3770,53,191632,191685,187862,187915,187862
FCFS,7511,3771,32,191685,191717,187914,187946,187914
FCFS,9447,3772,77,191717,191794,187945,188022,187945
FCFS,9258,3773,81,191794,191875,188021,188102,188021
FCFS,640,3775,2,191875,191877,188100,188102,188100
FCFS,8934,3775,31,191877,191908,188102,188133,188102
FCFS,5713,3775,84,191908,191992,188133,188217,188133
FCFS,7990,3777,85,191992,192077,188215,188300,188215
FCFS,1521,3778,18,192077,192095,188299,188317,188299
FCFS,5786,3779,91,192095,192186,188316,188407,188316
FCFS,7441,3782,21,192186,192207,188404,188425,188404
FCFS,6020,3783,30,192207,192237,188424,188454,188424
FCFS,4582,3783,16,192237,192253,188454,188470,188454
FCFS,9516,3785,74,192253,192327,188468,188542,188468
FCFS,3476,3786,77,192327,192404,188541,188618,188541
FCFS,5384,3786,80,192404,192484,188618,188698,188618
FCFS,6951,3787,37,192484,192521,188697,188734,188697
FCFS,1574,3788,15,192521,192536,188733,188748,188733
FCFS,5016,3789,15,192536,192551,188747,188762,188747
FCFS,8585,3790,62,192551,192613,188761,188823,188761
FCFS,5904,3791,68,192613,192681,188822,188890,188822
FCFS,4447,3791,83,192681,192764,188890,188973,188890
FCFS,4032,3792,5,192764,192769,188972,188977,188972
FCFS,4795,3792,71,192769,192840,188977,189048,188977
FCFS,7570,3793,75,192840,192915,189047,189122,189047
FCFS,5606,3793,83,192915,192998,189122,189205,189122
FCFS,3212,3796,44,192998,193042,189202,189246,189202
FCFS,1016,3797,27,193042,193069,189245,189272,189245
FCFS,5638,3797,2,193069,193071,189272,189274,189272
FCFS,6978,3799,32,193071,193103,189272,189304,189272
FCFS,4069,3801,73,193103,193176,189302,189375,189302
FCFS,3042,3802,28,193176,193204,189374,189402,189374
FCFS,3708,3802,95,193204,193299,189402,189497,189402
FCFS,7573,3803,64,193299,193363,189496,189560,189496
FCFS,4252,3805,5,193363,193368,189558,189563,189558
FCFS,4611,3806,2,193368,193370,189562,189564,189562
FCFS,2966,3807,60,193370,193430,189563,189623,189563
FCFS,8000,3808,48,193430,193478,189622,189670,189622
FCFS,2846,3808,83,193478,193561,189670,189753,189670
FCFS,4976,3809,10,193561,193571,189752,189762,189752
FCFS,8959,3810,89,193571,193660,189761,189850,189761
FCFS,1327,3810,99,193660,193759,189850,189949,189850
FCFS,3550,3811,41,193759,193800,189948,189989,189948
FCFS,8972,3811,78,193800,193878,189989,190067,189989
FCFS,846,3812,86,193878,193964,190066,190152,190066
FCFS,1707,3814,80,193964,194044,190150,190230,190150
FCFS,6874,3815,9,194044,194053,190229,190238,190229
FCFS,6395,3815,63,194053,194116,190238,190301,190238
FCFS,9223,3816,5,194116,194121,190300,190305,190300
FCFS,3973,3816,5,194121,194126,190305,190310,190305
FCFS,9929,3818,65,194126,194191,190308,190373,190308
FCFS,750,3818,37,194191,194228,190373,190410,190373
FCFS,6286,3823,2,194228,194230,190405,190407,190405
FCFS,5100,3823,93,194230,194323,190407,190500,190407
FCFS,3456,3824,24,194323,194347,190499,190523,190499
FCFS,3039,3825,66,194347,194413,190522,190588,190522
FCFS,2798,3828,15,194413,194428,190585,190600,190585
FCFS,1818,3828,70,194428,194498,190600,190670,190600
FCFS,5647,3829,46,194498,194544,190669,190715,190669
FCFS,5827,3830,18,194544,194562,190714,190732,190714
FCFS,2649,3830,30,194562,194592,190732,190762,190732
FCFS,2619,3831,72,194592,194664,190761,190833,190761
FCFS,3523,3832,6,194664,194670,190832,190838,190832
FCFS,6682,3832,86,194670,194756,190838,190924,190838
FCFS,2997,3835,23,194756,194779,190921,190944,190921
FCFS,2228,3839,76,194779,194855,190940,191016,190940
FCFS,4142,3839,6,194855,194861,191016,191022,191016
FCFS,113,3840,93,194861,194954,191021,191114,191021
FCFS,6135,3840,42,194954,194996,191114,191156,191114
FCFS,5537,3841,84,194996,195080,191155,191239,191155
FCFS,3276,3841,26,195080,195106,191239,191265,191239
FCFS,60,3843,80,195106,195186,191263,191343,191263
FCFS,7716,3845,72,195186,195258,191341,191413,191341
FCFS,1379,3845,26,195258,195284,191413,191439,191413
FCFS,7648,3845,78,195284,195362,191439,191517,191439
FCFS,8003,3845,75,195362,195437,191517,191592,191517
FCFS,4706,3847,47,195437,195484,191590,191637,191590
FCFS,8478,3849,88,195484,195572,191635,191723,191635
FCFS,3726,3849,38,195572,195610,191723,191761,191723
FCFS,1206,3850,60,195610,195670,191760,191820,191760
FCFS,2104,3850,91,195670,195761,191820,191911,191820
FCFS,5295,3854,62,195761,195823,191907,191969,191907
FCFS,4702,3854,75,195823,195898,191969,192044,191969
FCFS,374,3854,42,195898,195940,192044,192086,192044
FCFS,3574,3854,83,195940,196023,192086,192169,192086
FCFS,4255,3856,61,196023,196084,192167,192228,192167
FCFS,9265,3858,81,196084,196165,192226,192307,192226
FCFS,6743,3861,60,196165,196225,192304,192364,192304
FCFS,5051,3861,85,196225,196310,192364,192449,192364
FCFS,7485,3862,25,196310,196335,192448,192473,192448
FCFS,5348,3862,42,196335,196377,192473,192515,192473
FCFS,330,3863,79,196377,196456,192514,192593,192514
FCFS,7942,3863,36,196456,196492,192593,192629,192593
FCFS,2602,3864,81,196492,196573,192628,192709,192628
FCFS,5029,3866,37,196573,196610,192707,192744,192707
FCFS,3297,3866,53,196610,196663,192744,192797,192744
FCFS,2529,3867,1,196663,196664,192796,192797,192796
FCFS,4951,3867,60,196664,196724,192797,192857,192797
FCFS,7569,3867,87,196724,196811,192857,192944,192857
FCFS,2852,3868,68,196811,196879,192943,193011,192943
FCFS,7469,3870,92,196879,196971,193009,193101,193009
FCFS,4449,3871,44,196971,197015,193100,193144,193100
FCFS,9244,3872,61,197015,197076,193143,193204,193143
FCFS,9018,3872,34,197076,197110,193204,193238,193204
FCFS,8731,3873,46,197110,197156,193237,193283,193237
FCFS,1993,3874,14,197156,197170,193282,193296,193282
FCFS,6222,3874,46,197170,197216,193296,193342,193296
FCFS,4219,3875,20,197216,197236,193341,193361,193341
FCFS,6478,3875,82,197236,197318,193361,193443,193361
FCFS,1006,3876,14,197318,197332,193442,193456,193442
FCFS,7062,3876,47,197332,197379,193456,193503,193456
FCFS,8288,3878,34,197379,197413,193501,193535,193501
FCFS,6720,3880,67,197413,197480,193533,193600,193533
FCFS,4224,3882,19,197480,197499,193598,193617,193598
FCFS,9589,3883,88,197499,197587,193616,193704,193616
FCFS,7834,3883,48,197587,197635,193704,193752,193704
FCFS,6896,3885,82,197635,197717,193750,193832,193750
FCFS,9440,3885,6,197717,197723,193832,193838,193832
FCFS,9031,3888,48,197723,197771,193835,193883,193835
FCFS,39,3890,33,197771,197804,193881,193914,193881
FCFS,9670,3891,52,197804,197856,193913,193965,193913
FCFS,5136,3892,67,197856,197923,193964,194031,193964
FCFS,3963,3893,61,197923,197984,194030,194091,194030
FCFS,3247,3893,65,197984,198049,194091,194156,194091
FCFS,7098,3895,19,198049,198068,194154,194173,194154
FCFS,7995,3896,2,198068,198070,194172,194174,194172
FCFS,2186,3897,65,198070,198135,194173,194238,194173
FCFS,5319,3899,15,198135,198150,194236,194251,194236
FCFS,8950,3900,16,198150,198166,194250,194266,194250
FCFS,774,3900,19,198166,198185,194266,194285,194266
FCFS,3793,3901,9,198185,198194,194284,194293,194284
FCFS,3967,3904,65,198194,198259,194290,194355,194290
FCFS,4624,3904,37,198259,198296,194355,194392,194355
FCFS,3072,3906,60,198296,198356,194390,194450,194390
FCFS,7106,3906,27,198356,198383,194450,194477,194450
FCFS,4692,3907,73,198383,198456,194476,194549,194476
FCFS,6316,3908,17,198456,198473,194548,194565,194548
FCFS,1626,3911,10,198473,198483,194562,194572,194562
FCFS,465,3913,87,198483,198570,194570,194657,194570
FCFS,4338,3915,5,198570,198575,194655,194660,194655
FCFS,9448,3916,19,198575,198594,194659,194678,194659
FCFS,5344,3917,99,198594,198693,194677,194776,194677
FCFS,5887,3918,34,198693,198727,194775,194809,194775
FCFS,2408,3920,50,198727,198777,194807,194857,194807
FCFS,3623,3922,56,198777,198833,194855,194911,194855
FCFS,3292,3923,6,198833,198839,194910,194916,194910
FCFS,8601,3923,97,198839,198936,194916,195013,194916
FCFS,6189,3924,58,198936,198994,195012,195070,195012
FCFS,4466,3924,34,198994,199028,195070,195104,195070
FCFS,668,3925,3,199028,199031,195103,195106,195103
FCFS,2199,3926,85,199031,199116,195105,195190,195105
FCFS,3871,3927,27,199116,199143,195189,195216,195189
FCFS,7857,3928,97,199143,199240,195215,195312,195215
FCFS,3464,3929,75,199240,199315,195311,195386,195311
FCFS,1432,3930,99,199315,199414,195385,195484,195385
FCFS,7042,3932,72,199414,199486,195482,195554,195482
FCFS,4593,3932,65,199486,199551,195554,195619,195554
FCFS,9787,3932,2,199551,199553,195619,195621,195619
FCFS,6739,3932,84,199553,199637,195621,195705,195621
FCFS,8179,3933,22,199637,199659,195704,195726,195704
FCFS,6766,3933,78,199659,199737,195726,195804,195726
FCFS,7160,3935,3,199737,199740,195802,195805,195802
FCFS,3057,3935,31,199740,199771,195805,195836,195805
FCFS,7059,3936,46,199771,199817,195835,195881,195835
FCFS,9898,3937,24,199817,199841,195880,195904,195880
FCFS,4868,3939,14,199841,199855,195902,195916,195902
FCFS,4092,3940,12,199855,199867,195915,195927,195915
FCFS,56,3943,77,199867,199944,195924,196001,195924
FCFS,6711,3945,79,199944,200023,195999,196078,195999
FCFS,3442,3947,85,200023,200108,196076,196161,196076
FCFS,7457,3949,46,200108,200154,196159,196205,196159
FCFS,9455,3951,58,200154,200212,196203,196261,196203
FCFS,3673,3951,57,200212,200269,196261,196318,196261
FCFS,1750,3953,57,200269,200326,196316,196373,196316
FCFS,9833,3954,65,200326,200391,196372,196437,196372
FCFS,5256,3956,14,200391,200405,196435,196449,196435
FCFS,6700,3957,18,200405,200423,196448,196466,196448
FCFS,5125,3957,28,200423,200451,196466,196494,196466
FCFS,2472,3959,17,200451,200468,196492,196509,196492
FCFS,7550,3959,82,200468,200550,196509,196591,196509
FCFS,6706,3959,15,200550,200565,196591,196606,196591
FCFS,2366,3959,96,200565,200661,196606,196702,196606
FCFS,8732,3960,48,200661,200709,196701,196749,196701
FCFS,8971,3960,18,200709,200727,196749,196767,196749
FCFS,4608,3961,63,200727,200790,196766,196829,196766
FCFS,4747,3962,87,200790,200877,196828,196915,196828
FCFS,9899,3963,67,200877,200944,196914,196981,196914
FCFS,3137,3965,36,200944,200980,196979,197015,196979
FCFS,5067,3966,68,200980,201048,197014,197082,197014
FCFS,9608,3967,69,201048,201117,197081,197150,197081
FCFS,2321,3967,66,201117,201183,197150,197216,197150
FCFS,5641,3968,17,201183,201200,197215,197232,197215
FCFS,4401,3968,19,201200,201219,197232,197251,197232
FCFS,8141,3969,85,201219,201304,197250,197335,197250
FCFS,4862,3969,2,201304,201306,197335,197337,197335
FCFS,9799,3970,23,201306,201329,197336,197359,197336
FCFS,4271,3970,14,201329,201343,197359,197373,197359
FCFS,2534,3970,65,201343,201408,197373,197438,197373
FCFS,4549,3970,63,201408,201471,197438,197501,197438
FCFS,1415,3972,29,201471,201500,197499,197528,197499
FCFS,480,3974,44,201500,201544,197526,197570,197526
FCFS,3253,3976,90,201544,201634,197568,197658,197568
FCFS,4989,3977,82,201634,201716,197657,197739,197657
FCFS,4993,3981,59,201716,201775,197735,197794,197735
FCFS,7196,3981,51,201775,201826,197794,197845,197794
FCFS,7496,3981,74,201826,201900,197845,197919,197845
FCFS,4850,3982,85,201900,201985,197918,198003,197918
FCFS,9308,3983,73,201985,202058,198002,198075,198002
FCFS,2250,3983,81,202058,202139,198075,198156,198075
FCFS,2336,3983,60,202139,202199,198156,198216,198156
FCFS,6350,3985,6,202199,202205,198214,198220,198214
FCFS,8128,3985,15,202205,202220,198220,198235,198220
FCFS,7903,3985,54,202220,202274,198235,198289,198235
FCFS,273,3987,57,202274,202331,198287,198344,198287
FCFS,8885,3988,78,202331,202409,198343,198421,198343
FCFS,6728,3990,2,202409,202411,198419,198421,198419
FCFS,6540,3992,91,202411,202502,198419,198510,198419
FCFS,5615,3992,13,202502,202515,198510,198523,198510
FCFS,1273,3993,12,202515,202527,198522,198534,198522
FCFS,7773,3994,56,202527,202583,198533,198589,198533
FCFS,5712,3998,40,202583,202623,198585,198625,198585
FCFS,7295,3998,22,202623,202645,198625,198647,198625
FCFS,1459,3998,99,202645,202744,198647,198746,198647
FCFS,672,4000,45,202744,202789,198744,198789,198744
FCFS,458,4000,58,202789,202847,198789,198847,198789
FCFS,2462,4000,2,202847,202849,198847,198849,198847
FCFS,2904,4000,95,202849,202944,198849,198944,198849
FCFS,9135,4001,8,202944,202952,198943,198951,198943
FCFS,6362,4002,33,202952,202985,198950,198983,198950
FCFS,8100,4005,17,202985,203002,198980,198997,198980
FCFS,4513,4005,20,203002,203022,198997,199017,198997
FCFS,2769,4005,92,203022,203114,199017,199109,199017
FCFS,4602,4006,75,203114,203189,199108,199183,199108
FCFS,7193,4006,7,203189,203196,199183,199190,199183
FCFS,2868,4008,21,203196,203217,199188,199209,199188
FCFS,3978,4008,57,203217,203274,199209,199266,199209
FCFS,9724,4008,78,203274,203352,199266,199344,199266
FCFS,7840,4009,41,203352,203393,199343,199384,199343
FCFS,3431,4009,2,203393,203395,199384,199386,199384
FCFS,2949,4009,45,203395,203440,199386,199431,199386
FCFS,5858,4011,7,203440,203447,199429,199436,199429
FCFS,332,4014,99,203447,203546,199433,199532,199433
FCFS,7044,4016,92,203546,203638,199530,199622,199530
FCFS,9109,4016,42,203638,203680,199622,199664,199622
FCFS,6477,4016,87,203680,203767,199664,199751,199664
FCFS,3778,4017,32,203767,203799,199750,199782,199750
FCFS,9449,4018,62,203799,203861,199781,199843,199781
FCFS,952,4018,47,203861,203908,199843,199890,199843
FCFS,8756,4018,12,203908,203920,199890,199902,199890
FCFS,9812,4019,19,203920,203939,199901,199920,199901
FCFS,9158,4019,75,203939,204014,199920,199995,199920
FCFS,9055,4019,5,204014,204019,199995,200000,199995
FCFS,2891,4020,83,204019,204102,199999,200082,199999
FCFS,1027,4021,67,204102,204169,200081,200148,200081
FCFS,6404,4022,51,204169,204220,200147,200198,200147
FCFS,8524,4023,48,204220,204268,200197,200245,200197
FCFS,9606,4023,65,204268,204333,200245,200310,200245
FCFS,7012,4025,2,204333,204335,200308,200310,200308
FCFS,6483,4025,52,204335,204387,200310,200362,200310
FCFS,3306,4025,96,204387,204483,200362,200458,200362
FCFS,3820,4027,82,204483,204565,200456,200538,200456
FCFS,9905,4027,63,204565,204628,200538,200601,200538
FCFS,949,4033,46,204628,204674,200595,200641,200595
FCFS,1809,4033,33,204674,204707,200641,200674,200641
FCFS,1163,4033,2,204707,204709,200674,200676,200674
FCFS,2838,4033,61,204709,204770,200676,200737,200676
FCFS,7854,4036,28,204770,204798,200734,200762,200734
FCFS,1422,4036,34,204798,204832,200762,200796,200762
FCFS,2018,4037,90,204832,204922,200795,200885,200795
FCFS,5096,4039,71,204922,204993,200883,200954,200883
FCFS,5376,4041,32,204993,205025,200952,200984,200952
FCFS,6802,4042,84,205025,205109,200983,201067,200983
FCFS,5061,4042,2,205109,205111,201067,201069,201067
FCFS,4937,4042,9,205111,205120,201069,201078,201069
FCFS,8369,4047,28,205120,205148,201073,201101,201073
FCFS,7986,4050,43,205148,205191,201098,201141,201098
FCFS,4759,4051,10,205191,205201,201140,201150,201140
FCFS,6508,4052,92,205201,205293,201149,201241,201149
FCFS,9897,4053,8,205293,205301,201240,201248,201240
FCFS,8705,4053,30,205301,205331,201248,201278,201248
FCFS,5044,4054,17,205331,205348,201277,201294,201277
FCFS,7426,4055,92,205348,205440,201293,201385,201293
FCFS,5339,4056,86,205440,205526,201384,201470,201384
FCFS,4574,4059,12,205526,205538,201467,201479,201467
FCFS,7711,4060,12,205538,205550,201478,201490,201478
FCFS,9757,4060,20,205550,205570,201490,201510,201490
FCFS,234,4061,26,205570,205596,201509,201535,201509
FCFS,3302,4063,92,205596,205688,201533,201625,201533
FCFS,6939,4065,73,205688,205761,201623,201696,201623
FCFS,4715,4066,82,205761,205843,201695,201777,201695
FCFS,7032,4067,44,205843,205887,201776,201820,201776
FCFS,3649,4068,75,205887,205962,201819,201894,201819
FCFS,417,4070,54,205962,206016,201892,201946,201892
FCFS,7795,4070,92,206016,206108,201946,202038,201946
FCFS,7305,4071,93,206108,206201,202037,202130,202037
FCFS,3242,4072,13,206201,206214,202129,202142,202129
FCFS,6505,4076,33,206214,206247,202138,202171,202138
FCFS,8544,4076,98,206247,206345,202171,202269,202171
FCFS,6717,4076,36,206345,206381,202269,202305,202269
FCFS,5059,4078,52,206381,206433,202303,202355,202303
FCFS,5930,4078,85,206433,206518,202355,202440,202355
FCFS,497,4079,77,206518,206595,202439,202516,202439
FCFS,2616,4079,21,206595,206616,202516,202537,202516
FCFS,9569,4080,91,206616,206707,202536,202627,202536
FCFS,3537,4082,18,206707,206725,202625,202643,202625
FCFS,2289,4082,50,206725,206775,202643,202693,202643
FCFS,8520,4083,96,206775,206871,202692,202788,202692
FCFS,5084,4085,64,206871,206935,202786,202850,202786
FCFS,8031,4086,75,206935,207010,202849,202924,202849
FCFS,5421,4086,15,207010,207025,202924,202939,202924
FCFS,5310,4086,63,207025,207088,202939,203002,202939
FCFS,5565,4086,86,207088,207174,203002,203088,203002
FCFS,9808,4087,85,207174,207259,203087,203172,203087
FCFS,9272,4088,94,207259,207353,203171,203265,203171
FCFS,2695,4088,16,207353,207369,203265,203281,203265
FCFS,1252,4090,68,207369,207437,203279,203347,203279
FCFS,9188,4091,90,207437,207527,203346,203436,203346
FCFS,9023,4092,86,207527,207613,203435,203521,203435
FCFS,9553,4094,74,207613,207687,203519,203593,203519
FCFS,6734,4095,56,207687,207743,203592,203648,203592
FCFS,9240,4099,45,207743,207788,203644,203689,203644
FCFS,9005,4102,33,207788,207821,203686,203719,203686
FCFS,9367,4102,26,207821,207847,203719,203745,203719
FCFS,5073,4103,87,207847,207934,203744,203831,203744
FCFS,1259,4107,20,207934,207954,203827,203847,203827
FCFS,2049,4107,48,207954,208002,203847,203895,203847
FCFS,469,4107,54,208002,208056,203895,203949,203895
FCFS,8766,4108,48,208056,208104,203948,203996,203948
FCFS,4213,4108,18,208104,208122,203996,204014,203996
FCFS,1642,4109,68,208122,208190,204013,204081,204013
FCFS,8269,4109,41,208190,208231,204081,204122,204081
FCFS,6548,4109,95,208231,208326,204122,204217,204122
FCFS,8957,4112,40,208326,208366,204214,204254,204214
FCFS,9451,4114,10,208366,208376,204252,204262,204252
FCFS,1826,4114,89,208376,208465,204262,204351,204262
FCFS,1524,4116,69,208465,208534,204349,204418,204349
FCFS,3716,4117,9,208534,208543,204417,204426,204417
FCFS,3068,4117,93,208543,208636,204426,204519,204426
FCFS,4630,4117,22,208636,208658,204519,204541,204519
FCFS,9034,4118,31,208658,208689,204540,204571,204540
FCFS,3744,4120,2,208689,208691,204569,204571,204569
FCFS,1204,4124,34,208691,208725,204567,204601,204567
FCFS,4999,4131,58,208725,208783,204594,204652,204594
FCFS,4289,4131,67,208783,208850,204652,204719,204652
FCFS,1413,4133,81,208850,208931,204717,204798,204717
FCFS,7694,4133,99,208931,209030,204798,204897,204798
FCFS,7316,4133,90,209030,209120,204897,204987,204897
FCFS,4285,4134,99,209120,209219,204986,205085,204986
FCFS,7879,4134,29,209219,209248,205085,205114,205085
FCFS,2569,4135,85,209248,209333,205113,205198,205113
FCFS,4333,4135,42,209333,209375,205198,205240,205198
FCFS,8568,4136,81,209375,209456,205239,205320,205239
FCFS,5956,4136,6,209456,209462,205320,205326,205320
FCFS,6449,4137,22,209462,209484,205325,205347,205325
FCFS,3775,4138,77,209484,209561,205346,205423,205346
FCFS,6922,4141,86,209561,209647,205420,205506,205420
FCFS,386,4142,59,209647,209706,205505,205564,205505
FCFS,788,4143,83,209706,209789,205563,205646,205563
FCFS,4343,4143,94,209789,209883,205646,205740,205646
FCFS,6463,4144,25,209883,209908,205739,205764,205739
FCFS,8553,4144,9,209908,209917,205764,205773,205764
FCFS,4267,4145,10,209917,209927,205772,205782,205772
FCFS,1013,4146,71,209927,209998,205781,205852,205781
FCFS,1876,4146,76,209998,210074,205852,205928,205852
FCFS,365,4146,36,210074,210110,205928,205964,205928
FCFS,6447,4150,22,210110,210132,205960,205982,205960
FCFS,9117,4150,59,210132,210191,205982,206041,205982
FCFS,9756,4150,9,210191,210200,206041,206050,206041
FCFS,1214,4150,55,210200,210255,206050,206105,206050
FCFS,5932,4151,92,210255,210347,206104,206196,206104
FCFS,8896,4151,33,210347,210380,206196,206229,206196
FCFS,7738,4151,88,210380,210468,206229,206317,206229
FCFS,3083,4152,38,210468,210506,206316,206354,206316
FCFS,6251,4152,49,210506,210555,206354,206403,206354
FCFS,2963,4154,2,210555,210557,206401,206403,206401
FCFS,4980,4155,92,210557,210649,206402,206494,206402
FCFS,7375,4155,76,210649,210725,206494,206570,206494
FCFS,7049,4157,33,210725,210758,206568,206601,206568
FCFS,6437,4157,98,210758,210856,206601,206699,206601
FCFS,667,4158,28,210856,210884,206698,206726,206698
FCFS,4855,4159,77,210884,210961,206725,206802,206725
FCFS,3603,4160,3,210961,210964,206801,206804,206801
FCFS,6801,4161,79,210964,211043,206803,206882,206803
FCFS,6609,4163,76,211043,211119,206880,206956,206880
FCFS,3787,4164,55,211119,211174,206955,207010,206955
FCFS,745,4164,4,211174,211178,207010,207014,207010
FCFS,1575,4167,51,211178,211229,207011,207062,207011
FCFS,520,4171,33,211229,211262,207058,207091,207058
FCFS,4113,4172,20,211262,211282,207090,207110,207090
FCFS,3617,4173,73,211282,211355,207109,207182,207109
FCFS,5706,4174,32,211355,211387,207181,207213,207181
FCFS,610,4175,21,211387,211408,207212,207233,207212
FCFS,9123,4175,29,211408,211437,207233,207262,207233
FCFS,6486,4175,54,211437,211491,207262,207316,207262
FCFS,3998,4177,60,211491,211551,207314,207374,207314
FCFS,1138,4177,32,211551,211583,207374,207406,207374
FCFS,687,4178,30,211583,211613,207405,207435,207405
FCFS,2696,4178,62,211613,211675,207435,207497,207435
FCFS,7482,4179,20,211675,211695,207496,207516,207496
FCFS,1526,4179,21,211695,211716,207516,207537,207516
FCFS,5423,4180,31,211716,211747,207536,207567,207536
FCFS,9211,4180,2,211747,211749,207567,207569,207567
FCFS,9871,4181,17,211749,211766,207568,207585,207568
FCFS,9507,4182,23,211766,211789,207584,207607,207584
FCFS,4540,4182,15,211789,211804,207607,207622,207607
FCFS,2290,4183,35,211804,211839,207621,207656,207621
FCFS,8937,4183,34,211839,211873,207656,207690,207656
FCFS,9229,4184,21,211873,211894,207689,207710,207689
FCFS,6043,4185,62,211894,211956,207709,207771,207709
FCFS,9418,4185,27,211956,211983,207771,207798,207771
FCFS,582,4186,92,211983,212075,207797,207889,207797
FCFS,3940,4188,80,212075,212155,207887,207967,207887
FCFS,766,4188,64,212155,212219,207967,208031,207967
FCFS,9744,4190,49,212219,212268,208029,208078,208029
FCFS,7033,4195,86,212268,212354,208073,208159,208073
FCFS,3728,4195,8,212354,212362,208159,208167,208159
FCFS,6357,4196,65,212362,212427,208166,208231,208166
FCFS,7310,4196,27,212427,212454,208231,208258,208231
FCFS,1247,4197,9,212454,212463,208257,208266,208257
FCFS,1584,4197,26,212463,212489,208266,208292,208266
FCFS,4711,4198,5,212489,212494,208291,208296,208291
FCFS,256,4199,80,212494,212574,208295,208375,208295
FCFS,3573,4199,57,212574,212631,208375,208432,208375
FCFS,2853,4200,48,212631,212679,208431,208479,208431
FCFS,2174,4200,90,212679,212769,208479,208569,208479
FCFS,3478,4200,68,212769,212837,208569,208637,208569
FCFS,6365,4200,94,212837,212931,208637,208731,208637
FCFS,1243,4203,53,212931,212984,208728,208781,208728
FCFS,4408,4204,67,212984,213051,208780,208847,208780
FCFS,836,4206,90,213051,213141,208845,208935,208845
FCFS,5358,4206,63,213141,213204,208935,208998,208935
FCFS,7055,4207,3,213204,213207,208997,209000,208997
FCFS,879,4208,44,213207,213251,208999,209043,208999
FCFS,3088,4208,28,213251,213279,209043,209071,209043
FCFS,7717,4210,94,213279,213373,209069,209163,209069
FCFS,7849,4211,72,213373,213445,209162,209234,209162
FCFS,1995,4211,36,213445,213481,209234,209270,209234
FCFS,1037,4212,74,213481,213555,209269,209343,209269
FCFS,5968,4212,65,213555,213620,209343,209408,209343
FCFS,5143,4213,81,213620,213701,209407,209488,209407
FCFS,7739,4213,79,213701,213780,209488,209567,209488
FCFS,3268,4213,49,213780,213829,209567,209616,209567
FCFS,3293,4214,11,213829,213840,209615,209626,209615
FCFS,8974,4217,32,213840,213872,209623,209655,209623
FCFS,5010,4218,76,213872,213948,209654,209730,209654
FCFS,196,4218,61,213948,214009,209730,209791,209730
FCFS,9354,4218,94,214009,214103,209791,209885,209791
FCFS,8781,4218,32,214103,214135,209885,209917,209885
FCFS,6485,4222,82,214135,214217,209913,209995,209913
FCFS,7900,4223,96,214217,214313,209994,210090,209994
FCFS,1157,4223,29,214313,214342,210090,210119,210090
FCFS,7233,4224,96,214342,214438,210118,210214,210118
FCFS,2062,4225,6,214438,214444,210213,210219,210213
FCFS,1197,4225,50,214444,214494,210219,210269,210219
FCFS,986,4225,16,214494,214510,210269,210285,210269
FCFS,5730,4225,92,214510,214602,210285,210377,210285
FCFS,933,4227,86,214602,214688,210375,210461,210375
FCFS,9870,4228,7,214688,214695,210460,210467,210460
FCFS,7228,4228,79,214695,214774,210467,210546,210467
FCFS,8559,4228,46,214774,214820,210546,210592,210546
FCFS,1287,4232,87,214820,214907,210588,210675,210588
FCFS,7673,4232,1,214907,214908,210675,210676,210675
FCFS,3198,4232,72,214908,214980,210676,210748,210676
FCFS,5106,4232,39,214980,215019,210748,210787,210748
FCFS,9521,4233,50,215019,215069,210786,210836,210786
FCFS,886,4234,11,215069,215080,210835,210846,210835
FCFS,3980,4234,13,215080,215093,210846,210859,210846
FCFS,8006,4234,58,215093,215151,210859,210917,210859
FCFS,7020,4235,48,215151,215199,210916,210964,210916
FCFS,3937,4236,34,215199,215233,210963,210997,210963
FCFS,3096,4236,52,215233,215285,210997,211049,210997
FCFS,9414,4238,67,215285,215352,211047,211114,211047
FCFS,5587,4239,68,215352,215420,211113,211181,211113
FCFS,9114,4239,73,215420,215493,211181,211254,211181
FCFS,8364,4240,55,215493,215548,211253,211308,211253
FCFS,7373,4241,52,215548,215600,211307,211359,211307
FCFS,8973,4242,13,215600,215613,211358,211371,211358
FCFS,1133,4242,94,215613,215707,211371,211465,211371
FCFS,1066,4243,19,215707,215726,211464,211483,211464
FCFS,6040,4243,40,215726,215766,211483,211523,211483
FCFS,8593,4243,5,215766,215771,211523,211528,211523
FCFS,4530,4247,36,215771,215807,211524,211560,211524
FCFS,5487,4248,35,215807,215842,211559,211594,211559
FCFS,2691,4249,32,215842,215874,211593,211625,211593
FCFS,423,4249,32,215874,215906,211625,211657,211625
FCFS,4082,4251,22,215906,215928,211655,211677,211655
FCFS,9729,4253,25,215928,215953,211675,211700,211675
FCFS,1980,4255,6,215953,215959,211698,211704,211698
FCFS,3050,4258,4,215959,215963,211701,211705,211701
FCFS,2069,4259,21,215963,215984,211704,211725,211704
FCFS,7733,4259,79,215984,216063,211725,211804,211725
FCFS,7996,4260,9,216063,216072,211803,211812,211803
FCFS,2475,4260,53,216072,216125,211812,211865,211812
FCFS,7828,4261,84,216125,216209,211864,211948,211864
FCFS,727,4261,26,216209,216235,211948,211974,211948
FCFS,9250,4261,35,216235,216270,211974,212009,211974
FCFS,9646,4261,42,216270,216312,212009,212051,212009
FCFS,9212,4262,78,216312,216390,212050,212128,212050
FCFS,9948,4262,14,216390,216404,212128,212142,212128
FCFS,1187,4263,6,216404,216410,212141,212147,212141
FCFS,7153,4264,7,216410,216417,212146,212153,212146
FCFS,8266,4264,71,216417,216488,212153,212224,212153
FCFS,4722,4266,89,216488,216577,212222,212311,212222
FCFS,5654,4267,19,216577,216596,212310,212329,212310
FCFS,585,4268,68,216596,216664,212328,212396,212328
FCFS,9239,4268,83,216664,216747,212396,212479,212396
FCFS,2153,4268,30,216747,216777,212479,212509,212479
FCFS,5312,4270,91,216777,216868,212507,212598,212507
FCFS,5378,4270,36,216868,216904,212598,212634,212598
FCFS,7007,4271,53,216904,216957,212633,212686,212633
FCFS,6013,4272,15,216957,216972,212685,212700,212685
FCFS,6617,4273,61,216972,217033,212699,212760,212699
FCFS,6092,4275,24,217033,217057,212758,212782,212758
FCFS,3519,4276,61,217057,217118,212781,212842,212781
FCFS,9999,4276,72,217118,217190,212842,212914,212842
FCFS,7852,4277,10,217190,217200,212913,212923,212913
FCFS,6345,4277,80,217200,217280,212923,213003,212923
FCFS,1311,4278,69,217280,217349,213002,213071,213002
FCFS,4904,4282,46,217349,217395,213067,213113,213067
FCFS,209,4282,12,217395,217407,213113,213125,213113
FCFS,2430,4283,12,217407,217419,213124,213136,213124
FCFS,5778,4284,9,217419,217428,213135,213144,213135
FCFS,6820,4284,20,217428,217448,213144,213164,213144
FCFS,9081,4284,9,217448,217457,213164,213173,213164
FCFS,2238,4285,50,217457,217507,213172,213222,213172
FCFS,1445,4286,54,217507,217561,213221,213275,213221
FCFS,8744,4287,57,217561,217618,213274,213331,213274
FCFS,4586,4287,51,217618,217669,213331,213382,213331
FCFS,3602,4287,16,217669,217685,213382,213398,213382
FCFS,8218,4287,8,217685,217693,213398,213406,213398
FCFS,872,4289,88,217693,217781,213404,213492,213404
FCFS,4078,4290,54,217781,217835,213491,213545,213491
FCFS,4849,4290,53,217835,217888,213545,213598,213545
FCFS,9778,4292,88,217888,217976,213596,213684,213596
FCFS,1757,4293,36,217976,218012,213683,213719,213683
FCFS,66,4297,18,218012,218030,213715,213733,213715
FCFS,8820,4298,83,218030,218113,213732,213815,213732
FCFS,4584,4298,21,218113,218134,213815,213836,213815
FCFS,8070,4298,2,218134,218136,213836,213838,213836
FCFS,9278,4299,24,218136,218160,213837,213861,213837
FCFS,8674,4299,52,218160,218212,213861,213913,213861
FCFS,8871,4300,99,218212,218311,213912,214011,213912
FCFS,748,4300,57,218311,218368,214011,214068,214011
FCFS,8854,4302,58,218368,218426,214066,214124,214066
FCFS,6813,4305,13,218426,218439,214121,214134,214121
FCFS,5107,4306,9,218439,218448,214133,214142,214133
FCFS,3530,4307,27,218448,218475,214141,214168,214141
FCFS,6353,4310,1,218475,218476,214165,214166,214165
FCFS,6884,4311,3,218476,218479,214165,214168,214165
FCFS,8077,4311,93,218479,218572,214168,214261,214168
FCFS,1435,4311,58,218572,218630,214261,214319,214261
FCFS,9042,4311,8,218630,218638,214319,214327,214319
FCFS,572,4312,25,218638,218663,214326,214351,214326
FCFS,5592,4312,25,218663,218688,214351,214376,214351
FCFS,6298,4314,10,218688,218698,214374,214384,214374
FCFS,3499,4316,43,218698,218741,214382,214425,214382
FCFS,7415,4317,50,218741,218791,214424,214474,214424
FCFS,2878,4318,16,218791,218807,214473,214489,214473
FCFS,4864,4319,78,218807,218885,214488,214566,214488
FCFS,8261,4320,46,218885,218931,214565,214611,214565
FCFS,9573,4320,67,218931,218998,214611,214678,214611
FCFS,8880,4321,17,218998,219015,214677,214694,214677
FCFS,5925,4321,70,219015,219085,214694,214764,214694
FCFS,5327,4321,15,219085,219100,214764,214779,214764
FCFS,4477,4322,93,219100,219193,214778,214871,214778
FCFS,8436,4323,93,219193,219286,214870,214963,214870
FCFS,860,4324,98,219286,219384,214962,215060,214962
FCFS,7282,4326,7,219384,219391,215058,215065,215058
FCFS,7759,4326,64,219391,219455,215065,215129,215065
FCFS,5603,4327,42,219455,219497,215128,215170,215128
FCFS,2281,4330,67,219497,219564,215167,215234,215167
FCFS,547,4330,69,219564,219633,215234,215303,215234
FCFS,9684,4330,40,219633,219673,215303,215343,215303
FCFS,8254,4331,78,219673,219751,215342,215420,215342
FCFS,4275,4331,30,219751,219781,215420,215450,215420
FCFS,8949,4332,87,219781,219868,215449,215536,215449
FCFS,6503,4332,33,219868,219901,215536,215569,215536
FCFS,4077,4334,62,219901,219963,215567,215629,215567
FCFS,7761,4335,58,219963,220021,215628,215686,215628
FCFS,5453,4340,66,220021,220087,215681,215747,215681
FCFS,2948,4340,19,220087,220106,215747,215766,215747
FCFS,1325,4346,97,220106,220203,215760,215857,215760
FCFS,8688,4348,50,220203,220253,215855,215905,215855
FCFS,9925,4349,35,220253,220288,215904,215939,215904
FCFS,2096,4349,48,220288,220336,215939,215987,215939
FCFS,9742,4350,15,220336,220351,215986,216001,215986
FCFS,7129,4350,69,220351,220420,216001,216070,216001
FCFS,6663,4354,36,220420,220456,216066,216102,216066
FCFS,6705,4354,41,220456,220497,216102,216143,216102
FCFS,9411,4354,39,220497,220536,216143,216182,216143
FCFS,9541,4355,9,220536,220545,216181,216190,216181
FCFS,1712,4356,5,220545,220550,216189,216194,216189
FCFS,3590,4357,94,220550,220644,216193,216287,216193
FCFS,7923,4357,29,220644,220673,216287,216316,216287
FCFS,1957,4358,60,220673,220733,216315,216375,216315
FCFS,521,4360,7,220733,220740,216373,216380,216373
FCFS,1336,4361,84,220740,220824,216379,216463,216379
FCFS,5129,4362,77,220824,220901,216462,216539,216462
FCFS,7291,4362,94,220901,220995,216539,216633,216539
FCFS,704,4363,19,220995,221014,216632,216651,216632
FCFS,2590,4364,64,221014,221078,216650,216714,216650
FCFS,8631,4365,32,221078,221110,216713,216745,216713
FCFS,8561,4366,58,221110,221168,216744,216802,216744
FCFS,6836,4366,83,221168,221251,216802,216885,216802
FCFS,5829,4368,91,221251,221342,216883,216974,216883
FCFS,9271,4368,90,221342,221432,216974,217064,216974
FCFS,6011,4368,1,221432,221433,217064,217065,217064
FCFS,3466,4369,82,221433,221515,217064,217146,217064
FCFS,3804,4370,35,221515,221550,217145,217180,217145
FCFS,9220,4370,68,221550,221618,217180,217248,217180
FCFS,6499,4372,69,221618,221687,217246,217315,217246
FCFS,9810,4374,60,221687,221747,217313,217373,217313
FCFS,7139,4376,29,221747,221776,217371,217400,217371
FCFS,2776,4378,41,221776,221817,217398,217439,217398
FCFS,6525,4378,32,221817,221849,217439,217471,217439
FCFS,7270,4378,51,221849,221900,217471,217522,217471
FCFS,6318,4379,60,221900,221960,217521,217581,217521
FCFS,1058,4380,41,221960,222001,217580,217621,217580
FCFS,468,4380,40,222001,222041,217621,217661,217621
FCFS,7585,4381,46,222041,222087,217660,217706,217660
FCFS,8813,4382,60,222087,222147,217705,217765,217705
FCFS,4174,4383,36,222147,222183,217764,217800,217764
FCFS,3906,4384,8,222183,222191,217799,217807,217799
FCFS,5194,4386,23,222191,222214,217805,217828,217805
FCFS,1349,4388,26,222214,222240,217826,217852,217826
FCFS,198,4389,13,222240,222253,217851,217864,217851
FCFS,8689,4390,60,222253,222313,217863,217923,217863
FCFS,3945,4390,26,222313,222339,217923,217949,217923
FCFS,8396,4392,76,222339,222415,217947,218023,217947
FCFS,9768,4394,16,222415,222431,218021,218037,218021
FCFS,8694,4394,15,222431,222446,218037,218052,218037
FCFS,3747,4396,45,222446,222491,218050,218095,218050
FCFS,5208,4399,16,222491,222507,218092,218108,218092
FCFS,1862,4399,60,222507,222567,218108,218168,218108
FCFS,6346,4402,25,222567,222592,218165,218190,218165
FCFS,6977,4402,26,222592,222618,218190,218216,218190
FCFS,3317,4402,51,222618,222669,218216,218267,218216
FCFS,9832,4403,8,222669,222677,218266,218274,218266
FCFS,4357,4405,81,222677,222758,218272,218353,218272
FCFS,2042,4406,47,222758,222805,218352,218399,218352
FCFS,3648,4408,68,222805,222873,218397,218465,218397
FCFS,9937,4408,8,222873,222881,218465,218473,218465
FCFS,8109,4409,34,222881,222915,218472,218506,218472
FCFS,9588,4412,97,222915,223012,218503,218600,218503
FCFS,163,4413,63,223012,223075,218599,218662,218599
FCFS,9894,4414,46,223075,223121,218661,218707,218661
FCFS,7462,4415,3,223121,223124,218706,218709,218706
FCFS,8084,4416,58,223124,223182,218708,218766,218708
FCFS,7920,4418,99,223182,223281,218764,218863,218764
FCFS,9955,4419,57,223281,223338,218862,218919,218862
FCFS,7634,4419,92,223338,223430,218919,219011,218919
FCFS,6639,4421,89,223430,223519,219009,219098,219009
FCFS,1072,4422,37,223519,223556,219097,219134,219097
FCFS,3455,4422,24,223556,223580,219134,219158,219134
FCFS,7144,4423,69,223580,223649,219157,219226,219157
FCFS,3245,4424,97,223649,223746,219225,219322,219225
FCFS,1130,4425,56,223746,223802,219321,219377,219321
FCFS,3320,4426,13,223802,223815,219376,219389,219376
FCFS,3796,4426,52,223815,223867,219389,219441,219389
FCFS,8,4426,55,223867,223922,219441,219496,219441
FCFS,4996,4427,18,223922,223940,219495,219513,219495
FCFS,6432,4428,48,223940,223988,219512,219560,219512
FCFS,9115,4428,60,223988,224048,219560,219620,219560
FCFS,1284,4430,51,224048,224099,219618,219669,219618
FCFS,1871,4431,48,224099,224147,219668,219716,219668
FCFS,8969,4431,30,224147,224177,219716,219746,219716
FCFS,2363,4431,90,224177,224267,219746,219836,219746
FCFS,790,4432,26,224267,224293,219835,219861,219835
FCFS,6803,4433,84,224293,224377,219860,219944,219860
FCFS,264,4433,42,224377,224419,219944,219986,219944
FCFS,3975,4434,23,224419,224442,219985,220008,219985
FCFS,1341,4435,98,224442,224540,220007,220105,220007
FCFS,5718,4435,63,224540,224603,220105,220168,220105
FCFS,2046,4437,10,224603,224613,220166,220176,220166
FCFS,7955,4439,13,224613,224626,220174,220187,220174
FCFS,7408,4439,24,224626,224650,220187,220211,220187
FCFS,4579,4440,44,224650,224694,220210,220254,220210
FCFS,1802,4440,70,224694,224764,220254,220324,220254
FCFS,5162,4443,45,224764,224809,220321,220366,220321
FCFS,2010,4443,33,224809,224842,220366,220399,220366
FCFS,3440,4444,85,224842,224927,220398,220483,220398
FCFS,1892,4445,90,224927,225017,220482,220572,220482
FCFS,1005,4451,20,225017,225037,220566,220586,220566
FCFS,6310,4452,70,225037,225107,220585,220655,220585
FCFS,437,4452,44,225107,225151,220655,220699,220655
FCFS,6852,4453,15,225151,225166,220698,220713,220698
FCFS,3697,4456,27,225166,225193,220710,220737,220710
FCFS,2942,4458,84,225193,225277,220735,220819,220735
FCFS,3829,4458,54,225277,225331,220819,220873,220819
FCFS,7788,4458,26,225331,225357,220873,220899,220873
FCFS,8735,4460,89,225357,225446,220897,220986,220897
FCFS,4126,4460,59,225446,225505,220986,221045,220986
FCFS,391,4465,35,225505,225540,221040,221075,221040
FCFS,7521,4466,75,225540,225615,221074,221149,221074
FCFS,6880,4468,96,225615,225711,221147,221243,221147
FCFS,631,4468,4,225711,225715,221243,221247,221243
FCFS,1784,4470,63,225715,225778,221245,221308,221245
FCFS,5552,4471,63,225778,225841,221307,221370,221307
FCFS,4831,4471,62,225841,225903,221370,221432,221370
FCFS,1556,4473,60,225903,225963,221430,221490,221430
FCFS,7272,4474,72,225963,226035,221489,221561,221489
FCFS,5521,4476,92,226035,226127,221559,221651,221559
FCFS,8408,4477,82,226127,226209,221650,221732,221650
FCFS,8747,4477,28,226209,226237,221732,221760,221732
FCFS,4150,4478,69,226237,226306,221759,221828,221759
FCFS,4392,4478,15,226306,226321,221828,221843,221828
FCFS,5588,4479,23,226321,226344,221842,221865,221842
FCFS,8182,4480,91,226344,226435,221864,221955,221864
FCFS,2137,4481,82,226435,226517,221954,222036,221954
FCFS,4380,4482,58,226517,226575,222035,222093,222035
FCFS,5692,4482,74,226575,226649,222093,222167,222093
FCFS,9088,4482,26,226649,226675,222167,222193,222167
FCFS,9083,4483,78,226675,226753,222192,222270,222192
FCFS,4662,4485,85,226753,226838,222268,222353,222268
FCFS,4469,4485,37,226838,226875,222353,222390,222353
FCFS,5717,4487,94,226875,226969,222388,222482,222388
FCFS,120,4488,4,226969,226973,222481,222485,222481
FCFS,8860,4490,15,226973,226988,222483,222498,222483
FCFS,7842,4491,6,226988,226994,222497,222503,222497
FCFS,8413,4491,41,226994,227035,222503,222544,222503
FCFS,530,4491,93,227035,227128,222544,222637,222544
FCFS,7530,4491,4,227128,227132,222637,222641,222637
FCFS,1146,4491,55,227132,227187,222641,222696,222641
FCFS,2812,4492,39,227187,227226,222695,222734,222695
FCFS,7107,4492,88,227226,227314,222734,222822,222734
FCFS,514,4492,27,227314,227341,222822,222849,222822
FCFS,3279,4493,77,227341,227418,222848,222925,222848
FCFS,5831,4493,63,227418,227481,222925,222988,222925
FCFS,2707,4493,58,227481,227539,222988,223046,222988
FCFS,270,4493,75,227539,227614,223046,223121,223046
FCFS,3035,4494,86,227614,227700,223120,223206,223120
FCFS,1355,4494,50,227700,227750,223206,223256,223206
FCFS,358,4495,51,227750,227801,223255,223306,223255
FCFS,277,4496,45,227801,227846,223305,223350,223305
FCFS,1298,4497,58,227846,227904,223349,223407,223349
FCFS,6225,4497,13,227904,227917,223407,223420,223407
FCFS,7618,4498,88,227917,228005,223419,223507,223419
FCFS,249,4499,24,228005,228029,223506,223530,223506
FCFS,4101,4500,35,228029,228064,223529,223564,223529
FCFS,4627,4500,49,228064,228113,223564,223613,223564
FCFS,6115,4500,36,228113,228149,223613,223649,223613
FCFS,9199,4503,50,228149,228199,223646,223696,223646
FCFS,3921,4507,55,228199,228254,223692,223747,223692
FCFS,6877,4507,52,228254,228306,223747,223799,223747
FCFS,8740,4507,10,228306,228316,223799,223809,223799
FCFS,8042,4508,98,228316,228414,223808,223906,223808
FCFS,9829,4511,3,228414,228417,223903,223906,223903
FCFS,8587,4512,78,228417,228495,223905,223983,223905
FCFS,4440,4512,70,228495,228565,223983,224053,223983
FCFS,9208,4512,65,228565,228630,224053,224118,224053
FCFS,8927,4512,69,228630,228699,224118,224187,224118
FCFS,8914,4515,2,228699,228701,224184,224186,224184
FCFS,5206,4516,87,228701,228788,224185,224272,224185
FCFS,6290,4516,31,228788,228819,224272,224303,224272
FCFS,6118,4517,96,228819,228915,224302,224398,224302
FCFS,2125,4517,73,228915,228988,224398,224471,224398
FCFS,8280,4521,67,228988,229055,224467,224534,224467
FCFS,5953,4522,98,229055,229153,224533,224631,224533
FCFS,9402,4522,25,229153,229178,224631,224656,224631
FCFS,3200,4523,47,229178,229225,224655,224702,224655
FCFS,4641,4524,96,229225,229321,224701,224797,224701
FCFS,4696,4524,37,229321,229358,224797,224834,224797
FCFS,5286,4524,81,229358,229439,224834,224915,224834
FCFS,1082,4524,46,229439,229485,224915,224961,224915
FCFS,6369,4524,55,229485,229540,224961,225016,224961
FCFS,8909,4529,88,229540,229628,225011,225099,225011
FCFS,4197,4529,18,229628,229646,225099,225117,225099
FCFS,8920,4529,65,229646,229711,225117,225182,225117
FCFS,717,4530,57,229711,229768,225181,225238,225181
FCFS,5446,4530,14,229768,229782,225238,225252,225238
FCFS,6223,4530,61,229782,229843,225252,225313,225252
FCFS,2217,4531,66,229843,229909,225312,225378,225312
FCFS,7430,4532,25,229909,229934,225377,225402,225377
FCFS,6971,4534,24,229934,229958,225400,225424,225400
FCFS,5398,4534,40,229958,229998,225424,225464,225424
FCFS,5002,4535,88,229998,230086,225463,225551,225463
FCFS,9233,4535,36,230086,230122,225551,225587,225551
FCFS,8878,4537,5,230122,230127,225585,225590,225585
FCFS,8706,4537,69,230127,230196,225590,225659,225590
FCFS,4591,4538,6,230196,230202,225658,225664,225658
FCFS,7905,4538,15,230202,230217,225664,225679,225664
FCFS,3557,4538,72,230217,230289,225679,225751,225679
FCFS,5417,4539,95,230289,230384,225750,225845,225750
FCFS,8277,4541,82,230384,230466,225843,225925,225843
FCFS,7188,4541,34,230466,230500,225925,225959,225925
FCFS,9967,4541,84,230500,230584,225959,226043,225959
FCFS,7946,4542,77,230584,230661,226042,226119,226042
FCFS,8069,4543,50,230661,230711,226118,226168,226118
FCFS,1469,4543,70,230711,230781,226168,226238,226168
FCFS,696,4544,20,230781,230801,226237,226257,226237
FCFS,3902,4545,81,230801,230882,226256,226337,226256
FCFS,1122,4547,79,230882,230961,226335,226414,226335
FCFS,241,4548,55,230961,231016,226413,226468,226413
FCFS,9984,4549,64,231016,231080,226467,226531,226467
FCFS,7201,4550,71,231080,231151,226530,226601,226530
FCFS,6854,4551,78,231151,231229,226600,226678,226600
FCFS,4740,4552,40,231229,231269,226677,226717,226677
FCFS,3318,4552,44,231269,231313,226717,226761,226717
FCFS,6164,4555,53,231313,231366,226758,226811,226758
FCFS,1714,4555,64,231366,231430,226811,226875,226811
FCFS,279,4555,80,231430,231510,226875,226955,226875
FCFS,19,4555,26,231510,231536,226955,226981,226955
FCFS,3493,4557,74,231536,231610,226979,227053,226979
FCFS,2285,4558,77,231610,231687,227052,227129,227052
FCFS,3655,4559,3,231687,231690,227128,227131,227128
FCFS,8630,4559,49,231690,231739,227131,227180,227131
FCFS,9137,4562,45,231739,231784,227177,227222,227177
FCFS,4966,4563,38,231784,231822,227221,227259,227221
FCFS,5791,4565,64,231822,231886,227257,227321,227257
FCFS,6775,4566,54,231886,231940,227320,227374,227320
FCFS,8144,4566,69,231940,232009,227374,227443,227374
FCFS,4871,4566,49,232009,232058,227443,227492,227443
FCFS,1145,4566,21,232058,232079,227492,227513,227492
FCFS,6394,4567,95,232079,232174,227512,227607,227512
FCFS,4511,4567,14,232174,232188,227607,227621,227607
FCFS,5770,4567,58,232188,232246,227621,227679,227621
FCFS,8953,4568,66,232246,232312,227678,227744,227678
FCFS,7076,4569,61,232312,232373,227743,227804,227743
FCFS,1490,4569,94,232373,232467,227804,227898,227804
FCFS,3503,4570,45,232467,232512,227897,227942,227897
FCFS,5041,4571,78,232512,232590,227941,228019,227941
FCFS,6412,4573,64,232590,232654,228017,228081,228017
FCFS,6097,4575,33,232654,232687,228079,228112,228079
FCFS,5500,4576,97,232687,232784,228111,228208,228111
FCFS,2028,4576,72,232784,232856,228208,228280,228208
FCFS,9421,4576,31,232856,232887,228280,228311,228280
FCFS,2745,4577,78,232887,232965,228310,228388,228310
FCFS,9651,4578,73,232965,233038,228387,228460,228387
FCFS,2640,4578,77,233038,233115,228460,228537,228460
FCFS,3313,4579,61,233115,233176,228536,228597,228536
FCFS,7597,4581,21,233176,233197,228595,228616,228595
FCFS,6038,4582,74,233197,233271,228615,228689,228615
FCFS,2257,4583,21,233271,233292,228688,228709,228688
FCFS,9323,4584,65,233292,233357,228708,228773,228708
FCFS,7915,4584,98,233357,233455,228773,228871,228773
FCFS,1763,4585,72,233455,233527,228870,228942,228870
FCFS,4810,4586,36,233527,233563,228941,228977,228941
FCFS,9825,4587,56,233563,233619,228976,229032,228976
FCFS,5572,4588,45,233619,233664,229031,229076,229031
FCFS,4260,4589,14,233664,233678,229075,229089,229075
FCFS,4639,4591,19,233678,233697,229087,229106,229087
FCFS,3547,4591,77,233697,233774,229106,229183,229106
FCFS,2157,4592,97,233774,233871,229182,229279,229182
FCFS,5940,4593,28,233871,233899,229278,229306,229278
FCFS,8884,4593,84,233899,233983,229306,229390,229306
FCFS,4132,4594,21,233983,234004,229389,229410,229389
FCFS,3654,4595,99,234004,234103,229409,229508,229409
FCFS,2682,4596,28,234103,234131,229507,229535,229507
FCFS,6869,4597,19,234131,234150,229534,229553,229534
FCFS,7837,4598,6,234150,234156,229552,229558,229552
FCFS,6630,4598,97,234156,234253,229558,229655,229558
FCFS,1703,4599,59,234253,234312,229654,229713,229654
FCFS,7263,4601,74,234312,234386,229711,229785,229711
FCFS,5489,4603,22,234386,234408,229783,229805,229783
FCFS,5054,4603,85,234408,234493,229805,229890,229805
FCFS,7526,4607,15,234493,234508,229886,229901,229886
FCFS,7902,4607,38,234508,234546,229901,229939,229901
FCFS,9076,4608,21,234546,234567,229938,229959,229938
FCFS,447,4611,7,234567,234574,229956,229963,229956
FCFS,6138,4611,84,234574,234658,229963,230047,229963
FCFS,8857,4611,59,234658,234717,230047,230106,230047
FCFS,974,4612,29,234717,234746,230105,230134,230105
FCFS,1792,4612,91,234746,234837,230134,230225,230134
FCFS,7846,4613,16,234837,234853,230224,230240,230224
FCFS,7063,4615,14,234853,234867,230238,230252,230238
FCFS,2828,4615,42,234867,234909,230252,230294,230252
FCFS,1917,4616,3,234909,234912,230293,230296,230293
FCFS,5547,4616,82,234912,234994,230296,230378,230296
FCFS,8617,4616,47,234994,235041,230378,230425,230378
FCFS,7161,4619,29,235041,235070,230422,230451,230422
FCFS,6239,4620,44,235070,235114,230450,230494,230450
FCFS,4394,4620,83,235114,235197,230494,230577,230494
FCFS,801,4621,74,235197,235271,230576,230650,230576
FCFS,4669,4621,55,235271,235326,230650,230705,230650
FCFS,5495,4623,13,235326,235339,230703,230716,230703
FCFS,2501,4624,14,235339,235353,230715,230729,230715
FCFS,4636,4624,43,235353,235396,230729,230772,230729
FCFS,6002,4626,66,235396,235462,230770,230836,230770
FCFS,4206,4627,3,235462,235465,230835,230838,230835
FCFS,2658,4628,13,235465,235478,230837,230850,230837
FCFS,5809,4631,44,235478,235522,230847,230891,230847
FCFS,6914,4631,22,235522,235544,230891,230913,230891
FCFS,826,4632,44,235544,235588,230912,230956,230912
FCFS,6046,4633,73,235588,235661,230955,231028,230955
FCFS,5155,4633,4,235661,235665,231028,231032,231028
FCFS,9471,4635,87,235665,235752,231030,231117,231030
FCFS,7477,4636,3,235752,235755,231116,231119,231116
FCFS,140,4636,87,235755,235842,231119,231206,231119
FCFS,3982,4637,11,235842,235853,231205,231216,231205
FCFS,731,4637,93,235853,235946,231216,231309,231216
FCFS,9372,4637,99,235946,236045,231309,231408,231309
FCFS,8488,4640,21,236045,236066,231405,231426,231405
FCFS,298,4642,41,236066,236107,231424,231465,231424
FCFS,8692,4644,16,236107,236123,231463,231479,231463
FCFS,1658,4644,3,236123,236126,231479,231482,231479
FCFS,5715,4645,99,236126,236225,231481,231580,231481
FCFS,2666,4646,61,236225,236286,231579,231640,231579
FCFS,4621,4647,92,236286,236378,231639,231731,231639
FCFS,7919,4647,3,236378,236381,231731,231734,231731
FCFS,2806,4648,31,236381,236412,231733,231764,231733
FCFS,9344,4648,56,236412,236468,231764,231820,231764
FCFS,1698,4648,27,236468,236495,231820,231847,231820
FCFS,2794,4650,74,236495,236569,231845,231919,231845
FCFS,5026,4651,70,236569,236639,231918,231988,231918
FCFS,7124,4651,95,236639,236734,231988,232083,231988
FCFS,2937,4652,79,236734,236813,232082,232161,232082
FCFS,7067,4652,31,236813,236844,232161,232192,232161
FCFS,5996,4654,16,236844,236860,232190,232206,232190
FCFS,4930,4654,84,236860,236944,232206,232290,232206
FCFS,2556,4654,27,236944,236971,232290,232317,232290
FCFS,7509,4655,77,236971,237048,232316,232393,232316
FCFS,7692,4656,40,237048,237088,232392,232432,232392
FCFS,9692,4656,41,237088,237129,232432,232473,232432
FCFS,5688,4657,58,237129,237187,232472,232530,232472
FCFS,33,4658,64,237187,237251,232529,232593,232529
FCFS,5392,4658,45,237251,237296,232593,232638,232593
FCFS,2858,4658,81,237296,237377,232638,232719,232638
FCFS,9134,4659,62,237377,237439,232718,232780,232718
FCFS,5631,4661,71,237439,237510,232778,232849,232778
FCFS,1028,4662,39,237510,237549,232848,232887,232848
FCFS,7758,4662,58,237549,237607,232887,232945,232887
FCFS,8252,4663,83,237607,237690,232944,233027,232944
FCFS,8375,4663,86,237690,237776,233027,233113,233027
FCFS,2514,4666,32,237776,237808,233110,233142,233110
FCFS,4585,4668,76,237808,237884,233140,233216,233140
FCFS,2876,4669,72,237884,237956,233215,233287,233215
FCFS,4672,4670,42,237956,237998,233286,233328,233286
FCFS,943,4670,22,237998,238020,233328,233350,233328
FCFS,8645,4670,89,238020,238109,233350,233439,233350
FCFS,4824,4670,27,238109,238136,233439,233466,233439
FCFS,9881,4673,9,238136,238145,233463,233472,233463
FCFS,4981,4673,12,238145,238157,233472,233484,233472
FCFS,716,4673,92,238157,238249,233484,233576,233484
FCFS,7071,4674,29,238249,238278,233575,233604,233575
FCFS,1396,4675,99,238278,238377,233603,233702,233603
FCFS,4895,4675,64,238377,238441,233702,233766,233702
FCFS,7079,4675,4,238441,238445,233766,233770,233766
FCFS,5266,4675,57,238445,238502,233770,233827,233770
FCFS,5227,4677,34,238502,238536,233825,233859,233825
FCFS,9996,4677,27,238536,238563,233859,233886,233859
FCFS,8264,4677,83,238563,238646,233886,233969,233886
FCFS,4038,4678,48,238646,238694,233968,234016,233968
FCFS,4973,4683,50,238694,238744,234011,234061,234011
FCFS,5379,4683,28,238744,238772,234061,234089,234061
FCFS,9131,4684,20,238772,238792,234088,234108,234088
FCFS,4822,4686,44,238792,238836,234106,234150,234106
FCFS,6594,4689,36,238836,238872,234147,234183,234147
FCFS,7952,4690,14,238872,238886,234182,234196,234182
FCFS,3653,4690,82,238886,238968,234196,234278,234196
FCFS,9954,4692,14,238968,238982,234276,234290,234276
FCFS,9100,4695,23,238982,239005,234287,234310,234287
FCFS,2796,4697,59,239005,239064,234308,234367,234308
FCFS,6883,4698,14,239064,239078,234366,234380,234366
FCFS,3043,4699,64,239078,239142,234379,234443,234379
FCFS,7386,4700,19,239142,239161,234442,234461,234442
FCFS,8516,4701,78,239161,239239,234460,234538,234460
FCFS,1678,4703,28,239239,239267,234536,234564,234536
FCFS,5867,4703,86,239267,239353,234564,234650,234564
FCFS,5958,4704,64,239353,239417,234649,234713,234649
FCFS,6876,4709,96,239417,239513,234708,234804,234708
FCFS,7225,4710,36,239513,239549,234803,234839,234803
FCFS,9009,4711,51,239549,239600,234838,234889,234838
FCFS,6306,4711,38,239600,239638,234889,234927,234889
FCFS,7831,4712,89,239638,239727,234926,235015,234926
FCFS,5544,4712,19,239727,239746,235015,235034,235015
FCFS,4894,4713,61,239746,239807,235033,235094,235033
FCFS,2437,4713,19,239807,239826,235094,235113,235094
FCFS,4853,4713,82,239826,239908,235113,235195,235113
FCFS,9379,4717,88,239908,239996,235191,235279,235191
FCFS,711,4719,29,239996,240025,235277,235306,235277
FCFS,2166,4719,84,240025,240109,235306,235390,235306
FCFS,9416,4722,41,240109,240150,235387,235428,235387
FCFS,8618,4725,30,240150,240180,235425,235455,235425
FCFS,8870,4725,86,240180,240266,235455,235541,235455
FCFS,7732,4725,27,240266,240293,235541,235568,235541
FCFS,6124,4726,14,240293,240307,235567,235581,235567
FCFS,3136,4727,47,240307,240354,235580,235627,235580
FCFS,7040,4727,45,240354,240399,235627,235672,235627
FCFS,3195,4728,52,240399,240451,235671,235723,235671
FCFS,9165,4729,53,240451,240504,235722,235775,235722
FCFS,542,4729,11,240504,240515,235775,235786,235775
FCFS,3912,4729,2,240515,240517,235786,235788,235786
FCFS,6151,4732,14,240517,240531,235785,235799,235785
FCFS,1686,4732,89,240531,240620,235799,235888,235799
FCFS,6787,4732,30,240620,240650,235888,235918,235888
FCFS,3908,4733,18,240650,240668,235917,235935,235917
FCFS,5943,4734,3,240668,240671,235934,235937,235934
FCFS,4228,4735,13,240671,240684,235936,235949,235936
FCFS,278,4735,91,240684,240775,235949,236040,235949
FCFS,6558,4736,15,240775,240790,236039,236054,236039
FCFS,228,4736,80,240790,240870,236054,236134,236054
FCFS,181,4737,56,240870,240926,236133,236189,236133
FCFS,2102,4737,47,240926,240973,236189,236236,236189
FCFS,2671,4741,27,240973,241000,236232,236259,236232
FCFS,3823,4744,47,241000,241047,236256,236303,236256
FCFS,586,4748,53,241047,241100,236299,236352,236299
FCFS,7542,4749,31,241100,241131,236351,236382,236351
FCFS,4195,4749,50,241131,241181,236382,236432,236382
FCFS,6649,4752,23,241181,241204,236429,236452,236429
FCFS,395,4752,90,241204,241294,236452,236542,236452
FCFS,6360,4753,30,241294,241324,236541,236571,236541
FCFS,7182,4753,51,241324,241375,236571,236622,236571
FCFS,3737,4757,84,241375,241459,236618,236702,236618
FCFS,2693,4757,57,241459,241516,236702,236759,236702
FCFS,1059,4757,13,241516,241529,236759,236772,236759
FCFS,3905,4757,62,241529,241591,236772,236834,236772
FCFS,5428,4758,46,241591,241637,236833,236879,236833
FCFS,6301,4758,47,241637,241684,236879,236926,236879
FCFS,8588,4759,98,241684,241782,236925,237023,236925
FCFS,1859,4760,85,241782,241867,237022,237107,237022
FCFS,9804,4760,97,241867,241964,237107,237204,237107
FCFS,6902,4760,33,241964,241997,237204,237237,237204
FCFS,9738,4761,90,241997,242087,237236,237326,237236
FCFS,3025,4761,59,242087,242146,237326,237385,237326
FCFS,4485,4763,23,242146,242169,237383,237406,237383
FCFS,7565,4763,18,242169,242187,237406,237424,237406
FCFS,6262,4763,71,242187,242258,237424,237495,237424
FCFS,4548,4765,51,242258,242309,237493,237544,237493
FCFS,9758,4765,82,242309,242391,237544,237626,237544
FCFS,6998,4766,22,242391,242413,237625,237647,237625
FCFS,4994,4769,17,242413,242430,237644,237661,237644
FCFS,3619,4769,85,242430,242515,237661,237746,237661
FCFS,6879,4773,3,242515,242518,237742,237745,237742
FCFS,4329,4774,1,242518,242519,237744,237745,237744
FCFS,9290,4775,83,242519,242602,237744,237827,237744
FCFS,3521,4776,59,242602,242661,237826,237885,237826
FCFS,373,4777,54,242661,242715,237884,237938,237884
FCFS,6750,4777,54,242715,242769,237938,237992,237938
FCFS,773,4777,6,242769,242775,237992,237998,237992
FCFS,3071,4778,32,242775,242807,237997,238029,237997
FCFS,5167,4780,23,242807,242830,238027,238050,238027
FCFS,692,4780,22,242830,242852,238050,238072,238050
FCFS,3997,4780,44,242852,242896,238072,238116,238072
FCFS,1649,4780,43,242896,242939,238116,238159,238116
FCFS,354,4780,92,242939,243031,238159,238251,238159
FCFS,4794,4780,39,243031,243070,238251,238290,238251
FCFS,3362,4781,6,243070,243076,238289,238295,238289
FCFS,9431,4782,59,243076,243135,238294,238353,238294
FCFS,7587,4782,26,243135,243161,238353,238379,238353
FCFS,8611,4784,86,243161,243247,238377,238463,238377
FCFS,7929,4784,82,243247,243329,238463,238545,238463
FCFS,6405,4784,2,243329,243331,238545,238547,238545
FCFS,671,4784,31,243331,243362,238547,238578,238547
FCFS,9283,4784,6,243362,243368,238578,238584,238578
FCFS,1202,4788,8,243368,243376,238580,238588,238580
FCFS,1652,4790,70,243376,243446,238586,238656,238586
FCFS,2725,4790,98,243446,243544,238656,238754,238656
FCFS,7339,4792,9,243544,243553,238752,238761,238752
FCFS,8728,4793,54,243553,243607,238760,238814,238760
FCFS,8244,4795,36,243607,243643,238812,238848,238812
FCFS,2158,4795,42,243643,243685,238848,238890,238848
FCFS,1448,4795,85,243685,243770,238890,238975,238890
FCFS,3620,4796,55,243770,243825,238974,239029,238974
FCFS,2788,4796,28,243825,243853,239029,239057,239029
FCFS,5693,4797,39,243853,243892,239056,239095,239056
FCFS,8060,4798,7,243892,243899,239094,239101,239094
FCFS,2159,4798,84,243899,243983,239101,239185,239101
FCFS,1494,4799,65,243983,244048,239184,239249,239184
FCFS,8782,4803,30,244048,244078,239245,239275,239245
FCFS,4146,4804,72,244078,244150,239274,239346,239274
FCFS,655,4804,95,244150,244245,239346,239441,239346
FCFS,1361,4805,10,244245,244255,239440,239450,239440
FCFS,1842,4806,1,244255,244256,239449,239450,239449
FCFS,1278,4806,96,244256,244352,239450,239546,239450
FCFS,7653,4808,99,244352,244451,239544,239643,239544
FCFS,686,4809,23,244451,244474,239642,239665,239642
FCFS,8447,4810,3,244474,244477,239664,239667,239664
FCFS,1497,4811,11,244477,244488,239666,239677,239666
FCFS,8176,4811,8,244488,244496,239677,239685,239677
FCFS,5682,4813,47,244496,244543,239683,239730,239683
FCFS,8650,4814,35,244543,244578,239729,239764,239729
FCFS,1922,4815,10,244578,244588,239763,239773,239763
FCFS,4836,4815,38,244588,244626,239773,239811,239773
FCFS,5138,4815,41,244626,244667,239811,239852,239811
FCFS,9324,4817,43,244667,244710,239850,239893,239850
FCFS,5493,4818,94,244710,244804,239892,239986,239892
FCFS,928,4820,74,244804,244878,239984,240058,239984
FCFS,4390,4820,96,244878,244974,240058,240154,240058
FCFS,3676,4821,38,244974,245012,240153,240191,240153
FCFS,5959,4823,50,245012,245062,240189,240239,240189
FCFS,6059,4825,69,245062,245131,240237,240306,240237
FCFS,4695,4827,4,245131,245135,240304,240308,240304
FCFS,8741,4830,95,245135,245230,240305,240400,240305
FCFS,1158,4831,8,245230,245238,240399,240407,240399
FCFS,9581,4833,79,245238,245317,240405,240484,240405
FCFS,8073,4833,77,245317,245394,240484,240561,240484
FCFS,639,4835,4,245394,245398,240559,240563,240559
FCFS,2141,4837,87,245398,245485,240561,240648,240561
FCFS,5120,4837,28,245485,245513,240648,240676,240648
FCFS,8671,4838,7,245513,245520,240675,240682,240675
FCFS,2168,4839,31,245520,245551,240681,240712,240681
FCFS,7568,4841,4,245551,245555,240710,240714,240710
FCFS,1143,4841,33,245555,245588,240714,240747,240714
FCFS,3867,4841,17,245588,245605,240747,240764,240747
FCFS,6730,4845,84,245605,245689,240760,240844,240760
FCFS,8057,4846,15,245689,245704,240843,240858,240843
FCFS,5878,4846,44,245704,245748,240858,240902,240858
FCFS,550,4846,21,245748,245769,240902,240923,240902
FCFS,587,4849,84,245769,245853,240920,241004,240920
FCFS,9914,4853,88,245853,245941,241000,241088,241000
FCFS,1217,4853,5,245941,245946,241088,241093,241088
FCFS,732,4854,33,245946,245979,241092,241125,241092
FCFS,3691,4855,62,245979,246041,241124,241186,241124
FCFS,2979,4857,62,246041,246103,241184,241246,241184
FCFS,9887,4857,47,246103,246150,241246,241293,241246
FCFS,709,4858,26,246150,246176,241292,241318,241292
FCFS,80,4859,56,246176,246232,241317,241373,241317
FCFS,7681,4859,14,246232,246246,241373,241387,241373
FCFS,7434,4864,53,246246,246299,241382,241435,241382
FCFS,8139,4864,51,246299,246350,241435,241486,241435
FCFS,9014,4865,82,246350,246432,241485,241567,241485
FCFS,9816,4867,5,246432,246437,241565,241570,241565
FCFS,7328,4868,4,246437,246441,241569,241573,241569
FCFS,7141,4868,51,246441,246492,241573,241624,241573
FCFS,7191,4869,6,246492,246498,241623,241629,241623
FCFS,2540,4869,78,246498,246576,241629,241707,241629
FCFS,382,4869,53,246576,246629,241707,241760,241707
FCFS,1277,4873,44,246629,246673,241756,241800,241756
FCFS,1099,4873,3,246673,246676,241800,241803,241800
FCFS,4952,4873,87,246676,246763,241803,241890,241803
FCFS,2269,4875,81,246763,246844,241888,241969,241888
FCFS,2774,4875,23,246844,246867,241969,241992,241969
FCFS,4203,4875,10,246867,246877,241992,242002,241992
FCFS,5110,4875,64,246877,246941,242002,242066,242002
FCFS,4414,4876,58,246941,246999,242065,242123,242065
FCFS,1393,4876,62,246999,247061,242123,242185,242123
FCFS,7924,4879,10,247061,247071,242182,242192,242182
FCFS,1878,4882,79,247071,247150,242189,242268,242189
FCFS,4978,4883,37,247150,247187,242267,242304,242267
FCFS,4074,4886,75,247187,247262,242301,242376,242301
FCFS,7159,4886,59,247262,247321,242376,242435,242376
FCFS,4701,4887,47,247321,247368,242434,242481,242434
FCFS,79,4887,7,247368,247375,242481,242488,242481
FCFS,6248,4887,53,247375,247428,242488,242541,242488
FCFS,9480,4888,13,247428,247441,242540,242553,242540
FCFS,3219,4888,25,247441,247466,242553,242578,242553
FCFS,8819,4890,7,247466,247473,242576,242583,242576
FCFS,8557,4890,44,247473,247517,242583,242627,242583
FCFS,4506,4891,44,247517,247561,242626,242670,242626
FCFS,736,4892,83,247561,247644,242669,242752,242669
FCFS,291,4893,43,247644,247687,242751,242794,242751
FCFS,6554,4893,21,247687,247708,242794,242815,242794
FCFS,8807,4893,27,247708,247735,242815,242842,242815
FCFS,2022,4895,45,247735,247780,242840,242885,242840
FCFS,4687,4895,48,247780,247828,242885,242933,242885
FCFS,3105,4897,79,247828,247907,242931,243010,242931
FCFS,5767,4897,98,247907,248005,243010,243108,243010
FCFS,3790,4897,63,248005,248068,243108,243171,243108
FCFS,7217,4898,45,248068,248113,243170,243215,243170
FCFS,1640,4904,62,248113,248175,243209,243271,243209
FCFS,4750,4906,72,248175,248247,243269,243341,243269
FCFS,5442,4908,57,248247,248304,243339,243396,243339
FCFS,1803,4909,7,248304,248311,243395,243402,243395
FCFS,609,4910,49,248311,248360,243401,243450,243401
FCFS,272,4911,85,248360,248445,243449,243534,243449
FCFS,7624,4911,34,248445,248479,243534,243568,243534
FCFS,6606,4911,76,248479,248555,243568,243644,243568
FCFS,2805,4912,86,248555,248641,243643,243729,243643
FCFS,2973,4916,78,248641,248719,243725,243803,243725
FCFS,8019,4916,19,248719,248738,243803,243822,243803
FCFS,6994,4917,39,248738,248777,243821,243860,243821
FCFS,2073,4917,12,248777,248789,243860,243872,243860
FCFS,4474,4917,97,248789,248886,243872,243969,243872
FCFS,4313,4920,50,248886,248936,243966,244016,243966
FCFS,5960,4920,30,248936,248966,244016,244046,244016
FCFS,7332,4920,79,248966,249045,244046,244125,244046
FCFS,6195,4920,89,249045,249134,244125,244214,244125
FCFS,7135,4920,29,249134,249163,244214,244243,244214
FCFS,5635,4922,44,249163,249207,244241,244285,244241
FCFS,4819,4922,39,249207,249246,244285,244324,244285
FCFS,8395,4922,60,249246,249306,244324,244384,244324
FCFS,7431,4924,44,249306,249350,244382,244426,244382
FCFS,9660,4925,32,249350,249382,244425,244457,244425
FCFS,1095,4926,14,249382,249396,244456,244470,244456
FCFS,4860,4926,54,249396,249450,244470,244524,244470
FCFS,9987,4926,70,249450,249520,244524,244594,244524
FCFS,3944,4927,89,249520,249609,244593,244682,244593
FCFS,9060,4927,12,249609,249621,244682,244694,244682
FCFS,2912,4928,92,249621,249713,244693,244785,244693
FCFS,9185,4928,47,249713,249760,244785,244832,244785
FCFS,2986,4931,73,249760,249833,244829,244902,244829
FCFS,9934,4931,38,249833,249871,244902,244940,244902
FCFS,193,4931,6,249871,249877,244940,244946,244940
FCFS,9753,4931,85,249877,249962,244946,245031,244946
FCFS,5053,4932,79,249962,250041,245030,245109,245030
FCFS,4859,4933,41,250041,250082,245108,245149,245108
FCFS,4090,4933,98,250082,250180,245149,245247,245149
FCFS,6716,4934,2,250180,250182,245246,245248,245246
FCFS,3760,4937,57,250182,250239,245245,245302,245245
FCFS,6206,4938,27,250239,250266,245301,245328,245301
FCFS,5657,4938,35,250266,250301,245328,245363,245328
FCFS,7487,4938,38,250301,250339,245363,245401,245363
FCFS,8917,4939,40,250339,250379,245400,245440,245400
FCFS,4601,4939,56,250379,250435,245440,245496,245440
FCFS,7562,4939,17,250435,250452,245496,245513,245496
FCFS,2205,4940,85,250452,250537,245512,245597,245512
FCFS,2259,4941,47,250537,250584,245596,245643,245596
FCFS,5036,4942,10,250584,250594,245642,245652,245642
FCFS,9900,4942,4,250594,250598,245652,245656,245652
FCFS,8928,4943,38,250598,250636,245655,245693,245655
FCFS,2564,4943,4,250636,250640,245693,245697,245693
FCFS,5901,4943,27,250640,250667,245697,245724,245697
FCFS,1063,4944,66,250667,250733,245723,245789,245723
FCFS,8168,4944,15,250733,250748,245789,245804,245789
FCFS,8351,4945,1,250748,250749,245803,245804,245803
FCFS,8512,4945,80,250749,250829,245804,245884,245804
FCFS,3175,4945,77,250829,250906,245884,245961,245884
FCFS,3612,4946,68,250906,250974,245960,246028,245960
FCFS,525,4946,79,250974,251053,246028,246107,246028
FCFS,8458,4947,12,251053,251065,246106,246118,246106
FCFS,3947,4951,78,251065,251143,246114,246192,246114
FCFS,6381,4951,65,251143,251208,246192,246257,246192
FCFS,8627,4953,82,251208,251290,246255,246337,246255
FCFS,3468,4956,86,251290,251376,246334,246420,246334
FCFS,6242,4957,55,251376,251431,246419,246474,246419
FCFS,6843,4958,3,251431,251434,246473,246476,246473
FCFS,3389,4958,78,251434,251512,246476,246554,246476
FCFS,3517,4958,36,251512,251548,246554,246590,246554
FCFS,5784,4961,65,251548,251613,246587,246652,246587
FCFS,9568,4962,95,251613,251708,246651,246746,246651
FCFS,638,4964,94,251708,251802,246744,246838,246744
FCFS,2356,4966,13,251802,251815,246836,246849,246836
FCFS,9992,4967,98,251815,251913,246848,246946,246848
FCFS,3435,4967,86,251913,251999,246946,247032,246946
FCFS,8087,4968,23,251999,252022,247031,247054,247031
FCFS,3239,4968,22,252022,252044,247054,247076,247054
FCFS,509,4968,36,252044,252080,247076,247112,247076
FCFS,3845,4970,82,252080,252162,247110,247192,247110
FCFS,1051,4971,38,252162,252200,247191,247229,247191
FCFS,263,4973,14,252200,252214,247227,247241,247227
FCFS,9659,4975,84,252214,252298,247239,247323,247239
FCFS,7360,4975,78,252298,252376,247323,247401,247323
FCFS,7818,4976,63,252376,252439,247400,247463,247400
FCFS,2531,4976,63,252439,252502,247463,247526,247463
FCFS,697,4976,47,252502,252549,247526,247573,247526
FCFS,2791,4976,46,252549,252595,247573,247619,247573
FCFS,9481,4979,12,252595,252607,247616,247628,247616
FCFS,3287,4979,78,252607,252685,247628,247706,247628
FCFS,528,4980,80,252685,252765,247705,247785,247705
FCFS,3639,4986,28,252765,252793,247779,247807,247779
FCFS,2795,4987,43,252793,252836,247806,247849,247806
FCFS,7131,4987,17,252836,252853,247849,247866,247849
FCFS,8075,4987,48,252853,252901,247866,247914,247866
FCFS,4117,4988,51,252901,252952,247913,247964,247913
FCFS,4507,4992,83,252952,253035,247960,248043,247960
FCFS,8212,4992,70,253035,253105,248043,248113,248043
FCFS,6482,4992,97,253105,253202,248113,248210,248113
FCFS,5624,4994,48,253202,253250,248208,248256,248208
FCFS,3979,4994,51,253250,253301,248256,248307,248256
FCFS,6078,4994,9,253301,253310,248307,248316,248307
FCFS,9433,4995,54,253310,253364,248315,248369,248315
FCFS,4166,4996,5,253364,253369,248368,248373,248368
FCFS,8899,4997,11,253369,253380,248372,248383,248372
FCFS,3624,4997,55,253380,253435,248383,248438,248383
FCFS,2440,4998,87,253435,253522,248437,248524,248437
FCFS,2555,5000,96,253522,253618,248522,248618,248522
FCFS,2815,5002,39,253618,253657,248616,248655,248616
FCFS,7726,5002,19,253657,253676,248655,248674,248655
FCFS,4919,5002,18,253676,253694,248674,248692,248674
FCFS,6620,5003,5,253694,253699,248691,248696,248691
FCFS,2992,5004,63,253699,253762,248695,248758,248695
FCFS,1126,5005,6,253762,253768,248757,248763,248757
FCFS,8844,5006,91,253768,253859,248762,248853,248762
FCFS,8127,5006,95,253859,253954,248853,248948,248853
FCFS,9640,5008,49,253954,254003,248946,248995,248946
FCFS,7838,5008,34,254003,254037,248995,249029,248995
FCFS,6986,5009,12,254037,254049,249028,249040,249028
FCFS,1934,5010,49,254049,254098,249039,249088,249039
FCFS,6489,5011,7,254098,254105,249087,249094,249087
FCFS,9207,5013,8,254105,254113,249092,249100,249092
FCFS,5430,5014,26,254113,254139,249099,249125,249099
FCFS,5440,5014,91,254139,254230,249125,249216,249125
FCFS,1404,5016,80,254230,254310,249214,249294,249214
FCFS,1954,5016,30,254310,254340,249294,249324,249294
FCFS,7038,5016,15,254340,254355,249324,249339,249324
FCFS,2415,5017,11,254355,254366,249338,249349,249338
FCFS,4227,5021,66,254366,254432,249345,249411,249345
FCFS,7466,5021,22,254432,254454,249411,249433,249411
FCFS,9161,5024,65,254454,254519,249430,249495,249430
FCFS,9890,5024,48,254519,254567,249495,249543,249495
FCFS,7639,5024,3,254567,254570,249543,249546,249543
FCFS,6586,5027,14,254570,254584,249543,249557,249543
FCFS,603,5029,23,254584,254607,249555,249578,249555
FCFS,1030,5031,24,254607,254631,249576,249600,249576
FCFS,5541,5033,85,254631,254716,249598,249683,249598
FCFS,2359,5036,14,254716,254730,249680,249694,249680
FCFS,3106,5037,1,254730,254731,249693,249694,249693
FCFS,5209,5037,31,254731,254762,249694,249725,249694
FCFS,3789,5039,47,254762,254809,249723,249770,249723
FCFS,9325,5041,57,254809,254866,249768,249825,249768
FCFS,3792,5041,91,254866,254957,249825,249916,249825
FCFS,1500,5043,90,254957,255047,249914,250004,249914
FCFS,4560,5043,79,255047,255126,250004,250083,250004
FCFS,1902,5047,95,255126,255221,250079,250174,250079
FCFS,4238,5047,74,255221,255295,250174,250248,250174
FCFS,4454,5048,14,255295,255309,250247,250261,250247
FCFS,16,5051,68,255309,255377,250258,250326,250258
FCFS,1977,5051,48,255377,255425,250326,250374,250326
FCFS,5519,5051,26,255425,255451,250374,250400,250374
FCFS,9339,5052,16,255451,255467,250399,250415,250399
FCFS,459,5052,35,255467,255502,250415,250450,250415
FCFS,6575,5053,49,255502,255551,250449,250498,250449
FCFS,4752,5054,58,255551,255609,250497,250555,250497
FCFS,2851,5054,44,255609,255653,250555,250599,250555
FCFS,2518,5055,84,255653,255737,250598,250682,250598
FCFS,111,5056,21,255737,255758,250681,250702,250681
FCFS,7294,5057,18,255758,255776,250701,250719,250701
FCFS,3977,5057,89,255776,255865,250719,250808,250719
FCFS,7284,5057,3,255865,255868,250808,250811,250808
FCFS,3863,5059,26,255868,255894,250809,250835,250809
FCFS,5012,5060,95,255894,255989,250834,250929,250834
FCFS,8093,5061,49,255989,256038,250928,250977,250928
FCFS,7976,5062,86,256038,256124,250976,251062,250976
FCFS,627,5063,52,256124,256176,251061,251113,251061
FCFS,2648,5063,66,256176,256242,251113,251179,251113
FCFS,9907,5064,10,256242,256252,251178,251188,251178
FCFS,6697,5065,61,256252,256313,251187,251248,251187
FCFS,9731,5065,51,256313,256364,251248,251299,251248
FCFS,4321,5067,96,256364,256460,251297,251393,251297
FCFS,2405,5068,17,256460,256477,251392,251409,251392
FCFS,5694,5068,94,256477,256571,251409,251503,251409
FCFS,1423,5068,48,256571,256619,251503,251551,251503
FCFS,7545,5072,20,256619,256639,251547,251567,251547
FCFS,7091,5073,75,256639,256714,251566,251641,251566
FCFS,6947,5073,96,256714,256810,251641,251737,251641
FCFS,499,5073,24,256810,256834,251737,251761,251737
FCFS,5581,5074,18,256834,256852,251760,251778,251760
FCFS,4353,5074,81,256852,256933,251778,251859,251778
FCFS,2702,5075,80,256933,257013,251858,251938,251858
FCFS,5812,5077,51,257013,257064,251936,251987,251936
FCFS,6926,5077,40,257064,257104,251987,252027,251987
FCFS,2108,5078,77,257104,257181,252026,252103,252026
FCFS,9124,5080,25,257181,257206,252101,252126,252101
FCFS,1091,5083,26,257206,257232,252123,252149,252123
FCFS,9456,5084,25,257232,257257,252148,252173,252148
FCFS,1478,5084,27,257257,257284,252173,252200,252173
FCFS,3381,5085,72,257284,257356,252199,252271,252199
FCFS,1294,5085,17,257356,257373,252271,252288,252271
FCFS,7471,5085,45,257373,257418,252288,252333,252288
FCFS,7447,5086,42,257418,257460,252332,252374,252332
FCFS,8784,5086,9,257460,257469,252374,252383,252374
FCFS,3179,5086,38,257469,257507,252383,252421,252383
FCFS,8304,5087,27,257507,257534,252420,252447,252420
FCFS,313,5088,4,257534,257538,252446,252450,252446
FCFS,5362,5089,40,257538,257578,252449,252489,252449
FCFS,6066,5091,43,257578,257621,252487,252530,252487
FCFS,6264,5092,6,257621,257627,252529,252535,252529
FCFS,2789,5093,66,257627,257693,252534,252600,252534
FCFS,2376,5093,13,257693,257706,252600,252613,252600
FCFS,7363,5095,9,257706,257715,252611,252620,252611
FCFS,3932,5097,62,257715,257777,252618,252680,252618
FCFS,9975,5097,97,257777,257874,252680,252777,252680
FCFS,1967,5101,43,257874,257917,252773,252816,252773
FCFS,3349,5102,79,257917,257996,252815,252894,252815
FCFS,3854,5103,34,257996,258030,252893,252927,252893
FCFS,500,5104,15,258030,258045,252926,252941,252926
FCFS,1810,5105,43,258045,258088,252940,252983,252940
FCFS,2424,5105,88,258088,258176,252983,253071,252983
FCFS,8712,5105,3,258176,258179,253071,253074,253071
FCFS,8501,5108,11,258179,258190,253071,253082,253071
FCFS,2587,5108,65,258190,258255,253082,253147,253082
FCFS,1567,5109,28,258255,258283,253146,253174,253146
FCFS,1012,5109,45,258283,258328,253174,253219,253174
FCFS,5602,5109,15,258328,258343,253219,253234,253219
FCFS,2572,5110,29,258343,258372,253233,253262,253233
FCFS,2339,5110,83,258372,258455,253262,253345,253262
FCFS,6472,5111,72,258455,258527,253344,253416,253344
FCFS,9938,5113,63,258527,258590,253414,253477,253414
FCFS,7757,5114,51,258590,258641,253476,253527,253476
FCFS,730,5115,22,258641,258663,253526,253548,253526
FCFS,132,5116,69,258663,258732,253547,253616,253547
FCFS,3783,5119,54,258732,258786,253613,253667,253613
FCFS,8910,5121,29,258786,258815,253665,253694,253665
FCFS,8496,5122,16,258815,258831,253693,253709,253693
FCFS,803,5122,28,258831,258859,253709,253737,253709
FCFS,662,5124,69,258859,258928,253735,253804,253735
FCFS,771,5124,35,258928,258963,253804,253839,253804
FCFS,3951,5126,4,258963,258967,253837,253841,253837
FCFS,1502,5126,20,258967,258987,253841,253861,253841
FCFS,802,5126,19,258987,259006,253861,253880,253861
FCFS,6160,5127,82,259006,259088,253879,253961,253879
FCFS,7689,5127,73,259088,259161,253961,254034,253961
FCFS,8604,5130,70,259161,259231,254031,254101,254031
FCFS,7025,5131,81,259231,259312,254100,254181,254100
FCFS,3659,5131,30,259312,259342,254181,254211,254181
FCFS,2325,5132,74,259342,259416,254210,254284,254210
FCFS,122,5134,18,259416,259434,254282,254300,254282
FCFS,1255,5136,65,259434,259499,254298,254363,254298
FCFS,1234,5136,42,259499,259541,254363,254405,254363
FCFS,9491,5137,68,259541,259609,254404,254472,254404
FCFS,9253,5138,23,259609,259632,254471,254494,254471
FCFS,3551,5141,9,259632,259641,254491,254500,254491
FCFS,8086,5141,17,259641,259658,254500,254517,254500
FCFS,9454,5141,99,259658,259757,254517,254616,254517
FCFS,7642,5141,54,259757,259811,254616,254670,254616
FCFS,942,5142,26,259811,259837,254669,254695,254669
FCFS,9647,5145,88,259837,259925,254692,254780,254692
FCFS,6961,5147,42,259925,259967,254778,254820,254778
FCFS,8681,5150,82,259967,260049,254817,254899,254817
FCFS,1453,5150,22,260049,260071,254899,254921,254899
FCFS,9277,5152,38,260071,260109,254919,254957,254919
FCFS,7887,5153,46,260109,260155,254956,255002,254956
FCFS,7216,5153,27,260155,260182,255002,255029,255002
FCFS,9856,5154,37,260182,260219,255028,255065,255028
FCFS,2731,5154,33,260219,260252,255065,255098,255065
FCFS,3420,5158,15,260252,260267,255094,255109,255094
FCFS,6283,5159,81,260267,260348,255108,255189,255108
FCFS,2898,5160,61,260348,260409,255188,255249,255188
FCFS,539,5161,85,260409,260494,255248,255333,255248
FCFS,5095,5162,3,260494,260497,255332,255335,255332
FCFS,4201,5162,76,260497,260573,255335,255411,255335
FCFS,3898,5164,25,260573,260598,255409,255434,255409
FCFS,3782,5166,78,260598,260676,255432,255510,255432
FCFS,8453,5166,56,260676,260732,255510,255566,255510
FCFS,8894,5167,98,260732,260830,255565,255663,255565
FCFS,4024,5167,81,260830,260911,255663,255744,255663
FCFS,6656,5171,92,260911,261003,255740,255832,255740
FCFS,188,5172,88,261003,261091,255831,255919,255831
FCFS,8321,5173,19,261091,261110,255918,255937,255918
FCFS,2106,5175,90,261110,261200,255935,256025,255935
FCFS,6550,5176,62,261200,261262,256024,256086,256024
FCFS,398,5177,80,261262,261342,256085,256165,256085
FCFS,5639,5178,90,261342,261432,256164,256254,256164
FCFS,1758,5178,33,261432,261465,256254,256287,256254
FCFS,3729,5178,21,261465,261486,256287,256308,256287
FCFS,1541,5179,42,261486,261528,256307,256349,256307
FCFS,2097,5179,98,261528,261626,256349,256447,256349
FCFS,1069,5182,32,261626,261658,256444,256476,256444
FCFS,3263,5184,5,261658,261663,256474,256479,256474
FCFS,4685,5184,8,261663,261671,256479,256487,256479
FCFS,3123,5185,71,261671,261742,256486,256557,256486
FCFS,6718,5185,20,261742,261762,256557,256577,256557
FCFS,5215,5185,43,261762,261805,256577,256620,256577
FCFS,5793,5187,55,261805,261860,256618,256673,256618
FCFS,7292,5188,91,261860,261951,256672,256763,256672
FCFS,429,5188,84,261951,262035,256763,256847,256763
FCFS,1971,5189,54,262035,262089,256846,256900,256846
FCFS,2340,5189,83,262089,262172,256900,256983,256900
FCFS,9492,5189,39,262172,262211,256983,257022,256983
FCFS,8251,5190,48,262211,262259,257021,257069,257021
FCFS,6096,5190,83,262259,262342,257069,257152,257069
FCFS,4,5191,81,262342,262423,257151,257232,257151
FCFS,7162,5191,22,262423,262445,257232,257254,257232
FCFS,8757,5192,9,262445,262454,257253,257262,257253
FCFS,6881,5192,69,262454,262523,257262,257331,257262
FCFS,7000,5192,70,262523,262593,257331,257401,257331
FCFS,7632,5193,19,262593,262612,257400,257419,257400
FCFS,4984,5197,14,262612,262626,257415,257429,257415
FCFS,6147,5200,74,262626,262700,257426,257500,257426
FCFS,4335,5201,66,262700,262766,257499,257565,257499
FCFS,8738,5202,85,262766,262851,257564,257649,257564
FCFS,1904,5203,57,262851,262908,257648,257705,257648
FCFS,6140,5204,47,262908,262955,257704,257751,257704
FCFS,9534,5205,43,262955,262998,257750,257793,257750
FCFS,9179,5206,18,262998,263016,257792,257810,257792
FCFS,1119,5207,33,263016,263049,257809,257842,257809
FCFS,4318,5208,92,263049,263141,257841,257933,257841
FCFS,1816,5208,96,263141,263237,257933,258029,257933
FCFS,5225,5209,8,263237,263245,258028,258036,258028
FCFS,6729,5210,56,263245,263301,258035,258091,258035
FCFS,7753,5212,68,263301,263369,258089,258157,258089
FCFS,4212,5213,4,263369,263373,258156,258160,258156
FCFS,5543,5214,21,263373,263394,258159,258180,258159
FCFS,7011,5218,4,263394,263398,258176,258180,258176
FCFS,9517,5220,65,263398,263463,258178,258243,258178
FCFS,8548,5221,8,263463,263471,258242,258250,258242
FCFS,380,5222,7,263471,263478,258249,258256,258249
FCFS,2560,5223,76,263478,263554,258255,258331,258255
FCFS,3333,5223,72,263554,263626,258331,258403,258331
FCFS,5042,5229,41,263626,263667,258397,258438,258397
FCFS,9641,5229,19,263667,263686,258438,258457,258438
FCFS,6967,5231,61,263686,263747,258455,258516,258455
FCFS,5075,5231,89,263747,263836,258516,258605,258516
FCFS,4169,5232,64,263836,263900,258604,258668,258604
FCFS,1092,5232,46,263900,263946,258668,258714,258668
FCFS,171,5232,78,263946,264024,258714,258792,258714
FCFS,6416,5233,30,264024,264054,258791,258821,258791
FCFS,1424,5233,12,264054,264066,258821,258833,258821
FCFS,8357,5234,17,264066,264083,258832,258849,258832
FCFS,6712,5235,50,264083,264133,258848,258898,258848
FCFS,2390,5237,7,264133,264140,258896,258903,258896
FCFS,412,5237,77,264140,264217,258903,258980,258903
FCFS,1795,5238,66,264217,264283,258979,259045,258979
FCFS,785,5240,23,264283,264306,259043,259066,259043
FCFS,9097,5241,28,264306,264334,259065,259093,259065
FCFS,3373,5241,57,264334,264391,259093,259150,259093
FCFS,3120,5242,53,264391,264444,259149,259202,259149
FCFS,1872,5243,39,264444,264483,259201,259240,259201
FCFS,3329,5243,56,264483,264539,259240,259296,259240
FCFS,4713,5244,1,264539,264540,259295,259296,259295
FCFS,8001,5246,42,264540,264582,259294,259336,259294
FCFS,7663,5246,68,264582,264650,259336,259404,259336
FCFS,4995,5247,10,264650,264660,259403,259413,259403
FCFS,8373,5247,85,264660,264745,259413,259498,259413
FCFS,2585,5248,22,264745,264767,259497,259519,259497
FCFS,7240,5249,44,264767,264811,259518,259562,259518
FCFS,187,5249,45,264811,264856,259562,259607,259562
FCFS,1989,5249,44,264856,264900,259607,259651,259607
FCFS,2346,5251,21,264900,264921,259649,259670,259649
FCFS,1861,5252,24,264921,264945,259669,259693,259669
FCFS,6086,5253,40,264945,264985,259692,259732,259692
FCFS,5448,5254,81,264985,265066,259731,259812,259731
FCFS,9868,5255,85,265066,265151,259811,259896,259811
FCFS,8430,5255,75,265151,265226,259896,259971,259896
FCFS,4025,5255,65,265226,265291,259971,260036,259971
FCFS,913,5256,52,265291,265343,260035,260087,260035
FCFS,8123,5257,41,265343,265384,260086,260127,260086
FCFS,94,5258,58,265384,265442,260126,260184,260126
FCFS,3396,5258,40,265442,265482,260184,260224,260184
FCFS,3589,5260,69,265482,265551,260222,260291,260222
FCFS,8108,5260,66,265551,265617,260291,260357,260291
FCFS,9710,5261,87,265617,265704,260356,260443,260356
FCFS,6285,5262,9,265704,265713,260442,260451,260442
FCFS,8039,5263,67,265713,265780,260450,260517,260450
FCFS,9552,5263,90,265780,265870,260517,260607,260517
FCFS,7824,5264,30,265870,265900,260606,260636,260606
FCFS,5385,5266,75,265900,265975,260634,260709,260634
FCFS,9410,5266,59,265975,266034,260709,260768,260709
FCFS,5874,5269,40,266034,266074,260765,260805,260765
FCFS,8354,5273,67,266074,266141,260801,260868,260801
FCFS,5201,5275,67,266141,266208,260866,260933,260866
FCFS,7541,5275,37,266208,266245,260933,260970,260933
FCFS,85,5276,17,266245,266262,260969,260986,260969
FCFS,3192,5276,50,266262,266312,260986,261036,260986
FCFS,8948,5279,14,266312,266326,261033,261047,261033
FCFS,2023,5280,4,266326,266330,261046,261050,261046
FCFS,6585,5281,69,266330,266399,261049,261118,261049
FCFS,3805,5283,68,266399,266467,261116,261184,261116
FCFS,9487,5283,43,266467,266510,261184,261227,261184
FCFS,8345,5285,30,266510,266540,261225,261255,261225
FCFS,6746,5285,76,266540,266616,261255,261331,261255
FCFS,3759,5285,58,266616,266674,261331,261389,261331
FCFS,3628,5287,63,266674,266737,261387,261450,261387
FCFS,898,5287,28,266737,266765,261450,261478,261450
FCFS,6400,5287,24,266765,266789,261478,261502,261478
FCFS,6276,5288,90,266789,266879,261501,261591,261501
FCFS,6383,5289,18,266879,266897,261590,261608,261590
FCFS,1990,5291,32,266897,266929,261606,261638,261606
FCFS,1908,5291,54,266929,266983,261638,261692,261638
FCFS,9664,5292,20,266983,267003,261691,261711,261691
FCFS,557,5293,51,267003,267054,261710,261761,261710
FCFS,1416,5295,37,267054,267091,261759,261796,261759
FCFS,8543,5295,44,267091,267135,261796,261840,261796
FCFS,5405,5296,89,267135,267224,261839,261928,261839
FCFS,8366,5298,60,267224,267284,261926,261986,261926
FCFS,2037,5299,51,267284,267335,261985,262036,261985
FCFS,1054,5299,64,267335,267399,262036,262100,262036
FCFS,4931,5300,51,267399,267450,262099,262150,262099
FCFS,581,5301,47,267450,267497,262149,262196,262149
FCFS,9460,5302,76,267497,267573,262195,262271,262195
FCFS,8634,5302,54,267573,267627,262271,262325,262271
FCFS,6509,5303,41,267627,267668,262324,262365,262324
FCFS,4502,5305,91,267668,267759,262363,262454,262363
FCFS,540,5305,51,267759,267810,262454,262505,262454
FCFS,3830,5307,27,267810,267837,262503,262530,262503
FCFS,6270,5307,72,267837,267909,262530,262602,262530
FCFS,4899,5308,59,267909,267968,262601,262660,262601
FCFS,5626,5308,30,267968,267998,262660,262690,262660
FCFS,8793,5308,99,267998,268097,262690,262789,262690
FCFS,3568,5310,78,268097,268175,262787,262865,262787
FCFS,8581,5310,79,268175,268254,262865,262944,262865
FCFS,15,5311,65,268254,268319,262943,263008,262943
FCFS,6088,5311,81,268319,268400,263008,263089,263008
FCFS,4699,5313,92,268400,268492,263087,263179,263087
FCFS,4532,5314,98,268492,268590,263178,263276,263178
FCFS,381,5315,37,268590,268627,263275,263312,263275
FCFS,6624,5315,64,268627,268691,263312,263376,263312
FCFS,7715,5316,90,268691,268781,263375,263465,263375
FCFS,4719,5316,70,268781,268851,263465,263535,263465
FCFS,7112,5317,49,268851,268900,263534,263583,263534
FCFS,8811,5318,88,268900,268988,263582,263670,263582
FCFS,7925,5319,12,268988,269000,263669,263681,263669
FCFS,1270,5319,74,269000,269074,263681,263755,263681
FCFS,9822,5319,16,269074,269090,263755,263771,263755
FCFS,644,5320,43,269090,269133,263770,263813,263770
FCFS,6796,5322,30,269133,269163,263811,263841,263811
FCFS,8121,5322,50,269163,269213,263841,263891,263841
FCFS,8940,5323,96,269213,269309,263890,263986,263890
FCFS,7712,5324,23,269309,269332,263985,264008,263985
FCFS,5865,5325,74,269332,269406,264007,264081,264007
FCFS,5111,5326,20,269406,269426,264080,264100,264080
FCFS,9974,5327,99,269426,269525,264099,264198,264099
FCFS,8577,5328,88,269525,269613,264197,264285,264197
FCFS,8753,5329,25,269613,269638,264284,264309,264284
FCFS,2218,5330,40,269638,269678,264308,264348,264308
FCFS,4033,5330,37,269678,269715,264348,264385,264348
FCFS,7508,5330,36,269715,269751,264385,264421,264385
FCFS,545,5334,42,269751,269793,264417,264459,264417
FCFS,6925,5335,29,269793,269822,264458,264487,264458
FCFS,6853,5336,38,269822,269860,264486,264524,264486
FCFS,5896,5338,66,269860,269926,264522,264588,264522
FCFS,2267,5341,48,269926,269974,264585,264633,264585
FCFS,862,5342,99,269974,270073,264632,264731,264632
FCFS,1772,5342,68,270073,270141,264731,264799,264731
FCFS,2316,5343,90,270141,270231,264798,264888,264798
FCFS,1464,5343,80,270231,270311,264888,264968,264888
FCFS,8739,5344,59,270311,270370,264967,265026,264967
FCFS,3326,5345,48,270370,270418,265025,265073,265025
FCFS,1499,5346,59,270418,270477,265072,265131,265072
FCFS,3030,5347,27,270477,270504,265130,265157,265130
FCFS,2454,5347,64,270504,270568,265157,265221,265157
FCFS,611,5348,15,270568,270583,265220,265235,265220
FCFS,1472,5352,50,270583,270633,265231,265281,265231
FCFS,9826,5353,21,270633,270654,265280,265301,265280
FCFS,9820,5355,30,270654,270684,265299,265329,265299
FCFS,3238,5355,30,270684,270714,265329,265359,265329
FCFS,7532,5356,13,270714,270727,265358,265371,265358
FCFS,6295,5356,51,270727,270778,265371,265422,265371
FCFS,6677,5360,93,270778,270871,265418,265511,265418
FCFS,6999,5362,84,270871,270955,265509,265593,265509
FCFS,6093,5365,2,270955,270957,265590,265592,265590
FCFS,4499,5366,53,270957,271010,265591,265644,265591
FCFS,3412,5366,78,271010,271088,265644,265722,265644
FCFS,6187,5367,12,271088,271100,265721,265733,265721
FCFS,4668,5368,88,271100,271188,265732,265820,265732
FCFS,9603,5369,43,271188,271231,265819,265862,265819
FCFS,1768,5370,12,271231,271243,265861,265873,265861
FCFS,1414,5370,91,271243,271334,265873,265964,265873
FCFS,8765,5372,72,271334,271406,265962,266034,265962
FCFS,971,5373,52,271406,271458,266033,266085,266033
FCFS,8513,5374,19,271458,271477,266084,266103,266084
FCFS,2724,5374,28,271477,271505,266103,266131,266103
FCFS,4386,5374,8,271505,271513,266131,266139,266131
FCFS,6255,5378,29,271513,271542,266135,266164,266135
FCFS,9634,5383,51,271542,271593,266159,266210,266159
FCFS,1625,5383,69,271593,271662,266210,266279,266210
FCFS,1272,5387,31,271662,271693,266275,266306,266275
FCFS,8498,5387,90,271693,271783,266306,266396,266306
FCFS,462,5387,16,271783,271799,266396,266412,266396
FCFS,3949,5388,78,271799,271877,266411,266489,266411
FCFS,8151,5389,69,271877,271946,266488,266557,266488
FCFS,8519,5390,48,271946,271994,266556,266604,266556
FCFS,1536,5390,20,271994,272014,266604,266624,266604
FCFS,3,5390,41,272014,272055,266624,266665,266624
FCFS,8777,5392,10,272055,272065,266663,266673,266663
FCFS,1302,5392,76,272065,272141,266673,266749,266673
FCFS,41,5393,17,272141,272158,266748,266765,266748
FCFS,8420,5393,67,272158,272225,266765,266832,266765
FCFS,2700,5394,23,272225,272248,266831,266854,266831
FCFS,4156,5395,7,272248,272255,266853,266860,266853
FCFS,9267,5397,78,272255,272333,266858,266936,266858
FCFS,6556,5398,39,272333,272372,266935,266974,266935
FCFS,5883,5398,43,272372,272415,266974,267017,266974
FCFS,7165,5401,93,272415,272508,267014,267107,267014
FCFS,843,5401,81,272508,272589,267107,267188,267107
FCFS,7427,5402,57,272589,272646,267187,267244,267187
FCFS,5199,5402,38,272646,272684,267244,267282,267244
FCFS,9666,5403,35,272684,272719,267281,267316,267281
FCFS,8419,5404,44,272719,272763,267315,267359,267315
FCFS,8112,5406,71,272763,272834,267357,267428,267357
FCFS,6742,5408,14,272834,272848,267426,267440,267426
FCFS,962,5408,16,272848,272864,267440,267456,267440
FCFS,1220,5408,28,272864,272892,267456,267484,267456
FCFS,7959,5409,86,272892,272978,267483,267569,267483
FCFS,3132,5409,39,272978,273017,267569,267608,267569
FCFS,3117,5409,94,273017,273111,267608,267702,267608
FCFS,2783,5410,74,273111,273185,267701,267775,267701
FCFS,8105,5411,42,273185,273227,267774,267816,267774
FCFS,6174,5413,8,273227,273235,267814,267822,267814
FCFS,2513,5413,72,273235,273307,267822,267894,267822
FCFS,918,5415,47,273307,273354,267892,267939,267892
FCFS,1207,5415,57,273354,273411,267939,267996,267939
FCFS,4274,5415,2,273411,273413,267996,267998,267996
FCFS,2551,5416,36,273413,273449,267997,268033,267997
FCFS,5658,5417,70,273449,273519,268032,268102,268032
FCFS,7082,5419,3,273519,273522,268100,268103,268100
FCFS,1581,5420,65,273522,273587,268102,268167,268102
FCFS,240,5423,3,273587,273590,268164,268167,268164
FCFS,3227,5423,41,273590,273631,268167,268208,268167
FCFS,7372,5424,86,273631,273717,268207,268293,268207
FCFS,7583,5424,38,273717,273755,268293,268331,268293
FCFS,6021,5427,96,273755,273851,268328,268424,268328
FCFS,5387,5428,1,273851,273852,268423,268424,268423
FCFS,1370,5429,48,273852,273900,268423,268471,268423
FCFS,9732,5430,13,273900,273913,268470,268483,268470
FCFS,2474,5432,9,273913,273922,268481,268490,268481
FCFS,7563,5432,99,273922,274021,268490,268589,268490
FCFS,2626,5433,37,274021,274058,268588,268625,268588
FCFS,2375,5433,67,274058,274125,268625,268692,268625
FCFS,2047,5435,73,274125,274198,268690,268763,268690
FCFS,8096,5435,18,274198,274216,268763,268781,268763
FCFS,8605,5439,23,274216,274239,268777,268800,268777
FCFS,2223,5439,30,274239,274269,268800,268830,268800
FCFS,3059,5442,7,274269,274276,268827,268834,268827
FCFS,327,5442,95,274276,274371,268834,268929,268834
FCFS,7326,5442,34,274371,274405,268929,268963,268929
FCFS,2839,5443,39,274405,274444,268962,269001,268962
FCFS,1471,5445,60,274444,274504,268999,269059,268999
FCFS,3525,5445,56,274504,274560,269059,269115,269059
FCFS,1865,5445,66,274560,274626,269115,269181,269115
FCFS,4405,5447,79,274626,274705,269179,269258,269179
FCFS,8837,5448,97,274705,274802,269257,269354,269257
FCFS,2109,5448,76,274802,274878,269354,269430,269354
FCFS,741,5449,90,274878,274968,269429,269519,269429
FCFS,4801,5450,8,274968,274976,269518,269526,269518
FCFS,1832,5450,91,274976,275067,269526,269617,269526
FCFS,150,5450,17,275067,275084,269617,269634,269617
FCFS,3395,5451,26,275084,275110,269633,269659,269633
FCFS,5317,5452,22,275110,275132,269658,269680,269658
FCFS,4628,5454,34,275132,275166,269678,269712,269678
FCFS,5684,5454,71,275166,275237,269712,269783,269712
FCFS,4068,5455,63,275237,275300,269782,269845,269782
FCFS,4291,5457,40,275300,275340,269843,269883,269843
FCFS,4306,5462,75,275340,275415,269878,269953,269878
FCFS,8045,5463,80,275415,275495,269952,270032,269952
FCFS,7547,5463,11,275495,275506,270032,270043,270032
FCFS,2804,5463,34,275506,275540,270043,270077,270043
FCFS,1571,5463,3,275540,275543,270077,270080,270077
FCFS,90,5463,12,275543,275555,270080,270092,270080
FCFS,9563,5467,17,275555,275572,270088,270105,270088
FCFS,921,5468,44,275572,275616,270104,270148,270104
FCFS,1316,5468,57,275616,275673,270148,270205,270148
FCFS,2379,5469,78,275673,275751,270204,270282,270204
FCFS,6614,5470,97,275751,275848,270281,270378,270281
FCFS,5962,5471,25,275848,275873,270377,270402,270377
FCFS,1970,5472,75,275873,275948,270401,270476,270401
FCFS,1176,5475,44,275948,275992,270473,270517,270473
FCFS,2874,5476,8,275992,276000,270516,270524,270516
FCFS,5234,5476,88,276000,276088,270524,270612,270524
FCFS,5695,5480,26,276088,276114,270608,270634,270608
FCFS,6279,5481,97,276114,276211,270633,270730,270633
FCFS,7816,5481,55,276211,276266,270730,270785,270730
FCFS,2801,5482,20,276266,276286,270784,270804,270784
FCFS,9446,5484,58,276286,276344,270802,270860,270802
FCFS,3786,5485,48,276344,276392,270859,270907,270859
FCFS,49,5486,37,276392,276429,270906,270943,270906
FCFS,526,5486,95,276429,276524,270943,271038,270943
FCFS,8484,5487,54,276524,276578,271037,271091,271037
FCFS,3819,5488,12,276578,276590,271090,271102,271090
FCFS,1089,5490,94,276590,276684,271100,271194,271100
FCFS,6512,5490,11,276684,276695,271194,271205,271194
FCFS,1203,5490,97,276695,276792,271205,271302,271205
FCFS,6981,5491,33,276792,276825,271301,271334,271301
FCFS,6530,5492,75,276825,276900,271333,271408,271333
FCFS,8678,5494,88,276900,276988,271406,271494,271406
FCFS,7765,5494,13,276988,277001,271494,271507,271494
FCFS,1909,5495,4,277001,277005,271506,271510,271506
FCFS,6651,5495,81,277005,277086,271510,271591,271510
FCFS,9983,5497,31,277086,277117,271589,271620,271589
FCFS,6479,5497,53,277117,277170,271620,271673,271620
FCFS,2974,5498,6,277170,277176,271672,271678,271672
FCFS,6073,5499,82,277176,277258,271677,271759,271677
FCFS,8829,5499,71,277258,277329,271759,271830,271759
FCFS,7811,5501,81,277329,277410,271828,271909,271828
FCFS,4934,5505,67,277410,277477,271905,271972,271905
FCFS,5299,5506,28,277477,277505,271971,271999,271971
FCFS,7019,5507,35,277505,277540,271998,272033,271998
FCFS,4352,5509,86,277540,277626,272031,272117,272031
FCFS,2219,5510,6,277626,277632,272116,272122,272116
FCFS,7022,5510,71,277632,277703,272122,272193,272122
FCFS,5303,5515,7,277703,277710,272188,272195,272188
FCFS,6348,5515,29,277710,277739,272195,272224,272195
FCFS,6596,5517,19,277739,277758,272222,272241,272222
FCFS,4323,5518,84,277758,277842,272240,272324,272240
FCFS,7411,5519,46,277842,277888,272323,272369,272323
FCFS,3481,5520,45,277888,277933,272368,272413,272368
FCFS,9599,5520,71,277933,278004,272413,272484,272413
FCFS,3899,5520,59,278004,278063,272484,272543,272484
FCFS,5504,5521,17,278063,278080,272542,272559,272542
FCFS,7222,5522,61,278080,278141,272558,272619,272558
FCFS,5993,5523,40,278141,278181,272618,272658,272618
FCFS,2761,5525,50,278181,278231,272656,272706,272656
FCFS,5885,5529,35,278231,278266,272702,272737,272702
FCFS,162,5530,83,278266,278349,272736,272819,272736
FCFS,6253,5533,19,278349,278368,272816,272835,272816
FCFS,233,5534,82,278368,278450,272834,272916,272834
FCFS,7744,5534,95,278450,278545,272916,273011,272916
FCFS,192,5535,19,278545,278564,273010,273029,273010
FCFS,464,5536,93,278564,278657,273028,273121,273028
FCFS,7522,5538,89,278657,278746,273119,273208,273119
FCFS,8271,5539,9,278746,278755,273207,273216,273207
FCFS,254,5539,83,278755,278838,273216,273299,273216
FCFS,1888,5539,9,278838,278847,273299,273308,273299
FCFS,9383,5539,12,278847,278859,273308,273320,273308
FCFS,5135,5540,75,278859,278934,273319,273394,273319
FCFS,5264,5540,96,278934,279030,273394,273490,273394
FCFS,565,5541,8,279030,279038,273489,273497,273489
FCFS,2147,5542,47,279038,279085,273496,273543,273496
FCFS,4971,5543,26,279085,279111,273542,273568,273542
FCFS,1713,5543,69,279111,279180,273568,273637,273568
FCFS,7184,5544,14,279180,279194,273636,273650,273636
FCFS,2920,5546,55,279194,279249,273648,273703,273648
FCFS,8996,5546,23,279249,279272,273703,273726,273703
FCFS,2543,5546,25,279272,279297,273726,273751,273726
FCFS,2052,5548,87,279297,279384,273749,273836,273749
FCFS,7647,5551,78,279384,279462,273833,273911,273833
FCFS,4551,5552,78,279462,279540,273910,273988,273910
FCFS,3943,5552,50,279540,279590,273988,274038,273988
FCFS,6052,5555,97,279590,279687,274035,274132,274035
FCFS,4851,5555,66,279687,279753,274132,274198,274132
FCFS,6507,5555,59,279753,279812,274198,274257,274198
FCFS,9548,5558,11,279812,279823,274254,274265,274254
FCFS,4345,5558,32,279823,279855,274265,274297,274265
FCFS,4619,5558,70,279855,279925,274297,274367,274297
FCFS,7390,5559,93,279925,280018,274366,274459,274366
FCFS,9321,5559,66,280018,280084,274459,274525,274459
FCFS,7589,5560,67,280084,280151,274524,274591,274524
FCFS,5355,5560,39,280151,280190,274591,274630,274591
FCFS,7043,5560,58,280190,280248,274630,274688,274630
FCFS,871,5560,81,280248,280329,274688,274769,274688
FCFS,2460,5560,37,280329,280366,274769,274806,274769
FCFS,8918,5563,2,280366,280368,274803,274805,274803
FCFS,3155,5565,51,280368,280419,274803,274854,274803
FCFS,5672,5565,61,280419,280480,274854,274915,274854
FCFS,695,5565,74,280480,280554,274915,274989,274915
FCFS,6386,5565,49,280554,280603,274989,275038,274989
FCFS,958,5567,12,280603,280615,275036,275048,275036
FCFS,747,5569,73,280615,280688,275046,275119,275046
FCFS,2610,5569,12,280688,280700,275119,275131,275119
FCFS,4368,5570,9,280700,280709,275130,275139,275130
FCFS,3201,5571,99,280709,280808,275138,275237,275138
FCFS,4998,5573,83,280808,280891,275235,275318,275235
FCFS,3241,5574,81,280891,280972,275317,275398,275317
FCFS,8104,5574,60,280972,281032,275398,275458,275398
FCFS,3158,5575,51,281032,281083,275457,275508,275457
FCFS,161,5575,31,281083,281114,275508,275539,275508
FCFS,6930,5577,73,281114,281187,275537,275610,275537
FCFS,7646,5578,92,281187,281279,275609,275701,275609
FCFS,4790,5578,38,281279,281317,275701,275739,275701
FCFS,9,5578,95,281317,281412,275739,275834,275739
FCFS,7227,5579,46,281412,281458,275833,275879,275833
FCFS,6408,5580,36,281458,281494,275878,275914,275878
FCFS,5014,5581,23,281494,281517,275913,275936,275913
FCFS,8518,5582,28,281517,281545,275935,275963,275935
FCFS,5766,5583,81,281545,281626,275962,276043,275962
FCFS,6529,5585,94,281626,281720,276041,276135,276041
FCFS,3172,5585,7,281720,281727,276135,276142,276135
FCFS,772,5585,83,281727,281810,276142,276225,276142
FCFS,5444,5585,50,281810,281860,276225,276275,276225
FCFS,5596,5586,18,281860,281878,276274,276292,276274
FCFS,2354,5588,95,281878,281973,276290,276385,276290
FCFS,1061,5588,94,281973,282067,276385,276479,276385
FCFS,532,5588,6,282067,282073,276479,276485,276479
FCFS,6422,5588,15,282073,282088,276485,276500,276485
FCFS,3170,5590,47,282088,282135,276498,276545,276498
FCFS,9243,5591,11,282135,282146,276544,276555,276544
FCFS,2467,5591,76,282146,282222,276555,276631,276555
FCFS,153,5592,57,282222,282279,276630,276687,276630
FCFS,1846,5592,58,282279,282337,276687,276745,276687
FCFS,4418,5592,79,282337,282416,276745,276824,276745
FCFS,259,5592,40,282416,282456,276824,276864,276824
FCFS,4969,5593,48,282456,282504,276863,276911,276863
FCFS,5078,5594,79,282504,282583,276910,276989,276910
FCFS,5711,5596,63,282583,282646,276987,277050,276987
FCFS,343,5596,77,282646,282723,277050,277127,277050
FCFS,7539,5599,20,282723,282743,277124,277144,277124
FCFS,7798,5599,47,282743,282790,277144,277191,277144
FCFS,5146,5599,13,282790,282803,277191,277204,277191
FCFS,6008,5599,31,282803,282834,277204,277235,277204
FCFS,294,5600,81,282834,282915,277234,277315,277234
FCFS,5409,5602,45,282915,282960,277313,277358,277313
FCFS,5661,5603,44,282960,283004,277357,277401,277357
FCFS,1266,5604,45,283004,283049,277400,277445,277400
FCFS,5255,5606,45,283049,283094,277443,277488,277443
FCFS,8554,5606,3,283094,283097,277488,277491,277488
FCFS,5698,5607,69,283097,283166,277490,277559,277490
FCFS,9391,5607,13,283166,283179,277559,277572,277559
FCFS,2245,5607,88,283179,283267,277572,277660,277572
FCFS,7598,5609,41,283267,283308,277658,277699,277658
FCFS,6927,5611,65,283308,283373,277697,277762,277697
FCFS,8599,5611,69,283373,283442,277762,277831,277762
FCFS,5179,5615,22,283442,283464,277827,277849,277827
FCFS,8300,5615,23,283464,283487,277849,277872,277849
FCFS,6514,5616,19,283487,283506,277871,277890,277871
FCFS,5497,5618,82,283506,283588,277888,277970,277888
FCFS,3936,5618,19,283588,283607,277970,277989,277970
FCFS,95,5618,54,283607,283661,277989,278043,277989
FCFS,2964,5619,80,283661,283741,278042,278122,278042
FCFS,1123,5619,16,283741,283757,278122,278138,278122
FCFS,1152,5619,84,283757,283841,278138,278222,278138
FCFS,3226,5621,13,283841,283854,278220,278233,278220
FCFS,5475,5622,20,283854,283874,278232,278252,278232
FCFS,851,5622,77,283874,283951,278252,278329,278252
FCFS,8025,5622,93,283951,284044,278329,278422,278329
FCFS,2401,5624,61,284044,284105,278420,278481,278420
FCFS,2882,5624,91,284105,284196,278481,278572,278481
FCFS,351,5625,92,284196,284288,278571,278663,278571
FCFS,2686,5626,47,284288,284335,278662,278709,278662
FCFS,4010,5626,26,284335,284361,278709,278735,278709
FCFS,1528,5626,3,284361,284364,278735,278738,278735
FCFS,3924,5628,4,284364,284368,278736,278740,278736
FCFS,6363,5629,48,284368,284416,278739,278787,278739
FCFS,4243,5630,19,284416,284435,278786,278805,278786
FCFS,1681,5631,31,284435,284466,278804,278835,278804
FCFS,3713,5633,45,284466,284511,278833,278878,278833
FCFS,4764,5634,59,284511,284570,278877,278936,278877
FCFS,3531,5634,89,284570,284659,278936,279025,278936
FCFS,6274,5636,37,284659,284696,279023,279060,279023
FCFS,3382,5637,14,284696,284710,279059,279073,279059
FCFS,9216,5640,76,284710,284786,279070,279146,279070
FCFS,8283,5641,68,284786,284854,279145,279213,279145
FCFS,7238,5643,41,284854,284895,279211,279252,279211
FCFS,507,5644,78,284895,284973,279251,279329,279251
FCFS,9604,5644,83,284973,285056,279329,279412,279329
FCFS,616,5645,63,285056,285119,279411,279474,279411
FCFS,6165,5645,24,285119,285143,279474,279498,279474
FCFS,8511,5646,2,285143,285145,279497,279499,279497
FCFS,3122,5647,50,285145,285195,279498,279548,279498
FCFS,6655,5648,90,285195,285285,279547,279637,279547
FCFS,5350,5649,89,285285,285374,279636,279725,279636
FCFS,7397,5649,62,285374,285436,279725,279787,279725
FCFS,5479,5650,31,285436,285467,279786,279817,279786
FCFS,1555,5655,17,285467,285484,279812,279829,279812
FCFS,2067,5656,2,285484,285486,279828,279830,279828
FCFS,1520,5658,27,285486,285513,279828,279855,279828
FCFS,8282,5660,56,285513,285569,279853,279909,279853
FCFS,7380,5660,62,285569,285631,279909,279971,279909
FCFS,4149,5660,96,285631,285727,279971,280067,279971
FCFS,2684,5661,36,285727,285763,280066,280102,280066
FCFS,5200,5663,29,285763,285792,280100,280129,280100
FCFS,9855,5664,22,285792,285814,280128,280150,280128
FCFS,9295,5664,56,285814,285870,280150,280206,280150
FCFS,6704,5666,65,285870,285935,280204,280269,280204
FCFS,2953,5668,14,285935,285949,280267,280281,280267
FCFS,3835,5668,43,285949,285992,280281,280324,280281
FCFS,3095,5668,99,285992,286091,280324,280423,280324
FCFS,4118,5669,68,286091,286159,280422,280490,280422
FCFS,2811,5670,84,286159,286243,280489,280573,280489
FCFS,6535,5670,15,286243,286258,280573,280588,280573
FCFS,2117,5671,58,286258,286316,280587,280645,280587
FCFS,9129,5672,4,286316,286320,280644,280648,280644
FCFS,9896,5672,70,286320,286390,280648,280718,280648
FCFS,3230,5672,97,286390,286487,280718,280815,280718
FCFS,4968,5672,78,286487,286565,280815,280893,280815
FCFS,5290,5673,30,286565,286595,280892,280922,280892
FCFS,5023,5675,72,286595,286667,280920,280992,280920
FCFS,2452,5675,63,286667,286730,280992,281055,280992
FCFS,64,5675,35,286730,286765,281055,281090,281055
FCFS,6726,5676,57,286765,286822,281089,281146,281089
FCFS,7123,5677,79,286822,286901,281145,281224,281145
FCFS,3563,5679,33,286901,286934,281222,281255,281222
FCFS,6057,5680,26,286934,286960,281254,281280,281254
FCFS,7198,5682,13,286960,286973,281278,281291,281278
FCFS,6185,5682,5,286973,286978,281291,281296,281291
FCFS,8196,5684,32,286978,287010,281294,281326,281294
FCFS,3368,5685,38,287010,287048,281325,281363,281325
FCFS,3138,5686,64,287048,287112,281362,281426,281362
FCFS,1368,5690,18,287112,287130,281422,281440,281422
FCFS,3341,5690,78,287130,287208,281440,281518,281440
FCFS,377,5691,14,287208,287222,281517,281531,281517
FCFS,8780,5692,47,287222,287269,281530,281577,281530
FCFS,8915,5692,25,287269,287294,281577,281602,281577
FCFS,9977,5692,57,287294,287351,281602,281659,281602
FCFS,2130,5693,93,287351,287444,281658,281751,281658
FCFS,3700,5693,33,287444,287477,281751,281784,281751
FCFS,6050,5694,75,287477,287552,281783,281858,281783
FCFS,7235,5694,17,287552,287569,281858,281875,281858
FCFS,3784,5694,47,287569,287616,281875,281922,281875
FCFS,7819,5695,1,287616,287617,281921,281922,281921
FCFS,4797,5695,21,287617,287638,281922,281943,281922
FCFS,5123,5696,32,287638,287670,281942,281974,281942
FCFS,9483,5697,1,287670,287671,281973,281974,281973
FCFS,4523,5698,35,287671,287706,281973,282008,281973
FCFS,1926,5699,21,287706,287727,282007,282028,282007
FCFS,268,5699,72,287727,287799,282028,282100,282028
FCFS,1962,5699,20,287799,287819,282100,282120,282100
FCFS,9949,5704,11,287819,287830,282115,282126,282115
FCFS,1814,5704,5,287830,287835,282126,282131,282126
FCFS,6201,5705,32,287835,287867,282130,282162,282130
FCFS,5433,5708,52,287867,287919,282159,282211,282159
FCFS,4103,5710,22,287919,287941,282209,282231,282209
FCFS,652,5713,83,287941,288024,282228,282311,282228
FCFS,2722,5717,99,288024,288123,282307,282406,282307
FCFS,5768,5718,81,288123,288204,282405,282486,282405
FCFS,6240,5720,90,288204,288294,282484,282574,282484
FCFS,7357,5720,37,288294,288331,282574,282611,282574
FCFS,8900,5720,58,288331,288389,282611,282669,282611
FCFS,3439,5722,35,288389,288424,282667,282702,282667
FCFS,1722,5724,55,288424,288479,282700,282755,282700
FCFS,9755,5724,5,288479,288484,282755,282760,282755
FCFS,6493,5724,98,288484,288582,282760,282858,282760
FCFS,470,5726,14,288582,288596,282856,282870,282856
FCFS,6856,5728,57,288596,288653,282868,282925,282868
FCFS,9345,5729,7,288653,288660,282924,282931,282924
FCFS,5549,5730,25,288660,288685,282930,282955,282930
FCFS,5407,5730,74,288685,288759,282955,283029,282955
FCFS,9961,5731,74,288759,288833,283028,283102,283028
FCFS,5598,5731,15,288833,288848,283102,283117,283102
FCFS,1018,5732,78,288848,288926,283116,283194,283116
FCFS,461,5732,97,288926,289023,283194,283291,283194
FCFS,8803,5733,49,289023,289072,283290,283339,283290
FCFS,5,5734,47,289072,289119,283338,283385,283338
FCFS,4735,5737,27,289119,289146,283382,283409,283382
FCFS,3197,5738,37,289146,289183,283408,283445,283408
FCFS,7167,5738,69,289183,289252,283445,283514,283445
FCFS,3834,5738,47,289252,289299,283514,283561,283514
FCFS,6616,5739,18,289299,289317,283560,283578,283560
FCFS,9713,5740,61,289317,289378,283577,283638,283577
FCFS,9945,5741,77,289378,289455,283637,283714,283637
FCFS,4160,5741,14,289455,289469,283714,283728,283714
FCFS,960,5742,6,289469,289475,283727,283733,283727
FCFS,2928,5744,17,289475,289492,283731,283748,283731
FCFS,484,5745,20,289492,289512,283747,283767,283747
FCFS,9906,5745,76,289512,289588,283767,283843,283767
FCFS,818,5750,28,289588,289616,283838,283866,283838
FCFS,4254,5750,87,289616,289703,283866,283953,283866
FCFS,8072,5752,68,289703,289771,283951,284019,283951
FCFS,1919,5752,63,289771,289834,284019,284082,284019
FCFS,5509,5753,57,289834,289891,284081,284138,284081
FCFS,3566,5754,19,289891,289910,284137,284156,284137
FCFS,6418,5755,74,289910,289984,284155,284229,284155
FCFS,7974,5755,56,289984,290040,284229,284285,284229
FCFS,3714,5755,41,290040,290081,284285,284326,284285
FCFS,9893,5756,80,290081,290161,284325,284405,284325
FCFS,8755,5756,79,290161,290240,284405,284484,284405
FCFS,1781,5757,24,290240,290264,284483,284507,284483
FCFS,225,5759,22,290264,290286,284505,284527,284505
FCFS,1235,5760,86,290286,290372,284526,284612,284526
FCFS,955,5765,59,290372,290431,284607,284666,284607
FCFS,8802,5769,46,290431,290477,284662,284708,284662
FCFS,2079,5772,78,290477,290555,284705,284783,284705
FCFS,8437,5773,38,290555,290593,284782,284820,284782
FCFS,2522,5774,32,290593,290625,284819,284851,284819
FCFS,3124,5776,75,290625,290700,284849,284924,284849
FCFS,1544,5776,89,290700,290789,284924,285013,284924
FCFS,2090,5777,81,290789,290870,285012,285093,285012
FCFS,3234,5777,60,290870,290930,285093,285153,285093
FCFS,9205,5778,13,290930,290943,285152,285165,285152
FCFS,992,5779,66,290943,291009,285164,285230,285164
FCFS,2646,5779,33,291009,291042,285230,285263,285230
FCFS,8029,5780,69,291042,291111,285262,285331,285262
FCFS,4167,5780,75,291111,291186,285331,285406,285331
FCFS,8050,5781,77,291186,291263,285405,285482,285405
FCFS,2029,5782,48,291263,291311,285481,285529,285481
FCFS,9531,5782,45,291311,291356,285529,285574,285529
FCFS,7199,5782,43,291356,291399,285574,285617,285574
FCFS,3922,5783,28,291399,291427,285616,285644,285616
FCFS,8110,5783,95,291427,291522,285644,285739,285644
FCFS,2256,5784,39,291522,291561,285738,285777,285738
FCFS,6867,5785,13,291561,291574,285776,285789,285776
FCFS,3701,5788,92,291574,291666,285786,285878,285786
FCFS,961,5788,53,291666,291719,285878,285931,285878
FCFS,9766,5789,82,291719,291801,285930,286012,285930
FCFS,3145,5789,8,291801,291809,286012,286020,286012
FCFS,9122,5790,42,291809,291851,286019,286061,286019
FCFS,9561,5790,71,291851,291922,286061,286132,286061
FCFS,190,5791,7,291922,291929,286131,286138,286131
FCFS,1592,5791,41,291929,291970,286138,286179,286138
FCFS,7253,5791,44,291970,292014,286179,286223,286179
FCFS,7910,5791,9,292014,292023,286223,286232,286223
FCFS,3199,5793,27,292023,292050,286230,286257,286230
FCFS,9514,5794,14,292050,292064,286256,286270,286256
FCFS,6982,5795,52,292064,292116,286269,286321,286269
FCFS,7299,5796,26,292116,292142,286320,286346,286320
FCFS,1179,5796,59,292142,292201,286346,286405,286346
FCFS,1093,5797,46,292201,292247,286404,286450,286404
FCFS,1564,5797,7,292247,292254,286450,286457,286450
FCFS,5279,5798,15,292254,292269,286456,286471,286456
FCFS,8583,5799,1,292269,292270,286470,286471,286470
FCFS,344,5801,45,292270,292315,286469,286514,286469
FCFS,5931,5801,73,292315,292388,286514,286587,286514
FCFS,3045,5806,82,292388,292470,286582,286664,286582
FCFS,2835,5806,57,292470,292527,286664,286721,286664
FCFS,5671,5806,48,292527,292575,286721,286769,286721
FCFS,4977,5807,42,292575,292617,286768,286810,286768
FCFS,3709,5808,58,292617,292675,286809,286867,286809
FCFS,2786,5808,38,292675,292713,286867,286905,286867
FCFS,3533,5810,41,292713,292754,286903,286944,286903
FCFS,5604,5810,34,292754,292788,286944,286978,286944
FCFS,792,5811,47,292788,292835,286977,287024,286977
FCFS,5254,5811,9,292835,292844,287024,287033,287024
FCFS,6277,5812,8,292844,292852,287032,287040,287032
FCFS,6613,5816,34,292852,292886,287036,287070,287036
FCFS,3298,5818,99,292886,292985,287068,287167,287068
FCFS,6076,5818,39,292985,293024,287167,287206,287167
FCFS,5664,5818,8,293024,293032,287206,287214,287206
FCFS,6562,5819,56,293032,293088,287213,287269,287213
FCFS,6830,5820,42,293088,293130,287268,287310,287268
FCFS,7453,5822,96,293130,293226,287308,287404,287308
FCFS,2813,5823,92,293226,293318,287403,287495,287403
FCFS,5855,5823,81,293318,293399,287495,287576,287495
FCFS,9857,5824,11,293399,293410,287575,287586,287575
FCFS,8797,5827,33,293410,293443,287583,287616,287583
FCFS,2717,5827,40,293443,293483,287616,287656,287616
FCFS,2164,5827,58,293483,293541,287656,287714,287656
FCFS,8762,5829,43,293541,293584,287712,287755,287712
FCFS,8847,5830,69,293584,293653,287754,287823,287754
FCFS,5336,5831,27,293653,293680,287822,287849,287822
FCFS,4475,5831,18,293680,293698,287849,287867,287849
FCFS,3221,5832,9,293698,293707,287866,287875,287866
FCFS,7283,5835,92,293707,293799,287872,287964,287872
FCFS,6246,5839,85,293799,293884,287960,288045,287960
FCFS,7252,5839,95,293884,293979,288045,288140,288045
FCFS,5938,5840,85,293979,294064,288139,288224,288139
FCFS,3223,5842,74,294064,294138,288222,288296,288222
FCFS,8696,5844,87,294138,294225,288294,288381,288294
FCFS,3070,5845,78,294225,294303,288380,288458,288380
FCFS,8939,5845,10,294303,294313,288458,288468,288458
FCFS,4407,5850,87,294313,294400,288463,288550,288463
FCFS,6578,5851,76,294400,294476,288549,288625,288549
FCFS,9408,5851,35,294476,294511,288625,288660,288625
FCFS,324,5854,65,294511,294576,288657,288722,288657
FCFS,8810,5854,83,294576,294659,288722,288805,288722
FCFS,184,5855,9,294659,294668,288804,288813,288804
FCFS,4955,5856,31,294668,294699,288812,288843,288812
FCFS,157,5864,59,294699,294758,288835,288894,288835
FCFS,4232,5866,98,294758,294856,288892,288990,288892
FCFS,3026,5867,32,294856,294888,288989,289021,288989
FCFS,5183,5867,15,294888,294903,289021,289036,289021
FCFS,8656,5868,47,294903,294950,289035,289082,289035
FCFS,4504,5869,21,294950,294971,289081,289102,289081
FCFS,808,5870,20,294971,294991,289101,289121,289101
FCFS,8672,5872,42,294991,295033,289119,289161,289119
FCFS,9198,5873,81,295033,295114,289160,289241,289160
FCFS,9337,5873,90,295114,295204,289241,289331,289241
FCFS,8693,5873,39,295204,295243,289331,289370,289331
FCFS,8589,5874,59,295243,295302,289369,289428,289369
FCFS,4804,5874,8,295302,295310,289428,289436,289428
FCFS,5013,5874,22,295310,295332,289436,289458,289436
FCFS,7006,5875,31,295332,295363,289457,289488,289457
FCFS,4049,5876,95,295363,295458,289487,289582,289487
FCFS,9469,5876,49,295458,295507,289582,289631,289582
FCFS,1167,5877,6,295507,295513,289630,289636,289630
FCFS,4817,5877,48,295513,295561,289636,289684,289636
FCFS,450,5878,49,295561,295610,289683,289732,289683
FCFS,2533,5879,36,295610,295646,289731,289767,289731
FCFS,438,5881,97,295646,295743,289765,289862,289765
FCFS,5277,5882,1,295743,295744,289861,289862,289861
FCFS,5801,5882,4,295744,295748,289862,289866,289862
FCFS,4556,5884,57,295748,295805,289864,289921,289864
FCFS,2162,5887,50,295805,295855,289918,289968,289918
FCFS,2850,5889,83,295855,295938,289966,290049,289966
FCFS,9041,5890,47,295938,295985,290048,290095,290048
FCFS,2357,5891,81,295985,296066,290094,290175,290094
FCFS,6342,5892,7,296066,296073,290174,290181,290174
FCFS,98,5892,35,296073,296108,290181,290216,290181
FCFS,1727,5895,17,296108,296125,290213,290230,290213
FCFS,1263,5895,7,296125,296132,290230,290237,290230
FCFS,288,5895,53,296132,296185,290237,290290,290237
FCFS,1723,5897,78,296185,296263,290288,290366,290288
FCFS,9901,5897,96,296263,296359,290366,290462,290366
FCFS,4598,5898,65,296359,296424,290461,290526,290461
FCFS,9033,5899,96,296424,296520,290525,290621,290525
FCFS,2071,5901,82,296520,296602,290619,290701,290619
FCFS,4841,5901,39,296602,296641,290701,290740,290701
FCFS,9084,5901,11,296641,296652,290740,290751,290740
FCFS,9473,5901,91,296652,296743,290751,290842,290751
FCFS,8545,5902,26,296743,296769,290841,290867,290841
FCFS,3218,5904,6,296769,296775,290865,290871,290865
FCFS,4635,5904,20,296775,296795,290871,290891,290871
FCFS,6675,5904,62,296795,296857,290891,290953,290891
FCFS,2582,5906,28,296857,296885,290951,290979,290951
FCFS,7991,5906,4,296885,296889,290979,290983,290979
FCFS,2914,5906,4,296889,296893,290983,290987,290983
FCFS,7387,5906,38,296893,296931,290987,291025,290987
FCFS,2065,5907,49,296931,296980,291024,291073,291024
FCFS,8376,5909,26,296980,297006,291071,291097,291071
FCFS,5367,5911,24,297006,297030,291095,291119,291095
FCFS,3694,5911,91,297030,297121,291119,291210,291119
FCFS,8603,5912,43,297121,297164,291209,291252,291209
FCFS,1280,5913,17,297164,297181,291251,291268,291251
FCFS,9270,5914,98,297181,297279,291267,291365,291267
FCFS,145,5915,33,297279,297312,291364,291397,291364
FCFS,7641,5917,93,297312,297405,291395,291488,291395
FCFS,510,5917,61,297405,297466,291488,291549,291488
FCFS,4384,5918,5,297466,297471,291548,291553,291548
FCFS,6214,5918,82,297471,297553,291553,291635,291553
FCFS,5022,5919,39,297553,297592,291634,291673,291634
FCFS,363,5919,83,297592,297675,291673,291756,291673
FCFS,8107,5920,64,297675,297739,291755,291819,291755
FCFS,2656,5925,51,297739,297790,291814,291865,291814
FCFS,2301,5926,21,297790,297811,291864,291885,291864
FCFS,3075,5929,25,297811,297836,291882,291907,291882
FCFS,4892,5929,66,297836,297902,291907,291973,291907
FCFS,6403,5930,87,297902,297989,291972,292059,291972
FCFS,5198,5930,66,297989,298055,292059,292125,292059
FCFS,8704,5931,40,298055,298095,292124,292164,292124
FCFS,3535,5934,25,298095,298120,292161,292186,292161
FCFS,6198,5935,72,298120,298192,292185,292257,292185
FCFS,9909,5938,50,298192,298242,292254,292304,292254
FCFS,8262,5938,19,298242,298261,292304,292323,292304
FCFS,8574,5938,5,298261,298266,292323,292328,292323
FCFS,8697,5939,53,298266,298319,292327,292380,292327
FCFS,3366,5939,30,298319,298349,292380,292410,292380
FCFS,3689,5941,55,298349,298404,292408,292463,292408
FCFS,1199,5941,40,298404,298444,292463,292503,292463
FCFS,4061,5944,73,298444,298517,292500,292573,292500
FCFS,9549,5944,62,298517,298579,292573,292635,292573
FCFS,2258,5946,94,298579,298673,292633,292727,292633
FCFS,9103,5947,67,298673,298740,292726,292793,292726
FCFS,9571,5947,1,298740,298741,292793,292794,292793
FCFS,2092,5947,75,298741,298816,292794,292869,292794
FCFS,402,5949,69,298816,298885,292867,292936,292867
FCFS,3191,5951,2,298885,298887,292934,292936,292934
FCFS,4009,5951,30,298887,298917,292936,292966,292936
FCFS,920,5951,2,298917,298919,292966,292968,292966
FCFS,5741,5953,33,298919,298952,292966,292999,292966
FCFS,4903,5953,78,298952,299030,292999,293077,292999
FCFS,1107,5954,47,299030,299077,293076,293123,293076
FCFS,9464,5955,25,299077,299102,293122,293147,293122
FCFS,6761,5956,30,299102,299132,293146,293176,293146
FCFS,6944,5956,37,299132,299169,293176,293213,293176
FCFS,4834,5956,20,299169,299189,293213,293233,293213
FCFS,8247,5956,66,299189,299255,293233,293299,293233
FCFS,9867,5957,11,299255,299266,293298,293309,293298
FCFS,8725,5958,35,299266,299301,293308,293343,293308
FCFS,1007,5959,5,299301,299306,293342,293347,293342
FCFS,7463,5959,46,299306,299352,293347,293393,293347
FCFS,6178,5961,28,299352,299380,293391,293419,293391
FCFS,2036,5962,7,299380,299387,293418,293425,293418
FCFS,867,5966,92,299387,299479,293421,293513,293421
FCFS,5861,5966,69,299479,299548,293513,293582,293513
FCFS,9300,5967,51,299548,299599,293581,293632,293581
FCFS,5070,5968,60,299599,299659,293631,293691,293631
FCFS,9027,5968,95,299659,299754,293691,293786,293691
FCFS,9232,5969,21,299754,299775,293785,293806,293785
FCFS,5680,5969,13,299775,299788,293806,293819,293806
FCFS,9011,5969,91,299788,299879,293819,293910,293819
FCFS,744,5971,96,299879,299975,293908,294004,293908
FCFS,6293,5972,58,299975,300033,294003,294061,294003
FCFS,7409,5972,17,300033,300050,294061,294078,294061
FCFS,3422,5973,43,300050,300093,294077,294120,294077
FCFS,5436,5974,3,300093,300096,294119,294122,294119
FCFS,1056,5975,30,300096,300126,294121,294151,294121
FCFS,2483,5976,75,300126,300201,294150,294225,294150
FCFS,7792,5976,86,300201,300287,294225,294311,294225
FCFS,584,5977,14,300287,300301,294310,294324,294310
FCFS,9466,5977,87,300301,300388,294324,294411,294324
FCFS,123,5977,99,300388,300487,294411,294510,294411
FCFS,2244,5978,45,300487,300532,294509,294554,294509
FCFS,5399,5979,56,300532,300588,294553,294609,294553
FCFS,5278,5982,55,300588,300643,294606,294661,294606
FCFS,4911,5983,97,300643,300740,294660,294757,294660
FCFS,7168,5984,30,300740,300770,294756,294786,294756
FCFS,941,5984,31,300770,300801,294786,294817,294786
FCFS,8536,5985,49,300801,300850,294816,294865,294816
FCFS,347,5986,12,300850,300862,294864,294876,294864
FCFS,1151,5986,4,300862,300866,294876,294880,294876
FCFS,7644,5988,49,300866,300915,294878,294927,294878
FCFS,6954,5988,95,300915,301010,294927,295022,294927
FCFS,7659,5988,40,301010,301050,295022,295062,295022
FCFS,492,5988,97,301050,301147,295062,295159,295062
FCFS,681,5989,3,301147,301150,295158,295161,295158
FCFS,8132,5991,65,301150,301215,295159,295224,295159
FCFS,3994,5991,93,301215,301308,295224,295317,295224
FCFS,7465,5993,1,301308,301309,295315,295316,295315
FCFS,7617,5993,81,301309,301390,295316,295397,295316
FCFS,6016,5994,48,301390,301438,295396,295444,295396
FCFS,2311,5995,76,301438,301514,295443,295519,295443
FCFS,7706,5997,18,301514,301532,295517,295535,295517
FCFS,2370,5997,1,301532,301533,295535,295536,295535
FCFS,690,5997,89,301533,301622,295536,295625,295536
FCFS,9111,6000,58,301622,301680,295622,295680,295622
FCFS,5769,6001,52,301680,301732,295679,295731,295679
FCFS,360,6002,6,301732,301738,295730,295736,295730
FCFS,4012,6003,19,301738,301757,295735,295754,295735
FCFS,5659,6004,23,301757,301780,295753,295776,295753
FCFS,9036,6005,87,301780,301867,295775,295862,295775
FCFS,8856,6007,76,301867,301943,295860,295936,295860
FCFS,2146,6007,19,301943,301962,295936,295955,295936
FCFS,5530,6008,27,301962,301989,295954,295981,295954
FCFS,4738,6009,21,301989,302010,295980,296001,295980
FCFS,4588,6009,60,302010,302070,296001,296061,296001
FCFS,7787,6009,40,302070,302110,296061,296101,296061
FCFS,9986,6010,23,302110,302133,296100,296123,296100
FCFS,5034,6010,41,302133,302174,296123,296164,296123
FCFS,9365,6010,49,302174,302223,296164,296213,296164
FCFS,1879,6012,26,302223,302249,296211,296237,296211
FCFS,6957,6014,88,302249,302337,296235,296323,296235
FCFS,275,6015,48,302337,302385,296322,296370,296322
FCFS,1096,6016,85,302385,302470,296369,296454,296369
FCFS,6919,6016,88,302470,302558,296454,296542,296454
FCFS,7964,6017,78,302558,302636,296541,296619,296541
FCFS,133,6019,3,302636,302639,296617,296620,296617
FCFS,2315,6019,24,302639,302663,296620,296644,296620
FCFS,5313,6019,24,302663,302687,296644,296668,296644
FCFS,6265,6022,49,302687,302736,296665,296714,296665
FCFS,1011,6024,80,302736,302816,296712,296792,296712
FCFS,9936,6025,22,302816,302838,296791,296813,296791
FCFS,9838,6026,19,302838,302857,296812,296831,296812
FCFS,4277,6026,82,302857,302939,296831,296913,296831
FCFS,3539,6028,87,302939,303026,296911,296998,296911
FCFS,8339,6028,6,303026,303032,296998,297004,296998
FCFS,976,6028,47,303032,303079,297004,297051,297004
FCFS,6779,6030,5,303079,303084,297049,297054,297049
FCFS,9669,6030,77,303084,303161,297054,297131,297054
FCFS,6039,6031,63,303161,303224,297130,297193,297130
FCFS,2865,6031,11,303224,303235,297193,297204,297193
FCFS,758,6031,44,303235,303279,297204,297248,297204
FCFS,8941,6032,53,303279,303332,297247,297300,297247
FCFS,9580,6032,90,303332,303422,297300,297390,297300
FCFS,4114,6033,98,303422,303520,297389,297487,297389
FCFS,7458,6033,2,303520,303522,297487,297489,297487
FCFS,3610,6033,59,303522,303581,297489,297548,297489
FCFS,9373,6034,76,303581,303657,297547,297623,297547
FCFS,4259,6034,13,303657,303670,297623,297636,297623
FCFS,9537,6034,74,303670,303744,297636,297710,297636
FCFS,7605,6035,90,303744,303834,297709,297799,297709
FCFS,8292,6035,44,303834,303878,297799,297843,297799
FCFS,1141,6035,72,303878,303950,297843,297915,297843
FCFS,2160,6036,94,303950,304044,297914,298008,297914
FCFS,9504,6037,9,304044,304053,298007,298016,298007
FCFS,3897,6038,70,304053,304123,298015,298085,298015
FCFS,893,6038,20,304123,304143,298085,298105,298085
FCFS,8720,6038,32,304143,304175,298105,298137,298105
FCFS,4158,6039,2,304175,304177,298136,298138,298136
FCFS,5426,6040,58,304177,304235,298137,298195,298137
FCFS,5620,6040,24,304235,304259,298195,298219,298195
FCFS,2655,6040,40,304259,304299,298219,298259,298219
FCFS,7078,6041,69,304299,304368,298258,298327,298258
FCFS,641,6042,67,304368,304435,298326,298393,298326
FCFS,3666,6043,18,304435,304453,298392,298410,298392
FCFS,3174,6046,94,304453,304547,298407,298501,298407
FCFS,4141,6047,14,304547,304561,298500,298514,298500
FCFS,1597,6047,4,304561,304565,298514,298518,298514
FCFS,2824,6048,46,304565,304611,298517,298563,298517
FCFS,6061,6048,66,304611,304677,298563,298629,298563
FCFS,2638,6049,86,304677,304763,298628,298714,298628
FCFS,4658,6049,86,304763,304849,298714,298800,298714
FCFS,1736,6052,36,304849,304885,298797,298833,298797
FCFS,2417,6052,14,304885,304899,298833,298847,298833
FCFS,7594,6054,60,304899,304959,298845,298905,298845
FCFS,5732,6054,70,304959,305029,298905,298975,298905
FCFS,4223,6055,51,305029,305080,298974,299025,298974
FCFS,3187,6056,45,305080,305125,299024,299069,299024
FCFS,6888,6058,29,305125,305154,299067,299096,299067
FCFS,1849,6059,59,305154,305213,299095,299154,299095
FCFS,4304,6059,53,305213,305266,299154,299207,299154
FCFS,1553,6059,78,305266,305344,299207,299285,299207
FCFS,5471,6060,37,305344,305381,299284,299321,299284
FCFS,2558,6063,87,305381,305468,299318,299405,299318
FCFS,6723,6065,66,305468,305534,299403,299469,299403
FCFS,9990,6065,7,305534,305541,299469,299476,299469
FCFS,4262,6065,72,305541,305613,299476,299548,299476
FCFS,3041,6068,56,305613,305669,299545,299601,299545
FCFS,9879,6071,65,305669,305734,299598,299663,299598
FCFS,7013,6073,12,305734,305746,299661,299673,299661
FCFS,9957,6078,6,305746,305752,299668,299674,299668
FCFS,1664,6078,42,305752,305794,299674,299716,299674
FCFS,4605,6078,62,305794,305856,299716,299778,299716
FCFS,5480,6079,19,305856,305875,299777,299796,299777
FCFS,4004,6079,74,305875,305949,299796,299870,299796
FCFS,4292,6079,59,305949,306008,299870,299929,299870
FCFS,5824,6080,48,306008,306056,299928,299976,299928
FCFS,9445,6081,68,306056,306124,299975,300043,299975
FCFS,6642,6082,15,306124,306139,300042,300057,300042
FCFS,1616,6082,14,306139,306153,300057,300071,300057
FCFS,9047,6083,53,306153,306206,300070,300123,300070
FCFS,7432,6085,15,306206,306221,300121,300136,300121
FCFS,6114,6085,17,306221,306238,300136,300153,300136
FCFS,1796,6089,5,306238,306243,300149,300154,300149
FCFS,5237,6089,25,306243,306268,300154,300179,300154
FCFS,1614,6090,71,306268,306339,300178,300249,300178
FCFS,757,6090,11,306339,306350,300249,300260,300249
FCFS,3296,6091,66,306350,306416,300259,300325,300259
FCFS,3206,6091,83,306416,306499,300325,300408,300325
FCFS,9361,6092,20,306499,306519,300407,300427,300407
FCFS,7002,6093,43,306519,306562,300426,300469,300426
FCFS,3236,6093,2,306562,306564,300469,300471,300469
FCFS,4326,6094,75,306564,306639,300470,300545,300470
FCFS,2066,6097,39,306639,306678,300542,300581,300542
FCFS,6506,6099,32,306678,306710,300579,300611,300579
FCFS,2013,6099,21,306710,306731,300611,300632,300611
FCFS,1732,6099,38,306731,306769,300632,300670,300632
FCFS,4612,6100,90,306769,306859,300669,300759,300669
FCFS,3399,6102,68,306859,306927,300757,300825,300757
FCFS,318,6102,92,306927,307019,300825,300917,300825
FCFS,6511,6102,73,307019,307092,300917,300990,300917
FCFS,5806,6103,24,307092,307116,300989,301013,300989
FCFS,5269,6103,58,307116,307174,301013,301071,301013
FCFS,5180,6106,64,307174,307238,301068,301132,301068
FCFS,9155,6107,45,307238,307283,301131,301176,301131
FCFS,8442,6111,63,307283,307346,301172,301235,301172
FCFS,4081,6111,5,307346,307351,301235,301240,301235
FCFS,9415,6112,34,307351,307385,301239,301273,301239
FCFS,2663,6115,48,307385,307433,301270,301318,301270
FCFS,5486,6115,44,307433,307477,301318,301362,301318
FCFS,1738,6116,78,307477,307555,301361,301439,301361
FCFS,6539,6117,63,307555,307618,301438,301501,301438
FCFS,5663,6120,52,307618,307670,301498,301550,301498
FCFS,7953,6121,8,307670,307678,301549,301557,301549
FCFS,8175,6121,77,307678,307755,301557,301634,301557
FCFS,3876,6121,9,307755,307764,301634,301643,301634
FCFS,1227,6122,24,307764,307788,301642,301666,301642
FCFS,7513,6123,80,307788,307868,301665,301745,301665
FCFS,3745,6124,17,307868,307885,301744,301761,301744
FCFS,4844,6124,50,307885,307935,301761,301811,301761
FCFS,8600,6127,92,307935,308027,301808,301900,301808
FCFS,9085,6129,71,308027,308098,301898,301969,301898
FCFS,4406,6129,10,308098,308108,301969,301979,301969
FCFS,6627,6130,33,308108,308141,301978,302011,301978
FCFS,8172,6131,22,308141,308163,302010,302032,302010
FCFS,8876,6131,31,308163,308194,302032,302063,302032
FCFS,9430,6131,10,308194,308204,302063,302073,302063
FCFS,2820,6132,32,308204,308236,302072,302104,302072
FCFS,645,6132,82,308236,308318,302104,302186,302104
FCFS,4997,6135,22,308318,308340,302183,302205,302183
FCFS,1189,6136,23,308340,308363,302204,302227,302204
FCFS,3785,6136,14,308363,308377,302227,302241,302227
FCFS,4358,6139,88,308377,308465,302238,302326,302238
FCFS,2959,6139,7,308465,308472,302326,302333,302326
FCFS,2135,6140,92,308472,308564,302332,302424,302332
FCFS,3046,6142,64,308564,308628,302422,302486,302422
FCFS,9299,6142,57,308628,308685,302486,302543,302486
FCFS,2685,6142,9,308685,308694,302543,302552,302543
FCFS,9691,6144,12,308694,308706,302550,302562,302550
FCFS,2647,6144,88,308706,308794,302562,302650,302562
FCFS,3094,6144,73,308794,308867,302650,302723,302650
FCFS,5669,6146,85,308867,308952,302721,302806,302721
FCFS,1129,6150,4,308952,308956,302802,302806,302802
FCFS,1449,6150,89,308956,309045,302806,302895,302806
FCFS,8572,6152,82,309045,309127,302893,302975,302893
FCFS,9268,6152,17,309127,309144,302975,302992,302975
FCFS,1580,6154,3,309144,309147,302990,302993,302990
FCFS,6288,6154,96,309147,309243,302993,303089,302993
FCFS,7943,6154,13,309243,309256,303089,303102,303089
FCFS,4970,6155,65,309256,309321,303101,303166,303101
FCFS,3310,6155,30,309321,309351,303166,303196,303166
FCFS,6267,6159,77,309351,309428,303192,303269,303192
FCFS,7350,6159,50,309428,309478,303269,303319,303269
FCFS,3948,6160,14,309478,309492,303318,303332,303318
FCFS,3703,6160,96,309492,309588,303332,303428,303332
FCFS,3719,6163,77,309588,309665,303425,303502,303425
FCFS,7822,6163,19,309665,309684,303502,303521,303502
FCFS,2172,6164,62,309684,309746,303520,303582,303520
FCFS,2477,6164,59,309746,309805,303582,303641,303582
FCFS,7892,6166,54,309805,309859,303639,303693,303639
FCFS,993,6166,84,309859,309943,303693,303777,303693
FCFS,9554,6167,24,309943,309967,303776,303800,303776
FCFS,829,6168,97,309967,310064,303799,303896,303799
FCFS,8181,6169,45,310064,310109,303895,303940,303895
FCFS,4659,6169,14,310109,310123,303940,303954,303940
FCFS,7148,6170,88,310123,310211,303953,304041,303953
FCFS,2497,6171,71,310211,310282,304040,304111,304040
FCFS,9830,6172,95,310282,310377,304110,304205,304110
FCFS,564,6172,26,310377,310403,304205,304231,304205
FCFS,2182,6172,1,310403,310404,304231,304232,304231
FCFS,5935,6175,20,310404,310424,304229,304249,304229
FCFS,9318,6176,17,310424,310441,304248,304265,304248
FCFS,9326,6182,10,310441,310451,304259,304269,304259
FCFS,6699,6183,95,310451,310546,304268,304363,304268
FCFS,1431,6183,45,310546,310591,304363,304408,304363
FCFS,9364,6184,59,310591,310650,304407,304466,304407
FCFS,100,6184,65,310650,310715,304466,304531,304466
FCFS,1240,6185,15,310715,310730,304530,304545,304530
FCFS,9943,6185,18,310730,310748,304545,304563,304545
FCFS,784,6190,87,310748,310835,304558,304645,304558
FCFS,613,6190,42,310835,310877,304645,304687,304645
FCFS,5512,6191,55,310877,310932,304686,304741,304686
FCFS,9884,6192,30,310932,310962,304740,304770,304740
FCFS,8341,6196,80,310962,311042,304766,304846,304766
FCFS,4800,6197,32,311042,311074,304845,304877,304845
FCFS,251,6197,9,311074,311083,304877,304886,304877
FCFS,3305,6198,15,311083,311098,304885,304900,304885
FCFS,6965,6199,8,311098,311106,304899,304907,304899
FCFS,8922,6200,91,311106,311197,304906,304997,304906
FCFS,6209,6200,28,311197,311225,304997,305025,304997
FCFS,6190,6200,21,311225,311246,305025,305046,305025
FCFS,8886,6203,14,311246,311260,305043,305057,305043
FCFS,4080,6204,46,311260,311306,305056,305102,305056
FCFS,9788,6204,15,311306,311321,305102,305117,305102
FCFS,9635,6207,11,311321,311332,305114,305125,305114
FCFS,3009,6207,35,311332,311367,305125,305160,305125
FCFS,6792,6207,45,311367,311412,305160,305205,305160
FCFS,1218,6212,95,311412,311507,305200,305295,305200
FCFS,9371,6212,43,311507,311550,305295,305338,305295
FCFS,7190,6213,49,311550,311599,305337,305386,305337
FCFS,8126,6214,79,311599,311678,305385,305464,305385
FCFS,3426,6217,66,311678,311744,305461,305527,305461
FCFS,9128,6217,15,311744,311759,305527,305542,305527
FCFS,2936,6218,91,311759,311850,305541,305632,305541
FCFS,5397,6219,8,311850,311858,305631,305639,305631
FCFS,3889,6219,92,311858,311950,305639,305731,305639
FCFS,5627,6221,73,311950,312023,305729,305802,305729
FCFS,5534,6222,6,312023,312029,305801,305807,305801
FCFS,7839,6222,52,312029,312081,305807,305859,305807
FCFS,4501,6226,66,312081,312147,305855,305921,305855
FCFS,8133,6227,98,312147,312245,305920,306018,305920
FCFS,1855,6228,39,312245,312284,306017,306056,306017
FCFS,8721,6229,84,312284,312368,306055,306139,306055
FCFS,823,6229,39,312368,312407,306139,306178,306139
FCFS,2203,6230,41,312407,312448,306177,306218,306177
FCFS,6069,6230,82,312448,312530,306218,306300,306218
FCFS,4241,6231,71,312530,312601,306299,306370,306299
FCFS,5567,6232,50,312601,312651,306369,306419,306369
FCFS,882,6233,49,312651,312700,306418,306467,306418
FCFS,6256,6233,87,312700,312787,306467,306554,306467
FCFS,48,6235,50,312787,312837,306552,306602,306552
FCFS,1663,6236,67,312837,312904,306601,306668,306601
FCFS,8641,6236,46,312904,312950,306668,306714,306668
FCFS,3423,6236,47,312950,312997,306714,306761,306714
FCFS,756,6238,21,312997,313018,306759,306780,306759
FCFS,6480,6238,93,313018,313111,306780,306873,306780
FCFS,4014,6239,85,313111,313196,306872,306957,306872
FCFS,6794,6240,91,313196,313287,306956,307047,306956
FCFS,5754,6240,20,313287,313307,307047,307067,307047
FCFS,3711,6241,38,313307,313345,307066,307104,307066
FCFS,721,6241,60,313345,313405,307104,307164,307104
FCFS,3487,6242,36,313405,313441,307163,307199,307163
FCFS,2825,6246,35,313441,313476,307195,307230,307195
FCFS,9191,6249,77,313476,313553,307227,307304,307227
FCFS,9461,6250,70,313553,313623,307303,307373,307303
FCFS,5997,6250,93,313623,313716,307373,307466,307373
FCFS,2302,6251,35,313716,313751,307465,307500,307465
FCFS,4600,6251,34,313751,313785,307500,307534,307500
FCFS,752,6254,71,313785,313856,307531,307602,307531
FCFS,9952,6255,51,313856,313907,307601,307652,307601
FCFS,5330,6256,53,313907,313960,307651,307704,307651
FCFS,2380,6256,85,313960,314045,307704,307789,307704
FCFS,5774,6256,77,314045,314122,307789,307866,307789
FCFS,8051,6256,91,314122,314213,307866,307957,307866
FCFS,2030,6257,62,314213,314275,307956,308018,307956
FCFS,5944,6257,69,314275,314344,308018,308087,308018
FCFS,1797,6257,82,314344,314426,308087,308169,308087
FCFS,7497,6261,14,314426,314440,308165,308179,308165
FCFS,3669,6261,60,314440,314500,308179,308239,308179
FCFS,1755,6262,76,314500,314576,308238,308314,308238
FCFS,4364,6263,78,314576,314654,308313,308391,308313
FCFS,9162,6264,54,314654,314708,308390,308444,308390
FCFS,8567,6265,75,314708,314783,308443,308518,308443
FCFS,6,6265,94,314783,314877,308518,308612,308518
FCFS,4681,6265,53,314877,314930,308612,308665,308612
FCFS,2260,6267,48,314930,314978,308663,308711,308663
FCFS,2946,6268,99,314978,315077,308710,308809,308710
FCFS,5927,6269,69,315077,315146,308808,308877,308808
FCFS,7111,6269,58,315146,315204,308877,308935,308877
FCFS,749,6269,98,315204,315302,308935,309033,308935
FCFS,2179,6272,65,315302,315367,309030,309095,309030
FCFS,2310,6272,8,315367,315375,309095,309103,309095
FCFS,6074,6273,45,315375,315420,309102,309147,309102
FCFS,7769,6273,13,315420,315433,309147,309160,309147
FCFS,2601,6274,65,315433,315498,309159,309224,309159
FCFS,1726,6276,48,315498,315546,309222,309270,309222
FCFS,6615,6276,49,315546,315595,309270,309319,309270
FCFS,102,6278,99,315595,315694,309317,309416,309317
FCFS,2306,6279,53,315694,315747,309415,309468,309415
FCFS,5359,6280,96,315747,315843,309467,309563,309467
FCFS,8929,6282,4,315843,315847,309561,309565,309561
FCFS,880,6283,12,315847,315859,309564,309576,309564
FCFS,7770,6284,24,315859,315883,309575,309599,309575
FCFS,1911,6284,23,315883,315906,309599,309622,309599
FCFS,2473,6285,16,315906,315922,309621,309637,309621
FCFS,8620,6287,65,315922,315987,309635,309700,309635
FCFS,236,6287,58,315987,316045,309700,309758,309700
FCFS,206,6287,88,316045,316133,309758,309846,309758
FCFS,827,6288,42,316133,316175,309845,309887,309845
FCFS,4665,6289,58,316175,316233,309886,309944,309886
FCFS,369,6293,48,316233,316281,309940,309988,309940
FCFS,1779,6294,42,316281,316323,309987,310029,309987
FCFS,250,6295,72,316323,316395,310028,310100,310028
FCFS,1921,6295,31,316395,316426,310100,310131,310100
FCFS,1676,6295,47,316426,316473,310131,310178,310131
FCFS,3872,6296,73,316473,316546,310177,310250,310177
FCFS,6781,6297,18,316546,316564,310249,310267,310249
FCFS,5525,6297,52,316564,316616,310267,310319,310267
FCFS,3491,6297,38,316616,316654,310319,310357,310319
FCFS,2618,6299,2,316654,316656,310355,310357,310355
FCFS,8528,6300,60,316656,316716,310356,310416,310356
FCFS,8378,6302,71,316716,316787,310414,310485,310414
FCFS,452,6303,13,316787,316800,310484,310497,310484
FCFS,2249,6303,34,316800,316834,310497,310531,310497
FCFS,2486,6304,55,316834,316889,310530,310585,310530
FCFS,1101,6305,29,316889,316918,310584,310613,310584
FCFS,9834,6305,62,316918,316980,310613,310675,310613
FCFS,4536,6305,7,316980,316987,310675,310682,310675
FCFS,4856,6308,64,316987,317051,310679,310743,310679
FCFS,3715,6309,9,317051,317060,310742,310751,310742
FCFS,8852,6310,93,317060,317153,310750,310843,310750
FCFS,6598,6310,69,317153,317222,310843,310912,310843
FCFS,9315,6312,56,317222,317278,310910,310966,310910
FCFS,2954,6313,4,317278,317282,310965,310969,310965
FCFS,559,6313,62,317282,317344,310969,311031,310969
FCFS,3957,6314,61,317344,317405,311030,311091,311030
FCFS,874,6316,2,317405,317407,311089,311091,311089
FCFS,607,6316,15,317407,317422,311091,311106,311091
FCFS,4724,6316,28,317422,317450,311106,311134,311106
FCFS,2751,6317,24,317450,317474,311133,311157,311133
FCFS,3931,6318,71,317474,317545,311156,311227,311156
FCFS,3211,6318,7,317545,317552,311227,311234,311227
FCFS,4492,6320,71,317552,317623,311232,311303,311232
FCFS,1057,6320,49,317623,317672,311303,311352,311303
FCFS,5636,6322,32,317672,317704,311350,311382,311350
FCFS,4314,6324,35,317704,317739,311380,311415,311380
FCFS,5594,6326,35,317739,317774,311413,311448,311413
FCFS,739,6327,15,317774,317789,311447,311462,311447
FCFS,9070,6327,87,317789,317876,311462,311549,311462
FCFS,4315,6327,15,317876,317891,311549,311564,311549
FCFS,3993,6328,56,317891,317947,311563,311619,311563
FCFS,8658,6330,30,317947,317977,311617,311647,311617
FCFS,5091,6331,81,317977,318058,311646,311727,311646
FCFS,8291,6331,39,318058,318097,311727,311766,311727
FCFS,81,6331,80,318097,318177,311766,311846,311766
FCFS,9985,6334,48,318177,318225,311843,311891,311843
FCFS,4190,6336,45,318225,318270,311889,311934,311889
FCFS,3079,6337,18,318270,318288,311933,311951,311933
FCFS,9797,6337,96,318288,318384,311951,312047,311951
FCFS,4908,6337,29,318384,318413,312047,312076,312047
FCFS,9002,6338,52,318413,318465,312075,312127,312075
FCFS,9397,6338,19,318465,318484,312127,312146,312127
FCFS,3677,6340,12,318484,318496,312144,312156,312144
FCFS,2469,6342,74,318496,318570,312154,312228,312154
FCFS,1551,6342,78,318570,318648,312228,312306,312228
FCFS,7346,6343,74,318648,318722,312305,312379,312305
FCFS,9171,6343,88,318722,318810,312379,312467,312379
FCFS,2645,6344,75,318810,318885,312466,312541,312466
FCFS,2960,6344,3,318885,318888,312541,312544,312541
FCFS,9964,6347,99,318888,318987,312541,312640,312541
FCFS,6436,6349,44,318987,319031,312638,312682,312638
FCFS,3185,6352,3,319031,319034,312679,312682,312679
FCFS,6241,6353,55,319034,319089,312681,312736,312681
FCFS,1491,6353,39,319089,319128,312736,312775,312736
FCFS,3378,6353,88,319128,319216,312775,312863,312775
FCFS,6517,6354,42,319216,319258,312862,312904,312862
FCFS,2371,6354,90,319258,319348,312904,312994,312904
FCFS,2149,6356,67,319348,319415,312992,313059,312992
FCFS,5617,6358,20,319415,319435,313057,313077,313057
FCFS,3687,6358,9,319435,319444,313077,313086,313077
FCFS,979,6359,35,319444,319479,313085,313120,313085
FCFS,5173,6360,76,319479,319555,313119,313195,313119
FCFS,8707,6361,76,319555,319631,313194,313270,313194
FCFS,3699,6361,34,319631,319665,313270,313304,313270
FCFS,3208,6361,65,319665,319730,313304,313369,313304
FCFS,5847,6362,56,319730,319786,313368,313424,313368
FCFS,2673,6362,82,319786,319868,313424,313506,313424
FCFS,7300,6363,91,319868,319959,313505,313596,313505
FCFS,6475,6364,94,319959,320053,313595,313689,313595
FCFS,9806,6364,37,320053,320090,313689,313726,313689
FCFS,4874,6364,63,320090,320153,313726,313789,313726
FCFS,5218,6365,48,320153,320201,313788,313836,313788
FCFS,1600,6368,10,320201,320211,313833,313843,313833
FCFS,6754,6368,43,320211,320254,313843,313886,313843
FCFS,2659,6370,90,320254,320344,313884,313974,313884
FCFS,7461,6370,63,320344,320407,313974,314037,313974
FCFS,835,6371,81,320407,320488,314036,314117,314036
FCFS,978,6371,23,320488,320511,314117,314140,314117
FCFS,7908,6371,56,320511,320567,314140,314196,314140
FCFS,7979,6372,54,320567,320621,314195,314249,314195
FCFS,136,6374,3,320621,320624,314247,314250,314247
FCFS,777,6376,8,320624,320632,314248,314256,314248
FCFS,2802,6376,98,320632,320730,314256,314354,314256
FCFS,7204,6376,89,320730,320819,314354,314443,314354
FCFS,6603,6378,12,320819,320831,314441,314453,314441
FCFS,7065,6379,74,320831,320905,314452,314526,314452
FCFS,6296,6380,56,320905,320961,314525,314581,314525
FCFS,5648,6380,88,320961,321049,314581,314669,314581
FCFS,2276,6381,66,321049,321115,314668,314734,314668
FCFS,4302,6381,45,321115,321160,314734,314779,314734
FCFS,7720,6382,69,321160,321229,314778,314847,314778
FCFS,4879,6382,8,321229,321237,314847,314855,314847
FCFS,8208,6382,32,321237,321269,314855,314887,314855
FCFS,9142,6391,5,321269,321274,314878,314883,314878
FCFS,5788,6391,88,321274,321362,314883,314971,314883
FCFS,5046,6394,27,321362,321389,314968,314995,314968
FCFS,5221,6396,44,321389,321433,314993,315037,314993
FCFS,21,6396,55,321433,321488,315037,315092,315037
FCFS,4128,6396,41,321488,321529,315092,315133,315092
FCFS,2406,6397,58,321529,321587,315132,315190,315132
FCFS,7667,6400,53,321587,321640,315187,315240,315187
FCFS,4798,6401,1,321640,321641,315239,315240,315239
FCFS,2867,6401,38,321641,321679,315240,315278,315240
FCFS,9965,6401,79,321679,321758,315278,315357,315278
FCFS,6217,6401,33,321758,321791,315357,315390,315357
FCFS,1378,6402,92,321791,321883,315389,315481,315389
FCFS,9360,6403,36,321883,321919,315480,315516,315480
FCFS,2420,6404,50,321919,321969,315515,315565,315515
FCFS,7581,6404,89,321969,322058,315565,315654,315565
FCFS,2112,6406,2,322058,322060,315652,315654,315652
FCFS,3736,6409,70,322060,322130,315651,315721,315651
FCFS,3345,6410,90,322130,322220,315720,315810,315720
FCFS,4057,6410,25,322220,322245,315810,315835,315810
FCFS,2546,6411,7,322245,322252,315834,315841,315834
FCFS,5217,6411,15,322252,322267,315841,315856,315841
FCFS,8897,6411,3,322267,322270,315856,315859,315856
FCFS,925,6413,28,322270,322298,315857,315885,315857
FCFS,5917,6413,95,322298,322393,315885,315980,315885
FCFS,5687,6414,87,322393,322480,315979,316066,315979
FCFS,4462,6416,42,322480,322522,316064,316106,316064
FCFS,2631,6416,92,322522,322614,316106,316198,316106
FCFS,7703,6416,47,322614,322661,316198,316245,316198
FCFS,2995,6416,81,322661,322742,316245,316326,316245
FCFS,4253,6419,41,322742,322783,316323,316364,316323
FCFS,2214,6420,24,322783,322807,316363,316387,316363
FCFS,3374,6420,36,322807,322843,316387,316423,316387
FCFS,17,6420,28,322843,322871,316423,316451,316423
FCFS,3631,6426,79,322871,322950,316445,316524,316445
FCFS,9150,6429,50,322950,323000,316521,316571,316521
FCFS,5817,6429,47,323000,323047,316571,316618,316571
FCFS,5913,6430,53,323047,323100,316617,316670,316617
FCFS,2099,6430,62,323100,323162,316670,316732,316670
FCFS,1717,6430,26,323162,323188,316732,316758,316732
FCFS,9503,6431,71,323188,323259,316757,316828,316757
FCFS,3683,6432,3,323259,323262,316827,316830,316827
FCFS,9412,6435,57,323262,323319,316827,316884,316827
FCFS,6387,6437,72,323319,323391,316882,316954,316882
FCFS,9099,6437,61,323391,323452,316954,317015,316954
FCFS,72,6439,64,323452,323516,317013,317077,317013
FCFS,2866,6439,56,323516,323572,317077,317133,317077
FCFS,1901,6441,53,323572,323625,317131,317184,317131
FCFS,2322,6445,6,323625,323631,317180,317186,317180
FCFS,1525,6446,74,323631,323705,317185,317259,317185
FCFS,6072,6447,6,323705,323711,317258,317264,317258
FCFS,4813,6447,27,323711,323738,317264,317291,317264
FCFS,5147,6448,81,323738,323819,317290,317371,317290
FCFS,5722,6449,45,323819,323864,317370,317415,317370
FCFS,8607,6449,63,323864,323927,317415,317478,317415
FCFS,6337,6450,17,323927,323944,317477,317494,317477
FCFS,2625,6450,14,323944,323958,317494,317508,317494
FCFS,9610,6450,12,323958,323970,317508,317520,317508
FCFS,7578,6452,63,323970,324033,317518,317581,317518
FCFS,9153,6452,7,324033,324040,317581,317588,317581
FCFS,5414,6453,68,324040,324108,317587,317655,317587
FCFS,1036,6456,38,324108,324146,317652,317690,317652
FCFS,4027,6457,70,324146,324216,317689,317759,317689
FCFS,370,6457,63,324216,324279,317759,317822,317759
FCFS,8311,6458,64,324279,324343,317821,317885,317821
FCFS,4023,6460,71,324343,324414,317883,317954,317883
FCFS,8305,6460,98,324414,324512,317954,318052,317954
FCFS,9980,6461,95,324512,324607,318051,318146,318051
FCFS,7891,6461,5,324607,324612,318146,318151,318146
FCFS,5844,6464,42,324612,324654,318148,318190,318148
FCFS,3129,6465,74,324654,324728,318189,318263,318189
FCFS,1347,6467,50,324728,324778,318261,318311,318261
FCFS,9121,6468,25,324778,324803,318310,318335,318310
FCFS,2923,6468,36,324803,324839,318335,318371,318335
FCFS,3189,6468,86,324839,324925,318371,318457,318371
FCFS,6446,6468,8,324925,324933,318457,318465,318457
FCFS,5735,6468,61,324933,324994,318465,318526,318465
FCFS,875,6469,31,324994,325025,318525,318556,318525
FCFS,3258,6469,91,325025,325116,318556,318647,318556
FCFS,5323,6470,75,325116,325191,318646,318721,318646
FCFS,1856,6471,83,325191,325274,318720,318803,318720
FCFS,3387,6474,55,325274,325329,318800,318855,318800
FCFS,9920,6474,94,325329,325423,318855,318949,318855
FCFS,8698,6475,98,325423,325521,318948,319046,318948
FCFS,7335,6475,2,325521,325523,319046,319048,319046
FCFS,3999,6476,41,325523,325564,319047,319088,319047
FCFS,9375,6476,78,325564,325642,319088,319166,319088
FCFS,5320,6477,69,325642,325711,319165,319234,319165
FCFS,1695,6477,84,325711,325795,319234,319318,319234
FCFS,6307,6479,62,325795,325857,319316,319378,319316
FCFS,6007,6481,67,325857,325924,319376,319443,319376
FCFS,3695,6481,39,325924,325963,319443,319482,319443
FCFS,4093,6483,80,325963,326043,319480,319560,319480
FCFS,433,6484,45,326043,326088,319559,319604,319559
FCFS,5483,6487,27,326088,326115,319601,319628,319601
FCFS,2101,6488,44,326115,326159,319627,319671,319627
FCFS,1047,6490,51,326159,326210,319669,319720,319669
FCFS,2222,6493,87,326210,326297,319717,319804,319717
FCFS,786,6493,82,326297,326379,319804,319886,319804
FCFS,6197,6495,49,326379,326428,319884,319933,319884
FCFS,6313,6496,62,326428,326490,319932,319994,319932
FCFS,6698,6496,29,326490,326519,319994,320023,319994
FCFS,8197,6499,8,326519,326527,320020,320028,320020
FCFS,8320,6499,39,326527,326566,320028,320067,320028
FCFS,6102,6500,45,326566,326611,320066,320111,320066
FCFS,8719,6502,72,326611,326683,320109,320181,320109
FCFS,5130,6502,55,326683,326738,320181,320236,320181
FCFS,1456,6506,70,326738,326808,320232,320302,320232
FCFS,807,6506,87,326808,326895,320302,320389,320302
FCFS,9629,6507,38,326895,326933,320388,320426,320388
FCFS,8595,6507,37,326933,326970,320426,320463,320426
FCFS,2580,6509,56,326970,327026,320461,320517,320461
FCFS,4643,6509,69,327026,327095,320517,320586,320517
FCFS,2225,6511,62,327095,327157,320584,320646,320584
FCFS,4543,6511,51,327157,327208,320646,320697,320646
FCFS,4512,6513,15,327208,327223,320695,320710,320695
FCFS,1029,6514,93,327223,327316,320709,320802,320709
FCFS,3312,6516,66,327316,327382,320800,320866,320800
FCFS,4746,6519,90,327382,327472,320863,320953,320863
FCFS,2523,6519,45,327472,327517,320953,320998,320953
FCFS,7674,6519,63,327517,327580,320998,321061,320998
FCFS,6338,6520,66,327580,327646,321060,321126,321060
FCFS,8400,6521,48,327646,327694,321125,321173,321125
FCFS,6573,6522,51,327694,327745,321172,321223,321172
FCFS,6619,6523,93,327745,327838,321222,321315,321222
FCFS,8293,6523,82,327838,327920,321315,321397,321315
FCFS,7608,6523,15,327920,327935,321397,321412,321397
FCFS,4683,6524,8,327935,327943,321411,321419,321411
FCFS,8462,6524,84,327943,328027,321419,321503,321419
FCFS,2103,6525,64,328027,328091,321502,321566,321502
FCFS,1780,6527,52,328091,328143,321564,321616,321564
FCFS,7737,6528,48,328143,328191,321615,321663,321615
FCFS,186,6528,34,328191,328225,321663,321697,321663
FCFS,596,6530,7,328225,328232,321695,321702,321695
FCFS,2565,6530,79,328232,328311,321702,321781,321702
FCFS,4393,6531,37,328311,328348,321780,321817,321780
FCFS,8748,6533,13,328348,328361,321815,321828,321815
FCFS,7039,6533,62,328361,328423,321828,321890,321828
FCFS,5226,6533,45,328423,328468,321890,321935,321890
FCFS,3528,6534,27,328468,328495,321934,321961,321934
FCFS,6451,6537,30,328495,328525,321958,321988,321958
FCFS,3016,6538,19,328525,328544,321987,322006,321987
FCFS,6724,6539,99,328544,328643,322005,322104,322005
FCFS,9698,6539,45,328643,328688,322104,322149,322104
FCFS,4071,6539,64,328688,328752,322149,322213,322149
FCFS,1510,6540,52,328752,328804,322212,322264,322212
FCFS,541,6541,50,328804,328854,322263,322313,322263
FCFS,1873,6542,40,328854,328894,322312,322352,322312
FCFS,4840,6543,58,328894,328952,322351,322409,322351
FCFS,710,6544,27,328952,328979,322408,322435,322408
FCFS,215,6546,41,328979,329020,322433,322474,322433
FCFS,7472,6546,96,329020,329116,322474,322570,322474
FCFS,3692,6547,87,329116,329203,322569,322656,322569
FCFS,2139,6548,63,329203,329266,322655,322718,322655
FCFS,4792,6548,75,329266,329341,322718,322793,322718
FCFS,2019,6549,4,329341,329345,322792,322796,322792
FCFS,7601,6552,63,329345,329408,322793,322856,322793
FCFS,8468,6553,39,329408,329447,322855,322894,322855
FCFS,9760,6553,86,329447,329533,322894,322980,322894
FCFS,4936,6553,30,329533,329563,322980,323010,322980
FCFS,8054,6554,52,329563,329615,323009,323061,323009
FCFS,9781,6554,60,329615,329675,323061,323121,323061
FCFS,3163,6555,80,329675,329755,323120,323200,323120
FCFS,7860,6558,67,329755,329822,323197,323264,323197
FCFS,5287,6559,83,329822,329905,323263,323346,323263
FCFS,6721,6559,30,329905,329935,323346,323376,323346
FCFS,1679,6563,21,329935,329956,323372,323393,323372
FCFS,2886,6563,64,329956,330020,323393,323457,323393
FCFS,8402,6564,24,330020,330044,323456,323480,323456
FCFS,2910,6564,35,330044,330079,323480,323515,323480
FCFS,940,6565,92,330079,330171,323514,323606,323514
FCFS,2500,6566,40,330171,330211,323605,323645,323605
FCFS,7297,6566,61,330211,330272,323645,323706,323645
FCFS,6537,6567,88,330272,330360,323705,323793,323705
FCFS,5821,6568,93,330360,330453,323792,323885,323792
FCFS,1775,6570,96,330453,330549,323883,323979,323883
FCFS,1866,6570,14,330549,330563,323979,323993,323979
FCFS,6442,6571,96,330563,330659,323992,324088,323992
FCFS,7543,6571,74,330659,330733,324088,324162,324088
FCFS,9695,6572,85,330733,330818,324161,324246,324161
FCFS,1542,6573,47,330818,330865,324245,324292,324245
FCFS,8177,6574,21,330865,330886,324291,324312,324291
FCFS,2832,6574,81,330886,330967,324312,324393,324312
FCFS,6878,6575,54,330967,331021,324392,324446,324392
FCFS,8787,6576,16,331021,331037,324445,324461,324445
FCFS,5109,6578,68,331037,331105,324459,324527,324459
FCFS,2286,6579,42,331105,331147,324526,324568,324526
FCFS,3564,6579,96,331147,331243,324568,324664,324568
FCFS,2750,6581,56,331243,331299,324662,324718,324662
FCFS,8159,6581,66,331299,331365,324718,324784,324718
FCFS,4230,6582,61,331365,331426,324783,324844,324783
FCFS,5112,6582,28,331426,331454,324844,324872,324844
FCFS,2906,6583,43,331454,331497,324871,324914,324871
FCFS,173,6585,71,331497,331568,324912,324983,324912
FCFS,5948,6587,4,331568,331572,324981,324985,324981
FCFS,4341,6587,75,331572,331647,324985,325060,324985
FCFS,2484,6588,11,331647,331658,325059,325070,325059
FCFS,2822,6588,47,331658,331705,325070,325117,325070
FCFS,579,6588,57,331705,331762,325117,325174,325117
FCFS,3377,6589,16,331762,331778,325173,325189,325173
FCFS,4553,6589,84,331778,331862,325189,325273,325189
FCFS,2943,6591,13,331862,331875,325271,325284,325271
FCFS,8008,6592,35,331875,331910,325283,325318,325283
FCFS,3410,6593,57,331910,331967,325317,325374,325317
FCFS,9104,6594,92,331967,332059,325373,325465,325373
FCFS,8210,6596,79,332059,332138,325463,325542,325463
FCFS,8076,6597,45,332138,332183,325541,325586,325541
FCFS,7614,6598,8,332183,332191,325585,325593,325585
FCFS,3348,6599,32,332191,332223,325592,325624,325592
FCFS,689,6600,72,332223,332295,325623,325695,325623
FCFS,1960,6602,28,332295,332323,325693,325721,325693
FCFS,4510,6603,98,332323,332421,325720,325818,325720
FCFS,8989,6604,41,332421,332462,325817,325858,325817
FCFS,5886,6604,53,332462,332515,325858,325911,325858
FCFS,8061,6605,18,332515,332533,325910,325928,325910
FCFS,6622,6606,24,332533,332557,325927,325951,325927
FCFS,9839,6609,17,332557,332574,325948,325965,325948
FCFS,1271,6609,11,332574,332585,325965,325976,325965
FCFS,2098,6610,81,332585,332666,325975,326056,325975
FCFS,9079,6610,41,332666,332707,326056,326097,326056
FCFS,8034,6611,41,332707,332748,326096,326137,326096
FCFS,1125,6612,58,332748,332806,326136,326194,326136
FCFS,361,6614,24,332806,332830,326192,326216,326192
FCFS,7364,6614,44,332830,332874,326216,326260,326216
FCFS,3330,6614,40,332874,332914,326260,326300,326260
FCFS,3511,6614,14,332914,332928,326300,326314,326300
FCFS,4518,6615,71,332928,332999,326313,326384,326313
FCFS,232,6616,42,332999,333041,326383,326425,326383
FCFS,9217,6616,48,333041,333089,326425,326473,326425
FCFS,7379,6617,73,333089,333162,326472,326545,326472
FCFS,6406,6617,15,333162,333177,326545,326560,326545
FCFS,431,6617,62,333177,333239,326560,326622,326560
FCFS,9260,6618,37,333239,333276,326621,326658,326621
FCFS,591,6619,24,333276,333300,326657,326681,326657
FCFS,8368,6620,28,333300,333328,326680,326708,326680
FCFS,6162,6620,62,333328,333390,326708,326770,326708
FCFS,7001,6622,61,333390,333451,326768,326829,326768
FCFS,4438,6622,57,333451,333508,326829,326886,326829
FCFS,4124,6623,68,333508,333576,326885,326953,326885
FCFS,2991,6626,74,333576,333650,326950,327024,326950
FCFS,4269,6628,50,333650,333700,327022,327072,327022
FCFS,2950,6628,37,333700,333737,327072,327109,327072
FCFS,9966,6629,8,333737,333745,327108,327116,327108
FCFS,2570,6629,16,333745,333761,327116,327132,327116
FCFS,2490,6633,20,333761,333781,327128,327148,327128
FCFS,9224,6633,3,333781,333784,327148,327151,327148
FCFS,1537,6635,97,333784,333881,327149,327246,327149
FCFS,4940,6636,54,333881,333935,327245,327299,327245
FCFS,6768,6636,80,333935,334015,327299,327379,327299
FCFS,5794,6637,9,334015,334024,327378,327387,327378
FCFS,5025,6638,41,334024,334065,327386,327427,327386
FCFS,1774,6638,38,334065,334103,327427,327465,327427
FCFS,6294,6639,3,334103,334106,327464,327467,327464
FCFS,1315,6640,17,334106,334123,327466,327483,327466
FCFS,7921,6642,83,334123,334206,327481,327564,327481
FCFS,3038,6642,56,334206,334262,327564,327620,327564
FCFS,2365,6643,82,334262,334344,327619,327701,327619
FCFS,7668,6643,79,334344,334423,327701,327780,327701
FCFS,4134,6644,3,334423,334426,327779,327782,327779
FCFS,1568,6644,62,334426,334488,327782,327844,327782
FCFS,1090,6645,71,334488,334559,327843,327914,327843
FCFS,9665,6645,89,334559,334648,327914,328003,327914
FCFS,4583,6646,96,334648,334744,328002,328098,328002
FCFS,5275,6646,42,334744,334786,328098,328140,328098
FCFS,9854,6651,85,334786,334871,328135,328220,328135
FCFS,8459,6651,92,334871,334963,328220,328312,328220
FCFS,2994,6652,49,334963,335012,328311,328360,328311
FCFS,1951,6652,32,335012,335044,328360,328392,328360
FCFS,4525,6653,79,335044,335123,328391,328470,328391
FCFS,6588,6654,48,335123,335171,328469,328517,328469
FCFS,9168,6655,2,335171,335173,328516,328518,328516
FCFS,356,6655,77,335173,335250,328518,328595,328518
FCFS,1729,6656,70,335250,335320,328594,328664,328594
FCFS,7005,6657,81,335320,335401,328663,328744,328663
FCFS,6643,6658,44,335401,335445,328743,328787,328743
FCFS,2653,6659,69,335445,335514,328786,328855,328786
FCFS,5309,6663,14,335514,335528,328851,328865,328851
FCFS,6131,6665,36,335528,335564,328863,328899,328863
FCFS,439,6665,46,335564,335610,328899,328945,328899
FCFS,6105,6666,51,335610,335661,328944,328995,328944
FCFS,1249,6667,22,335661,335683,328994,329016,328994
FCFS,142,6668,94,335683,335777,329015,329109,329015
FCFS,8383,6668,64,335777,335841,329109,329173,329109
FCFS,5415,6671,50,335841,335891,329170,329220,329170
FCFS,7823,6671,52,335891,335943,329220,329272,329220
FCFS,9579,6673,8,335943,335951,329270,329278,329270
FCFS,6579,6673,41,335951,335992,329278,329319,329278
FCFS,1928,6674,87,335992,336079,329318,329405,329318
FCFS,1674,6675,86,336079,336165,329404,329490,329404
FCFS,775,6677,59,336165,336224,329488,329547,329488
FCFS,5884,6678,16,336224,336240,329546,329562,329546
FCFS,3543,6680,10,336240,336250,329560,329570,329560
FCFS,8773,6681,31,336250,336281,329569,329600,329569
FCFS,5388,6681,62,336281,336343,329600,329662,329600
FCFS,5852,6681,18,336343,336361,329662,329680,329662
FCFS,6933,6683,9,336361,336370,329678,329687,329678
FCFS,5416,6683,29,336370,336399,329687,329716,329687
FCFS,3337,6683,54,336399,336453,329716,329770,329716
FCFS,9310,6684,15,336453,336468,329769,329784,329769
FCFS,9823,6686,71,336468,336539,329782,329853,329782
FCFS,4614,6686,90,336539,336629,329853,329943,329853
FCFS,3154,6687,50,336629,336679,329942,329992,329942
FCFS,3451,6689,98,336679,336777,329990,330088,329990
FCFS,5614,6691,62,336777,336839,330086,330148,330086
FCFS,8098,6691,74,336839,336913,330148,330222,330148
FCFS,226,6694,38,336913,336951,330219,330257,330219
FCFS,7173,6694,21,336951,336972,330257,330278,330257
FCFS,8470,6694,64,336972,337036,330278,330342,330278
FCFS,3500,6696,4,337036,337040,330340,330344,330340
FCFS,8250,6696,95,337040,337135,330344,330439,330344
FCFS,6892,6697,31,337135,337166,330438,330469,330438
FCFS,8178,6697,85,337166,337251,330469,330554,330469
FCFS,2678,6701,58,337251,337309,330550,330608,330550
FCFS,6077,6701,51,337309,337360,330608,330659,330608
FCFS,6032,6704,3,337360,337363,330656,330659,330656
FCFS,1975,6704,37,337363,337400,330659,330696,330659
FCFS,7003,6704,49,337400,337449,330696,330745,330696
FCFS,1071,6704,10,337449,337459,330745,330755,330745
FCFS,9349,6704,4,337459,337463,330755,330759,330755
FCFS,3355,6707,24,337463,337487,330756,330780,330756
FCFS,3270,6708,1,337487,337488,330779,330780,330779
FCFS,325,6709,93,337488,337581,330779,330872,330779
FCFS,9008,6709,15,337581,337596,330872,330887,330872
FCFS,2554,6710,72,337596,337668,330886,330958,330886
FCFS,4282,6711,35,337668,337703,330957,330992,330957
FCFS,7054,6713,50,337703,337753,330990,331040,330990
FCFS,4721,6715,56,337753,337809,331038,331094,331038
FCFS,2773,6716,61,337809,337870,331093,331154,331093
FCFS,4098,6718,5,337870,337875,331152,331157,331152
FCFS,7090,6719,88,337875,337963,331156,331244,331156
FCFS,5170,6719,21,337963,337984,331244,331265,331244
FCFS,8665,6720,95,337984,338079,331264,331359,331264
FCFS,6917,6720,43,338079,338122,331359,331402,331359
FCFS,2060,6721,69,338122,338191,331401,331470,331401
FCFS,8551,6722,71,338191,338262,331469,331540,331469
FCFS,1112,6722,59,338262,338321,331540,331599,331540
FCFS,4707,6726,18,338321,338339,331595,331613,331595
FCFS,5911,6726,88,338339,338427,331613,331701,331613
FCFS,6228,6727,5,338427,338432,331700,331705,331700
FCFS,8195,6728,62,338432,338494,331704,331766,331704
FCFS,6372,6731,12,338494,338506,331763,331775,331763
FCFS,551,6731,82,338506,338588,331775,331857,331775
FCFS,1590,6731,13,338588,338601,331857,331870,331857
FCFS,7391,6732,47,338601,338648,331869,331916,331869
FCFS,1602,6732,6,338648,338654,331916,331922,331916
FCFS,96,6736,34,338654,338688,331918,331952,331918
FCFS,1292,6737,53,338688,338741,331951,332004,331951
FCFS,6263,6737,57,338741,338798,332004,332061,332004
FCFS,840,6738,84,338798,338882,332060,332144,332060
FCFS,5608,6738,10,338882,338892,332144,332154,332144
FCFS,9591,6739,52,338892,338944,332153,332205,332153
FCFS,6654,6743,41,338944,338985,332201,332242,332201
FCFS,2541,6744,89,338985,339074,332241,332330,332241
FCFS,8362,6745,22,339074,339096,332329,332351,332329
FCFS,6458,6747,74,339096,339170,332349,332423,332349
FCFS,9682,6747,43,339170,339213,332423,332466,332423
FCFS,5268,6748,93,339213,339306,332465,332558,332465
FCFS,2753,6748,20,339306,339326,332558,332578,332558
FCFS,475,6748,47,339326,339373,332578,332625,332578
FCFS,7231,6749,6,339373,339379,332624,332630,332624
FCFS,4427,6751,50,339379,339429,332628,332678,332628
FCFS,6473,6752,68,339429,339497,332677,332745,332677
FCFS,5063,6754,40,339497,339537,332743,332783,332743
FCFS,7832,6755,9,339537,339546,332782,332791,332782
FCFS,4932,6761,1,339546,339547,332785,332786,332785
FCFS,6670,6763,59,339547,339606,332784,332843,332784
FCFS,4730,6763,82,339606,339688,332843,332925,332843
FCFS,2633,6763,18,339688,339706,332925,332943,332925
FCFS,9067,6763,40,339706,339746,332943,332983,332943
FCFS,1966,6764,60,339746,339806,332982,333042,332982
FCFS,9296,6766,56,339806,339862,333040,333096,333040
FCFS,1215,6766,51,339862,339913,333096,333147,333096
FCFS,8633,6766,45,339913,339958,333147,333192,333147
FCFS,8555,6766,78,339958,340036,333192,333270,333192
FCFS,852,6767,91,340036,340127,333269,333360,333269
FCFS,5725,6768,82,340127,340209,333359,333441,333359
FCFS,2011,6770,31,340209,340240,333439,333470,333439
FCFS,5101,6770,50,340240,340290,333470,333520,333470
FCFS,3514,6771,39,340290,340329,333519,333558,333519
FCFS,4434,6771,2,340329,340331,333558,333560,333558
FCFS,5459,6772,84,340331,340415,333559,333643,333559
FCFS,8347,6772,52,340415,340467,333643,333695,333643
FCFS,3972,6773,16,340467,340483,333694,333710,333694
FCFS,4248,6774,87,340483,340570,333709,333796,333709
FCFS,156,6776,31,340570,340601,333794,333825,333794
FCFS,768,6777,16,340601,340617,333824,333840,333824
FCFS,8185,6777,30,340617,340647,333840,333870,333840
FCFS,7847,6777,28,340647,340675,333870,333898,333870
FCFS,1959,6780,85,340675,340760,333895,333980,333895
FCFS,9261,6780,4,340760,340764,333980,333984,333980
FCFS,4888,6781,63,340764,340827,333983,334046,333983
FCFS,6281,6782,5,340827,340832,334045,334050,334045
FCFS,4784,6782,43,340832,340875,334050,334093,334050
FCFS,1049,6783,56,340875,340931,334092,334148,334092
FCFS,6570,6784,72,340931,341003,334147,334219,334147
FCFS,4818,6785,30,341003,341033,334218,334248,334218
FCFS,8921,6786,62,341033,341095,334247,334309,334247
FCFS,1890,6787,65,341095,341160,334308,334373,334308
FCFS,2604,6788,57,341160,341217,334372,334429,334372
FCFS,7179,6789,1,341217,341218,334428,334429,334428
FCFS,2957,6789,34,341218,341252,334429,334463,334429
FCFS,8449,6791,35,341252,341287,334461,334496,334461
FCFS,4893,6792,31,341287,341318,334495,334526,334495
FCFS,7068,6792,93,341318,341411,334526,334619,334526
FCFS,2143,6793,90,341411,341501,334618,334708,334618
FCFS,8461,6794,33,341501,341534,334707,334740,334707
FCFS,7229,6794,52,341534,341586,334740,334792,334740
FCFS,6153,6795,75,341586,341661,334791,334866,334791
FCFS,2787,6796,28,341661,341689,334865,334893,334865
FCFS,4520,6797,77,341689,341766,334892,334969,334892
FCFS,4809,6799,79,341766,341845,334967,335046,334967
FCFS,390,6799,47,341845,341892,335046,335093,335046
FCFS,6838,6799,38,341892,341930,335093,335131,335093
FCFS,8020,6800,17,341930,341947,335130,335147,335130
FCFS,3985,6801,37,341947,341984,335146,335183,335146
FCFS,5780,6801,33,341984,342017,335183,335216,335183
FCFS,549,6801,57,342017,342074,335216,335273,335216
FCFS,8745,6802,66,342074,342140,335272,335338,335272
FCFS,503,6806,91,342140,342231,335334,335425,335334
FCFS,9149,6806,7,342231,342238,335425,335432,335425
FCFS,9092,6806,69,342238,342307,335432,335501,335432
FCFS,1927,6807,53,342307,342360,335500,335553,335500
FCFS,800,6809,31,342360,342391,335551,335582,335551
FCFS,1171,6809,61,342391,342452,335582,335643,335582
FCFS,6428,6811,88,342452,342540,335641,335729,335641
FCFS,3964,6811,92,342540,342632,335729,335821,335729
FCFS,8690,6811,1,342632,342633,335821,335822,335821
FCFS,1790,6812,52,342633,342685,335821,335873,335821
FCFS,2002,6813,60,342685,342745,335872,335932,335872
FCFS,3895,6815,40,342745,342785,335930,335970,335930
FCFS,2714,6816,32,342785,342817,335969,336001,335969
FCFS,9519,6818,67,342817,342884,335999,336066,335999
FCFS,633,6819,5,342884,342889,336065,336070,336065
FCFS,1209,6819,46,342889,342935,336070,336116,336070
FCFS,6340,6821,36,342935,342971,336114,336150,336114
FCFS,8987,6823,72,342971,343043,336148,336220,336148
FCFS,2527,6823,38,343043,343081,336220,336258,336220
FCFS,7151,6825,52,343081,343133,336256,336308,336256
FCFS,9728,6828,31,343133,343164,336305,336336,336305
FCFS,5088,6828,34,343164,343198,336336,336370,336336
FCFS,7340,6830,31,343198,343229,336368,336399,336368
FCFS,455,6833,56,343229,343285,336396,336452,336396
FCFS,7881,6833,76,343285,343361,336452,336528,336452
FCFS,8394,6837,87,343361,343448,336524,336611,336524
FCFS,4177,6837,64,343448,343512,336611,336675,336611
FCFS,4625,6837,55,343512,343567,336675,336730,336675
FCFS,4161,6838,31,343567,343598,336729,336760,336729
FCFS,9313,6839,19,343598,343617,336759,336778,336759
FCFS,7862,6839,12,343617,343629,336778,336790,336778
FCFS,2364,6841,90,343629,343719,336788,336878,336788
FCFS,7114,6841,42,343719,343761,336878,336920,336878
FCFS,8115,6843,12,343761,343773,336918,336930,336918
FCFS,8223,6843,21,343773,343794,336930,336951,336930
FCFS,4633,6845,21,343794,343815,336949,336970,336949
FCFS,3166,6846,52,343815,343867,336969,337021,336969
FCFS,8233,6849,92,343867,343959,337018,337110,337018
FCFS,6424,6851,91,343959,344050,337108,337199,337108
FCFS,5739,6852,32,344050,344082,337198,337230,337198
FCFS,2544,6852,74,344082,344156,337230,337304,337230
FCFS,7671,6852,61,344156,344217,337304,337365,337304
FCFS,1140,6852,63,344217,344280,337365,337428,337365
FCFS,9711,6852,61,344280,344341,337428,337489,337428
FCFS,8313,6853,95,344341,344436,337488,337583,337488
FCFS,7566,6854,63,344436,344499,337582,337645,337582
FCFS,4933,6854,27,344499,344526,337645,337672,337645
FCFS,9750,6854,47,344526,344573,337672,337719,337672
FCFS,4375,6855,40,344573,344613,337718,337758,337718
FCFS,6590,6856,81,344613,344694,337757,337838,337757
FCFS,9827,6857,31,344694,344725,337837,337868,337837
FCFS,5950,6858,11,344725,344736,337867,337878,337867
FCFS,4065,6859,74,344736,344810,337877,337951,337877
FCFS,7353,6860,79,344810,344889,337950,338029,337950
FCFS,9126,6860,73,344889,344962,338029,338102,338029
FCFS,8013,6861,50,344962,345012,338101,338151,338101
FCFS,7143,6862,93,345012,345105,338150,338243,338150
FCFS,74,6863,63,345105,345168,338242,338305,338242
FCFS,3814,6864,7,345168,345175,338304,338311,338304
FCFS,7237,6865,44,345175,345219,338310,338354,338310
FCFS,2434,6868,64,345219,345283,338351,338415,338351
FCFS,5394,6869,81,345283,345364,338414,338495,338414
FCFS,2193,6869,81,345364,345445,338495,338576,338495
FCFS,1914,6869,42,345445,345487,338576,338618,338576
FCFS,7145,6870,53,345487,345540,338617,338670,338617
FCFS,3621,6871,80,345540,345620,338669,338749,338669
FCFS,63,6873,6,345620,345626,338747,338753,338747
FCFS,7163,6875,38,345626,345664,338751,338789,338751
FCFS,6798,6878,85,345664,345749,338786,338871,338786
FCFS,718,6881,3,345749,345752,338868,338871,338868
FCFS,1405,6881,16,345752,345768,338871,338887,338871
FCFS,6777,6881,78,345768,345846,338887,338965,338887
FCFS,814,6882,15,345846,345861,338964,338979,338964
FCFS,9234,6883,24,345861,345885,338978,339002,338978
FCFS,9597,6884,79,345885,345964,339001,339080,339001
FCFS,8905,6889,93,345964,346057,339075,339168,339075
FCFS,9933,6890,29,346057,346086,339167,339196,339167
FCFS,839,6891,72,346086,346158,339195,339267,339195
FCFS,137,6892,63,346158,346221,339266,339329,339266
FCFS,2785,6892,24,346221,346245,339329,339353,339329
FCFS,284,6893,6,346245,346251,339352,339358,339352
FCFS,5389,6893,76,346251,346327,339358,339434,339358
FCFS,1885,6894,63,346327,346390,339433,339496,339433
FCFS,1692,6895,47,346390,346437,339495,339542,339495
FCFS,7812,6895,3,346437,346440,339542,339545,339542
FCFS,4967,6897,33,346440,346473,339543,339576,339543
FCFS,989,6898,96,346473,346569,339575,339671,339575
FCFS,5517,6899,68,346569,346637,339670,339738,339670
FCFS,2412,6900,36,346637,346673,339737,339773,339737
FCFS,3938,6901,99,346673,346772,339772,339871,339772
FCFS,4371,6901,76,346772,346848,339871,339947,339871
FCFS,8359,6902,82,346848,346930,339946,340028,339946
FCFS,3001,6905,23,346930,346953,340025,340048,340025
FCFS,442,6905,48,346953,347001,340048,340096,340048
FCFS,6918,6906,3,347001,347004,340095,340098,340095
FCFS,7649,6906,20,347004,347024,340098,340118,340098
FCFS,2114,6907,57,347024,347081,340117,340174,340117
FCFS,2239,6910,4,347081,347085,340171,340175,340171
FCFS,117,6910,59,347085,347144,340175,340234,340175
FCFS,5033,6911,7,347144,347151,340233,340240,340233
FCFS,8287,6912,66,347151,347217,340239,340305,340239
FCFS,5540,6915,85,347217,347302,340302,340387,340302
FCFS,3842,6915,16,347302,347318,340387,340403,340387
FCFS,1620,6917,86,347318,347404,340401,340487,340401
FCFS,3321,6919,90,347404,347494,340485,340575,340485
FCFS,3171,6919,72,347494,347566,340575,340647,340575
FCFS,9795,6922,81,347566,347647,340644,340725,340644
FCFS,6136,6923,1,347647,347648,340724,340725,340724
FCFS,1817,6924,60,347648,347708,340724,340784,340724
FCFS,5703,6924,25,347708,347733,340784,340809,340784
FCFS,1441,6924,21,347733,347754,340809,340830,340809
FCFS,4667,6928,65,347754,347819,340826,340891,340826
FCFS,2118,6928,52,347819,347871,340891,340943,340891
FCFS,1874,6936,42,347871,347913,340935,340977,340935
FCFS,783,6937,15,347913,347928,340976,340991,340976
FCFS,5890,6937,5,347928,347933,340991,340996,340991
FCFS,560,6938,85,347933,348018,340995,341080,340995
FCFS,119,6938,62,348018,348080,341080,341142,341080
FCFS,670,6938,88,348080,348168,341142,341230,341142
FCFS,9546,6939,96,348168,348264,341229,341325,341229
FCFS,4848,6940,22,348264,348286,341324,341346,341324
FCFS,723,6941,96,348286,348382,341345,341441,341345
FCFS,7999,6941,18,348382,348400,341441,341459,341441
FCFS,926,6941,91,348400,348491,341459,341550,341459
FCFS,8308,6942,41,348491,348532,341549,341590,341549
FCFS,5875,6943,59,348532,348591,341589,341648,341589
FCFS,8737,6943,1,348591,348592,341648,341649,341648
FCFS,938,6943,21,348592,348613,341649,341670,341649
FCFS,7395,6944,53,348613,348666,341669,341722,341669
FCFS,269,6944,88,348666,348754,341722,341810,341722
FCFS,6161,6947,99,348754,348853,341807,341906,341807
FCFS,5689,6947,30,348853,348883,341906,341936,341906
FCFS,7973,6948,25,348883,348908,341935,341960,341935
FCFS,13,6949,93,348908,349001,341959,342052,341959
FCFS,813,6949,48,349001,349049,342052,342100,342052
FCFS,719,6949,18,349049,349067,342100,342118,342100
FCFS,7425,6952,72,349067,349139,342115,342187,342115
FCFS,4257,6953,55,349139,349194,342186,342241,342186
FCFS,5863,6957,42,349194,349236,342237,342279,342237
FCFS,8947,6957,70,349236,349306,342279,342349,342279
FCFS,7442,6957,7,349306,349313,342349,342356,342349
FCFS,6419,6960,96,349313,349409,342353,342449,342353
FCFS,1253,6960,93,349409,349502,342449,342542,342449
FCFS,5969,6961,15,349502,349517,342541,342556,342541
FCFS,8952,6963,39,349517,349556,342554,342593,342554
FCFS,3027,6963,21,349556,349577,342593,342614,342593
FCFS,9309,6963,83,349577,349660,342614,342697,342614
FCFS,6308,6964,79,349660,349739,342696,342775,342696
FCFS,6030,6965,43,349739,349782,342774,342817,342774
FCFS,6923,6966,89,349782,349871,342816,342905,342816
FCFS,387,6966,1,349871,349872,342905,342906,342905
FCFS,7893,6967,16,349872,349888,342905,342921,342905
FCFS,3891,6968,63,349888,349951,342920,342983,342920
FCFS,669,6970,4,349951,349955,342981,342985,342981
FCFS,2561,6971,25,349955,349980,342984,343009,342984
FCFS,350,6971,31,349980,350011,343009,343040,343009
FCFS,3881,6972,27,350011,350038,343039,343066,343039
FCFS,9508,6973,54,350038,350092,343065,343119,343065
FCFS,4327,6974,83,350092,350175,343118,343201,343118
FCFS,3418,6976,6,350175,350181,343199,343205,343199
FCFS,8460,6979,12,350181,350193,343202,343214,343202
FCFS,2234,6979,61,350193,350254,343214,343275,343214
FCFS,2931,6980,18,350254,350272,343274,343292,343274
FCFS,1759,6980,31,350272,350303,343292,343323,343292
FCFS,2632,6980,58,350303,350361,343323,343381,343323
FCFS,3061,6980,77,350361,350438,343381,343458,343381
FCFS,8717,6981,77,350438,350515,343457,343534,343457
FCFS,776,6981,53,350515,350568,343534,343587,343534
FCFS,1175,6981,19,350568,350587,343587,343606,343587
FCFS,9837,6981,8,350587,350595,343606,343614,343606
FCFS,4188,6982,82,350595,350677,343613,343695,343613
FCFS,7796,6982,38,350677,350715,343695,343733,343695
FCFS,6154,6984,6,350715,350721,343731,343737,343731
FCFS,2507,6985,20,350721,350741,343736,343756,343736
FCFS,7186,6985,83,350741,350824,343756,343839,343756
FCFS,6900,6985,80,350824,350904,343839,343919,343839
FCFS,7142,6986,37,350904,350941,343918,343955,343918
FCFS,853,6986,64,350941,351005,343955,344019,343955
FCFS,887,6988,13,351005,351018,344017,344030,344017
FCFS,3667,6989,52,351018,351070,344029,344081,344029
FCFS,2897,6990,38,351070,351108,344080,344118,344080
FCFS,4433,6992,53,351108,351161,344116,344169,344116
FCFS,2837,6993,57,351161,351218,344168,344225,344168
FCFS,4538,6995,14,351218,351232,344223,344237,344223
FCFS,715,6996,60,351232,351292,344236,344296,344236
FCFS,5842,6996,94,351292,351386,344296,344390,344296
FCFS,6860,6996,19,351386,351405,344390,344409,344390
FCFS,6415,6997,57,351405,351462,344408,344465,344408
FCFS,5031,6998,5,351462,351467,344464,344469,344464
FCFS,6173,6998,66,351467,351533,344469,344535,344469
FCFS,2690,6999,57,351533,351590,344534,344591,344534
FCFS,9846,6999,66,351590,351656,344591,344657,344591
FCFS,4478,6999,96,351656,351752,344657,344753,344657
FCFS,4616,7000,96,351752,351848,344752,344848,344752
FCFS,1932,7000,57,351848,351905,344848,344905,344848
FCFS,8090,7001,93,351905,351998,344904,344997,344904
FCFS,8874,7002,6,351998,352004,344996,345002,344996
FCFS,4127,7002,45,352004,352049,345002,345047,345002
FCFS,2061,7002,45,352049,352094,345047,345092,345047
FCFS,7781,7002,44,352094,352138,345092,345136,345092
FCFS,725,7002,89,352138,352227,345136,345225,345136
FCFS,2283,7003,3,352227,352230,345224,345227,345224
FCFS,420,7004,8,352230,352238,345226,345234,345226
FCFS,1667,7005,6,352238,352244,345233,345239,345233
FCFS,3350,7006,21,352244,352265,345238,345259,345238
FCFS,5158,7008,52,352265,352317,345257,345309,345257
FCFS,1248,7009,38,352317,352355,345308,345346,345308
FCFS,1468,7009,65,352355,352420,345346,345411,345346
FCFS,1850,7010,22,352420,352442,345410,345432,345410
FCFS,6022,7011,87,352442,352529,345431,345518,345431
FCFS,6027,7011,39,352529,352568,345518,345557,345518
FCFS,3278,7011,25,352568,352593,345557,345582,345557
FCFS,8750,7012,66,352593,352659,345581,345647,345581
FCFS,7913,7013,51,352659,352710,345646,345697,345646
FCFS,1606,7014,52,352710,352762,345696,345748,345696
FCFS,5511,7016,97,352762,352859,345746,345843,345746
FCFS,3177,7016,87,352859,352946,345843,345930,345843
FCFS,9658,7022,51,352946,352997,345924,345975,345924
FCFS,292,7022,73,352997,353070,345975,346048,345975
FCFS,4691,7023,55,353070,353125,346047,346102,346047
FCFS,3879,7024,71,353125,353196,346101,346172,346101
FCFS,8473,7024,71,353196,353267,346172,346243,346172
FCFS,9630,7025,30,353267,353297,346242,346272,346242
FCFS,653,7026,3,353297,353300,346271,346274,346271
FCFS,385,7027,38,353300,353338,346273,346311,346273
FCFS,7351,7027,65,353338,353403,346311,346376,346311
FCFS,1516,7027,26,353403,353429,346376,346402,346376
FCFS,9293,7028,15,353429,353444,346401,346416,346401
FCFS,1731,7029,93,353444,353537,346415,346508,346415
FCFS,2265,7031,19,353537,353556,346506,346525,346506
FCFS,4178,7031,22,353556,353578,346525,346547,346525
FCFS,3625,7032,25,353578,353603,346546,346571,346546
FCFS,9409,7032,78,353603,353681,346571,346649,346571
FCFS,9960,7032,11,353681,353692,346649,346660,346649
FCFS,9112,7034,57,353692,353749,346658,346715,346658
FCFS,125,7035,56,353749,353805,346714,346770,346714
FCFS,5482,7036,87,353805,353892,346769,346856,346769
FCFS,8260,7036,63,353892,353955,346856,346919,346856
FCFS,4606,7036,6,353955,353961,346919,346925,346919
FCFS,5622,7037,20,353961,353981,346924,346944,346924
FCFS,46,7041,70,353981,354051,346940,347010,346940
FCFS,9467,7041,11,354051,354062,347010,347021,347010
FCFS,896,7041,71,354062,354133,347021,347092,347021
FCFS,9844,7042,62,354133,354195,347091,347153,347091
FCFS,737,7043,10,354195,354205,347152,347162,347152
FCFS,9982,7044,59,354205,354264,347161,347220,347161
FCFS,2077,7045,15,354264,354279,347219,347234,347219
FCFS,1895,7052,72,354279,354351,347227,347299,347227
FCFS,6409,7054,92,354351,354443,347297,347389,347297
FCFS,6028,7055,96,354443,354539,347388,347484,347388
FCFS,555,7056,69,354539,354608,347483,347552,347483
FCFS,1656,7057,25,354608,354633,347551,347576,347551
FCFS,1480,7059,88,354633,354721,347574,347662,347574
FCFS,6430,7060,24,354721,354745,347661,347685,347661
FCFS,8440,7060,81,354745,354826,347685,347766,347685
FCFS,9340,7062,77,354826,354903,347764,347841,347764
FCFS,1715,7062,14,354903,354917,347841,347855,347841
FCFS,8253,7062,70,354917,354987,347855,347925,347855
FCFS,7213,7064,88,354987,355075,347923,348011,347923
FCFS,2879,7064,13,355075,355088,348011,348024,348011
FCFS,8018,7065,71,355088,355159,348023,348094,348023
FCFS,6065,7067,18,355159,355177,348092,348110,348092
FCFS,1337,7069,83,355177,355260,348108,348191,348108
FCFS,8958,7069,64,355260,355324,348191,348255,348191
FCFS,2932,7069,55,355324,355379,348255,348310,348255
FCFS,4439,7069,97,355379,355476,348310,348407,348310
FCFS,3756,7071,68,355476,355544,348405,348473,348405
FCFS,6218,7072,7,355544,355551,348472,348479,348472
FCFS,388,7079,68,355551,355619,348472,348540,348472
FCFS,5462,7080,25,355619,355644,348539,348564,348539
FCFS,5345,7080,6,355644,355650,348564,348570,348564
FCFS,4052,7081,29,355650,355679,348569,348598,348569
FCFS,3909,7081,88,355679,355767,348598,348686,348598
FCFS,4154,7082,80,355767,355847,348685,348765,348685
FCFS,6361,7082,96,355847,355943,348765,348861,348765
FCFS,5393,7082,58,355943,356001,348861,348919,348861
FCFS,8677,7083,13,356001,356014,348918,348931,348918
FCFS,8342,7083,66,356014,356080,348931,348997,348931
FCFS,2202,7083,67,356080,356147,348997,349064,348997
FCFS,1150,7083,13,356147,356160,349064,349077,349064
FCFS,3054,7084,84,356160,356244,349076,349160,349076
FCFS,4194,7086,80,356244,356324,349158,349238,349158
FCFS,8410,7086,65,356324,356389,349238,349303,349238
FCFS,5595,7088,17,356389,356406,349301,349318,349301
FCFS,2195,7088,10,356406,356416,349318,349328,349318
FCFS,5628,7090,17,356416,356433,349326,349343,349326
FCFS,3210,7094,27,356433,356460,349339,349366,349339
FCFS,7503,7095,1,356460,356461,349365,349366,349365
FCFS,2628,7096,77,356461,356538,349365,349442,349365
FCFS,2498,7097,31,356538,356569,349441,349472,349441
FCFS,214,7098,50,356569,356619,349471,349521,349471
FCFS,50,7099,82,356619,356701,349520,349602,349520
FCFS,5582,7099,54,356701,356755,349602,349656,349602
FCFS,5928,7099,84,356755,356839,349656,349740,349656
FCFS,2198,7099,62,356839,356901,349740,349802,349740
FCFS,1566,7099,24,356901,356925,349802,349826,349802
FCFS,1225,7101,93,356925,357018,349824,349917,349824
FCFS,9926,7102,71,357018,357089,349916,349987,349916
FCFS,1897,7102,67,357089,357156,349987,350054,349987
FCFS,642,7102,21,357156,357177,350054,350075,350054
FCFS,5753,7104,90,357177,357267,350073,350163,350073
FCFS,7980,7105,46,357267,357313,350162,350208,350162
FCFS,3604,7106,91,357313,357404,350207,350298,350207
FCFS,4866,7108,2,357404,357406,350296,350298,350296
FCFS,7523,7111,48,357406,357454,350295,350343,350295
FCFS,1032,7112,70,357454,357524,350342,350412,350342
FCFS,1821,7114,43,357524,357567,350410,350453,350410
FCFS,625,7114,53,357567,357620,350453,350506,350453
FCFS,1728,7115,36,357620,357656,350505,350541,350505
FCFS,5381,7116,16,357656,357672,350540,350556,350540
FCFS,1851,7117,8,357672,357680,350555,350563,350555
FCFS,3911,7117,60,357680,357740,350563,350623,350563
FCFS,4453,7117,92,357740,357832,350623,350715,350623
FCFS,5892,7118,52,357832,357884,350714,350766,350714
FCFS,4714,7119,86,357884,357970,350765,350851,350765
FCFS,1268,7119,89,357970,358059,350851,350940,350851
FCFS,2020,7121,9,358059,358068,350938,350947,350938
FCFS,3222,7122,84,358068,358152,350946,351030,350946
FCFS,2006,7123,31,358152,358183,351029,351060,351029
FCFS,6167,7124,62,358183,358245,351059,351121,351059
FCFS,4334,7124,34,358245,358279,351121,351155,351121
FCFS,1281,7124,35,358279,358314,351155,351190,351155
FCFS,204,7125,36,358314,358350,351189,351225,351189
FCFS,1312,7126,87,358350,358437,351224,351311,351224
FCFS,9550,7126,84,358437,358521,351311,351395,351311
FCFS,5965,7127,39,358521,358560,351394,351433,351394
FCFS,2261,7128,13,358560,358573,351432,351445,351432
FCFS,7117,7129,40,358573,358613,351444,351484,351444
FCFS,4226,7129,97,358613,358710,351484,351581,351484
FCFS,9764,7130,71,358710,358781,351580,351651,351580
FCFS,5087,7130,5,358781,358786,351651,351656,351651
FCFS,6889,7131,72,358786,358858,351655,351727,351655
FCFS,2579,7133,2,358858,358860,351725,351727,351725
FCFS,7365,7135,39,358860,358899,351725,351764,351725
FCFS,4928,7135,12,358899,358911,351764,351776,351764
FCFS,2082,7137,67,358911,358978,351774,351841,351774
FCFS,1306,7138,70,358978,359048,351840,351910,351840
FCFS,8017,7140,45,359048,359093,351908,351953,351908
FCFS,684,7140,31,359093,359124,351953,351984,351953
FCFS,1180,7141,37,359124,359161,351983,352020,351983
FCFS,7056,7141,91,359161,359252,352020,352111,352020
FCFS,4825,7143,45,359252,359297,352109,352154,352109
FCFS,9671,7145,39,359297,359336,352152,352191,352152
FCFS,8505,7146,48,359336,359384,352190,352238,352190
FCFS,1004,7147,88,359384,359472,352237,352325,352237
FCFS,5018,7148,3,359472,359475,352324,352327,352324
FCFS,7423,7151,44,359475,359519,352324,352368,352324
FCFS,2967,7151,79,359519,359598,352368,352447,352368
FCFS,1881,7151,43,359598,359641,352447,352490,352447
FCFS,2100,7154,13,359641,359654,352487,352500,352487
FCFS,2706,7155,30,359654,359684,352499,352529,352499
FCFS,2739,7156,30,359684,359714,352528,352558,352528
FCFS,9595,7156,61,359714,359775,352558,352619,352558
FCFS,243,7158,91,359775,359866,352617,352708,352617
FCFS,6664,7160,79,359866,359945,352706,352785,352706
FCFS,3394,7160,69,359945,360014,352785,352854,352785
FCFS,3181,7161,33,360014,360047,352853,352886,352853
FCFS,5992,7162,38,360047,360085,352885,352923,352885
FCFS,3710,7162,31,360085,360116,352923,352954,352923
FCFS,6224,7164,36,360116,360152,352952,352988,352952
FCFS,490,7164,90,360152,360242,352988,353078,352988
FCFS,5468,7164,57,360242,360299,353078,353135,353078
FCFS,2273,7165,64,360299,360363,353134,353198,353134
FCFS,3028,7166,40,360363,360403,353197,353237,353197
FCFS,2573,7167,51,360403,360454,353236,353287,353236
FCFS,7308,7169,3,360454,360457,353285,353288,353285
FCFS,6956,7169,93,360457,360550,353288,353381,353288
FCFS,6791,7170,41,360550,360591,353380,353421,353380
FCFS,3257,7170,92,360591,360683,353421,353513,353421
FCFS,9644,7171,7,360683,360690,353512,353519,353512
FCFS,8450,7171,41,360690,360731,353519,353560,353519
FCFS,7661,7173,29,360731,360760,353558,353587,353558
FCFS,7756,7174,7,360760,360767,353586,353593,353586
FCFS,1785,7175,81,360767,360848,353592,353673,353592
FCFS,4225,7175,68,360848,360916,353673,353741,353673
FCFS,2184,7177,55,360916,360971,353739,353794,353739
FCFS,3916,7178,48,360971,361019,353793,353841,353793
FCFS,2086,7179,77,361019,361096,353840,353917,353840
FCFS,1643,7179,33,361096,361129,353917,353950,353917
FCFS,2726,7183,1,361129,361130,353946,353947,353946
FCFS,2584,7183,5,361130,361135,353947,353952,353947
FCFS,1178,7184,95,361135,361230,353951,354046,353951
FCFS,4344,7185,96,361230,361326,354045,354141,354045
FCFS,1086,7186,63,361326,361389,354140,354203,354140
FCFS,3398,7186,38,361389,361427,354203,354241,354203
FCFS,516,7186,34,361427,361461,354241,354275,354241
FCFS,8534,7187,95,361461,361556,354274,354369,354274
FCFS,9204,7188,12,361556,361568,354368,354380,354368
FCFS,5001,7189,1,361568,361569,354379,354380,354379
FCFS,3153,7190,23,361569,361592,354379,354402,354379
FCFS,683,7190,53,361592,361645,354402,354455,354402
FCFS,8570,7190,19,361645,361664,354455,354474,354455
FCFS,9288,7192,38,361664,361702,354472,354510,354472
FCFS,4563,7192,75,361702,361777,354510,354585,354510
FCFS,5494,7192,98,361777,361875,354585,354683,354585
FCFS,9862,7192,61,361875,361936,354683,354744,354683
FCFS,531,7192,59,361936,361995,354744,354803,354744
FCFS,2530,7193,5,361995,362000,354802,354807,354802
FCFS,6577,7194,74,362000,362074,354806,354880,354806
FCFS,8664,7195,61,362074,362135,354879,354940,354879
FCFS,1014,7196,80,362135,362215,354939,355019,354939
FCFS,3693,7196,91,362215,362306,355019,355110,355019
FCFS,5406,7204,57,362306,362363,355102,355159,355102
FCFS,9301,7205,24,362363,362387,355158,355182,355158
FCFS,3885,7206,84,362387,362471,355181,355265,355181
FCFS,6790,7206,69,362471,362540,355265,355334,355265
FCFS,4979,7206,26,362540,362566,355334,355360,355334
FCFS,342,7206,18,362566,362584,355360,355378,355360
FCFS,1328,7206,23,362584,362607,355378,355401,355378
FCFS,84,7208,12,362607,362619,355399,355411,355399
FCFS,5499,7209,23,362619,362642,355410,355433,355410
FCFS,9184,7209,88,362642,362730,355433,355521,355433
FCFS,6808,7210,32,362730,362762,355520,355552,355520
FCFS,5228,7211,96,362762,362858,355551,355647,355551
FCFS,6425,7211,18,362858,362876,355647,355665,355647
FCFS,4235,7212,88,362876,362964,355664,355752,355664
FCFS,7874,7213,42,362964,363006,355751,355793,355751
FCFS,3549,7214,29,363006,363035,355792,355821,355792
FCFS,1382,7214,10,363035,363045,355821,355831,355821
FCFS,105,7215,79,363045,363124,355830,355909,355830
FCFS,6017,7216,27,363124,363151,355908,355935,355908
FCFS,9702,7218,7,363151,363158,355933,355940,355933
FCFS,1113,7218,47,363158,363205,355940,355987,355940
FCFS,8576,7219,23,363205,363228,355986,356009,355986
FCFS,1109,7221,75,363228,363303,356007,356082,356007
FCFS,6863,7225,29,363303,363332,356078,356107,356078
FCFS,7009,7226,38,363332,363370,356106,356144,356106
FCFS,4200,7226,7,363370,363377,356144,356151,356144
FCFS,8500,7226,5,363377,363382,356151,356156,356151
FCFS,3169,7226,38,363382,363420,356156,356194,356156
FCFS,9039,7226,83,363420,363503,356194,356277,356194
FCFS,1930,7227,89,363503,363592,356276,356365,356276
FCFS,2703,7230,38,363592,363630,356362,356400,356362
FCFS,1841,7232,55,363630,363685,356398,356453,356398
FCFS,8289,7232,27,363685,363712,356453,356480,356453
FCFS,8046,7233,82,363712,363794,356479,356561,356479
FCFS,9077,7234,1,363794,363795,356560,356561,356560
FCFS,5360,7235,31,363795,363826,356560,356591,356560
FCFS,5736,7236,1,363826,363827,356590,356591,356590
FCFS,3668,7236,29,363827,363856,356591,356620,356591
FCFS,5510,7237,77,363856,363933,356619,356696,356619
FCFS,9836,7238,7,363933,363940,356695,356702,356695
FCFS,699,7239,53,363940,363993,356701,356754,356701
FCFS,2553,7239,82,363993,364075,356754,356836,356754
FCFS,4972,7240,8,364075,364083,356835,356843,356835
FCFS,3815,7240,17,364083,364100,356843,356860,356843
FCFS,782,7240,29,364100,364129,356860,356889,356860
FCFS,3156,7241,43,364129,364172,356888,356931,356888
FCFS,552,7241,99,364172,364271,356931,357030,356931
FCFS,6328,7242,89,364271,364360,357029,357118,357029
FCFS,4382,7243,69,364360,364429,357117,357186,357117
FCFS,5104,7244,32,364429,364461,357185,357217,357185
FCFS,7978,7244,47,364461,364508,357217,357264,357217
FCFS,688,7245,10,364508,364518,357263,357273,357263
FCFS,7701,7246,79,364518,364597,357272,357351,357272
FCFS,5998,7246,75,364597,364672,357351,357426,357351
FCFS,9180,7249,84,364672,364756,357423,357507,357423
FCFS,8485,7251,9,364756,364765,357505,357514,357505
FCFS,426,7253,78,364765,364843,357512,357590,357512
FCFS,9814,7255,9,364843,364852,357588,357597,357588
FCFS,3641,7256,26,364852,364878,357596,357622,357596
FCFS,5457,7257,9,364878,364887,357621,357630,357621
FCFS,6385,7257,66,364887,364953,357630,357696,357630
FCFS,8052,7258,59,364953,365012,357695,357754,357695
FCFS,7593,7259,83,365012,365095,357753,357836,357753
FCFS,3968,7260,33,365095,365128,357835,357868,357835
FCFS,3643,7262,40,365128,365168,357866,357906,357866
FCFS,9294,7262,90,365168,365258,357906,357996,357906
FCFS,7527,7262,32,365258,365290,357996,358028,357996
FCFS,3575,7263,51,365290,365341,358027,358078,358027
FCFS,4751,7263,55,365341,365396,358078,358133,358078
FCFS,2536,7264,73,365396,365469,358132,358205,358132
FCFS,5891,7264,10,365469,365479,358205,358215,358205
FCFS,7064,7265,7,365479,365486,358214,358221,358214
FCFS,5708,7265,79,365486,365565,358221,358300,358221
FCFS,1509,7266,46,365565,365611,358299,358345,358299
FCFS,674,7266,45,365611,365656,358345,358390,358345
FCFS,529,7266,74,365656,365730,358390,358464,358390
FCFS,3031,7269,2,365730,365732,358461,358463,358461
FCFS,5086,7269,86,365732,365818,358463,358549,358463
FCFS,1,7270,89,365818,365907,358548,358637,358548
FCFS,7664,7271,66,365907,365973,358636,358702,358636
FCFS,9880,7272,34,365973,366007,358701,358735,358701
FCFS,1374,7274,54,366007,366061,358733,358787,358733
FCFS,4567,7279,97,366061,366158,358782,358879,358782
FCFS,177,7280,73,366158,366231,358878,358951,358878
FCFS,7898,7280,72,366231,366303,358951,359023,358951
FCFS,7710,7280,23,366303,366326,359023,359046,359023
FCFS,7036,7281,34,366326,366360,359045,359079,359045
FCFS,9189,7282,44,366360,366404,359078,359122,359078
FCFS,7138,7282,1,366404,366405,359122,359123,359122
FCFS,4480,7282,5,366405,366410,359123,359128,359123
FCFS,1912,7285,48,366410,366458,359125,359173,359125
FCFS,1394,7287,46,366458,366504,359171,359217,359171
FCFS,9143,7287,15,366504,366519,359217,359232,359217
FCFS,6141,7288,39,366519,366558,359231,359270,359231
FCFS,3656,7291,62,366558,366620,359267,359329,359267
FCFS,4021,7291,49,366620,366669,359329,359378,359329
FCFS,1411,7291,63,366669,366732,359378,359441,359378
FCFS,8089,7292,70,366732,366802,359440,359510,359440
FCFS,1639,7294,44,366802,366846,359508,359552,359508
FCFS,3768,7294,2,366846,366848,359552,359554,359552
FCFS,3100,7295,83,366848,366931,359553,359636,359553
FCFS,2304,7295,7,366931,366938,359636,359643,359636
FCFS,3848,7296,76,366938,367014,359642,359718,359642
FCFS,8318,7297,10,367014,367024,359717,359727,359717
FCFS,5573,7297,32,367024,367056,359727,359759,359727
FCFS,5757,7299,49,367056,367105,359757,359806,359757
FCFS,4539,7299,46,367105,367151,359806,359852,359806
FCFS,3750,7304,44,367151,367195,359847,359891,359847
FCFS,9113,7309,1,367195,367196,359886,359887,359886
FCFS,8486,7310,3,367196,367199,359886,359889,359886
FCFS,6303,7311,1,367199,367200,359888,359889,359888
FCFS,1085,7311,19,367200,367219,359889,359908,359889
FCFS,1886,7311,49,367219,367268,359908,359957,359908
FCFS,643,7312,70,367268,367338,359956,360026,359956
FCFS,1390,7312,18,367338,367356,360026,360044,360026
FCFS,8791,7313,66,367356,367422,360043,360109,360043
FCFS,9657,7313,40,367422,367462,360109,360149,360109
FCFS,6783,7314,31,367462,367493,360148,360179,360148
FCFS,1436,7314,5,367493,367498,360179,360184,360179
FCFS,7635,7314,15,367498,367513,360184,360199,360184
FCFS,6268,7318,76,367513,367589,360195,360271,360195
FCFS,8371,7320,84,367589,367673,360269,360353,360269
FCFS,8023,7320,77,367673,367750,360353,360430,360353
FCFS,2351,7321,71,367750,367821,360429,360500,360429
FCFS,6101,7322,46,367821,367867,360499,360545,360499
FCFS,4209,7323,99,367867,367966,360544,360643,360544
FCFS,5825,7325,62,367966,368028,360641,360703,360641
FCFS,8490,7325,48,368028,368076,360703,360751,360703
FCFS,977,7326,8,368076,368084,360750,360758,360750
FCFS,1946,7327,71,368084,368155,360757,360828,360757
FCFS,6045,7328,52,368155,368207,360827,360879,360827
FCFS,5862,7329,90,368207,368297,360878,360968,360878
FCFS,7101,7329,66,368297,368363,360968,361034,360968
FCFS,2591,7329,32,368363,368395,361034,361066,361034
FCFS,544,7330,71,368395,368466,361065,361136,361065
FCFS,3751,7331,81,368466,368547,361135,361216,361135
FCFS,4688,7331,30,368547,368577,361216,361246,361216
FCFS,8167,7332,90,368577,368667,361245,361335,361245
FCFS,6376,7334,99,368667,368766,361333,361432,361333
FCFS,6470,7338,87,368766,368853,361428,361515,361428
FCFS,9095,7338,83,368853,368936,361515,361598,361515
FCFS,7045,7339,19,368936,368955,361597,361616,361597
FCFS,301,7339,70,368955,369025,361616,361686,361616
FCFS,2201,7340,6,369025,369031,361685,361691,361685
FCFS,2085,7340,43,369031,369074,361691,361734,361691
FCFS,9596,7342,16,369074,369090,361732,361748,361732
FCFS,341,7343,72,369090,369162,361747,361819,361747
FCFS,2487,7345,96,369162,369258,361817,361913,361817
FCFS,9015,7345,92,369258,369350,361913,362005,361913
FCFS,8924,7345,45,369350,369395,362005,362050,362005
FCFS,5193,7345,39,369395,369434,362050,362089,362050
FCFS,4580,7347,57,369434,369491,362087,362144,362087
FCFS,6204,7347,7,369491,369498,362144,362151,362144
FCFS,4845,7347,79,369498,369577,362151,362230,362151
FCFS,5496,7349,4,369577,369581,362228,362232,362228
FCFS,755,7350,12,369581,369593,362231,362243,362231
FCFS,1773,7351,37,369593,369630,362242,362279,362242
FCFS,3546,7352,98,369630,369728,362278,362376,362278
FCFS,3841,7352,57,369728,369785,362376,362433,362376
FCFS,2308,7353,23,369785,369808,362432,362455,362432
FCFS,5205,7354,37,369808,369845,362454,362491,362454
FCFS,3128,7355,39,369845,369884,362490,362529,362490
FCFS,4298,7357,6,369884,369890,362527,362533,362527
FCFS,504,7357,44,369890,369934,362533,362577,362533
FCFS,2657,7358,80,369934,370014,362576,362656,362576
FCFS,9786,7358,50,370014,370064,362656,362706,362656
FCFS,3572,7361,56,370064,370120,362703,362759,362703
FCFS,4941,7362,37,370120,370157,362758,362795,362758
FCFS,9333,7364,31,370157,370188,362793,362824,362793
FCFS,3577,7365,90,370188,370278,362823,362913,362823
FCFS,5945,7366,73,370278,370351,362912,362985,362912
FCFS,6591,7367,35,370351,370386,362984,363019,362984
FCFS,6036,7367,81,370386,370467,363019,363100,363019
FCFS,1166,7368,14,370467,370481,363099,363113,363099
FCFS,9350,7368,43,370481,370524,363113,363156,363113
FCFS,2741,7368,45,370524,370569,363156,363201,363156
FCFS,5214,7370,62,370569,370631,363199,363261,363199
FCFS,9017,7370,86,370631,370717,363261,363347,363261
FCFS,6601,7371,69,370717,370786,363346,363415,363346
FCFS,5080,7371,98,370786,370884,363415,363513,363415
FCFS,9653,7372,30,370884,370914,363512,363542,363512
FCFS,8999,7372,20,370914,370934,363542,363562,363542
FCFS,2064,7373,69,370934,371003,363561,363630,363561
FCFS,7571,7373,52,371003,371055,363630,363682,363630
FCFS,2669,7374,56,371055,371111,363681,363737,363681
FCFS,3960,7374,10,371111,371121,363737,363747,363737
FCFS,5929,7376,29,371121,371150,363745,363774,363745
FCFS,8669,7377,71,371150,371221,363773,363844,363773
FCFS,8215,7378,20,371221,371241,363843,363863,363843
FCFS,6566,7378,65,371241,371306,363863,363928,363863
FCFS,2341,7378,70,371306,371376,363928,363998,363928
FCFS,9761,7378,72,371376,371448,363998,364070,363998
FCFS,8772,7378,16,371448,371464,364070,364086,364070
FCFS,7896,7379,7,371464,371471,364085,364092,364085
FCFS,2151,7380,18,371471,371489,364091,364109,364091
FCFS,4793,7381,81,371489,371570,364108,364189,364108
FCFS,5149,7382,36,371570,371606,364188,364224,364188
FCFS,4240,7382,19,371606,371625,364224,364243,364224
FCFS,5947,7382,60,371625,371685,364243,364303,364243
FCFS,8325,7382,62,371685,371747,364303,364365,364303
FCFS,4657,7384,40,371747,371787,364363,364403,364363
FCFS,9444,7385,71,371787,371858,364402,364473,364402
FCFS,7412,7385,64,371858,371922,364473,364537,364473
FCFS,115,7385,32,371922,371954,364537,364569,364537
FCFS,9642,7388,55,371954,372009,364566,364621,364566
FCFS,5634,7389,97,372009,372106,364620,364717,364620
FCFS,4207,7389,83,372106,372189,364717,364800,364717
FCFS,441,7390,8,372189,372197,364799,364807,364799
FCFS,4926,7392,22,372197,372219,364805,364827,364805
FCFS,185,7392,97,372219,372316,364827,364924,364827
FCFS,154,7392,8,372316,372324,364924,364932,364924
FCFS,6220,7393,14,372324,372338,364931,364945,364931
FCFS,9098,7394,26,372338,372364,364944,364970,364944
FCFS,6500,7394,87,372364,372451,364970,365057,364970
FCFS,2169,7394,12,372451,372463,365057,365069,365057
FCFS,3316,7395,82,372463,372545,365068,365150,365068
FCFS,5238,7396,36,372545,372581,365149,365185,365149
FCFS,9094,7396,61,372581,372642,365185,365246,365185
FCFS,7017,7396,21,372642,372663,365246,365267,365246
FCFS,6832,7397,37,372663,372700,365266,365303,365266
FCFS,1981,7397,34,372700,372734,365303,365337,365303
FCFS,3142,7398,18,372734,372752,365336,365354,365336
FCFS,6653,7398,16,372752,372768,365354,365370,365354
FCFS,7259,7399,18,372768,372786,365369,365387,365369
FCFS,9396,7399,44,372786,372830,365387,365431,365387
FCFS,9091,7400,46,372830,372876,365430,365476,365430
FCFS,518,7400,88,372876,372964,365476,365564,365476
FCFS,244,7400,58,372964,373022,365564,365622,365564
FCFS,415,7404,1,373022,373023,365618,365619,365618
FCFS,4062,7404,84,373023,373107,365619,365703,365619
FCFS,6744,7406,43,373107,373150,365701,365744,365701
FCFS,8794,7407,28,373150,373178,365743,365771,365743
FCFS,130,7408,54,373178,373232,365770,365824,365770
FCFS,4578,7409,24,373232,373256,365823,365847,365823
FCFS,660,7409,23,373256,373279,365847,365870,365847
FCFS,4491,7411,95,373279,373374,365868,365963,365868
FCFS,9585,7412,48,373374,373422,365962,366010,365962
FCFS,8508,7413,34,373422,373456,366009,366043,366009
FCFS,3513,7415,59,373456,373515,366041,366100,366041
FCFS,4777,7415,9,373515,373524,366100,366109,366100
FCFS,9803,7416,57,373524,373581,366108,366165,366108
FCFS,2672,7418,28,373581,373609,366163,366191,366163
FCFS,661,7418,34,373609,373643,366191,366225,366191
FCFS,576,7419,43,373643,373686,366224,366267,366224
FCFS,6628,7419,10,373686,373696,366267,366277,366267
FCFS,8114,7420,33,373696,373729,366276,366309,366276
FCFS,7740,7420,99,373729,373828,366309,366408,366309
FCFS,1953,7421,13,373828,373841,366407,366420,366407
FCFS,435,7421,25,373841,373866,366420,366445,366420
FCFS,6368,7422,87,373866,373953,366444,366531,366444
FCFS,7315,7422,33,373953,373986,366531,366564,366531
FCFS,9609,7423,50,373986,374036,366563,366613,366563
FCFS,3484,7423,26,374036,374062,366613,366639,366613
FCFS,1529,7424,95,374062,374157,366638,366733,366638
FCFS,1987,7426,13,374157,374170,366731,366744,366731
FCFS,4189,7427,18,374170,374188,366743,366761,366743
FCFS,3107,7427,66,374188,374254,366761,366827,366761
FCFS,2770,7429,84,374254,374338,366825,366909,366825
FCFS,3256,7430,94,374338,374432,366908,367002,366908
FCFS,4249,7431,52,374432,374484,367001,367053,367001
FCFS,3446,7432,5,374484,374489,367052,367057,367052
FCFS,8867,7432,11,374489,374500,367057,367068,367057
FCFS,6033,7433,46,374500,374546,367067,367113,367067
FCFS,8685,7433,43,374546,374589,367113,367156,367113
FCFS,6694,7435,25,374589,374614,367154,367179,367154
FCFS,8727,7436,24,374614,374638,367178,367202,367178
FCFS,1493,7437,32,374638,374670,367201,367233,367201
FCFS,5675,7437,91,374670,374761,367233,367324,367233
FCFS,5727,7440,24,374761,374785,367321,367345,367321
FCFS,9953,7441,96,374785,374881,367344,367440,367344
FCFS,5747,7445,88,374881,374969,367436,367524,367436
FCFS,4409,7446,62,374969,375031,367523,367585,367523
FCFS,8616,7446,59,375031,375090,367585,367644,367585
FCFS,2009,7446,81,375090,375171,367644,367725,367644
FCFS,2880,7446,87,375171,375258,367725,367812,367725
FCFS,7371,7447,72,375258,375330,367811,367883,367811
FCFS,6352,7448,39,375330,375369,367882,367921,367882
FCFS,666,7449,83,375369,375452,367920,368003,367920
FCFS,7548,7450,86,375452,375538,368002,368088,368002
FCFS,5759,7450,44,375538,375582,368088,368132,368088
FCFS,2190,7451,22,375582,375604,368131,368153,368131
FCFS,4985,7452,46,375604,375650,368152,368198,368152
FCFS,5039,7454,68,375650,375718,368196,368264,368196
FCFS,331,7455,82,375718,375800,368263,368345,368263
FCFS,7070,7456,51,375800,375851,368344,368395,368344
FCFS,7590,7460,54,375851,375905,368391,368445,368391
FCFS,2883,7461,22,375905,375927,368444,368466,368444
FCFS,2423,7462,69,375927,375996,368465,368534,368465
FCFS,8661,7464,43,375996,376039,368532,368575,368532
FCFS,5803,7465,7,376039,376046,368574,368581,368574
FCFS,5550,7465,56,376046,376102,368581,368637,368581
FCFS,6441,7467,41,376102,376143,368635,368676,368635
FCFS,2747,7468,12,376143,376155,368675,368687,368675
FCFS,3344,7468,60,376155,376215,368687,368747,368687
FCFS,4914,7469,50,376215,376265,368746,368796,368746
FCFS,3490,7470,35,376265,376300,368795,368830,368795
FCFS,3085,7470,52,376300,376352,368830,368882,368830
FCFS,1770,7473,17,376352,376369,368879,368896,368879
FCFS,4857,7478,9,376369,376378,368891,368900,368891
FCFS,7376,7478,9,376378,376387,368900,368909,368900
FCFS,1219,7479,13,376387,376400,368908,368921,368908
FCFS,3267,7480,91,376400,376491,368920,369011,368920
FCFS,3150,7480,85,376491,376576,369011,369096,369011
FCFS,5912,7481,49,376576,376625,369095,369144,369095
FCFS,7446,7482,49,376625,376674,369143,369192,369143
FCFS,4765,7483,45,376674,376719,369191,369236,369191
FCFS,636,7483,80,376719,376799,369236,369316,369236
FCFS,4075,7485,1,376799,376800,369314,369315,369314
FCFS,9602,7485,32,376800,376832,369315,369347,369315
FCFS,1364,7486,30,376832,376862,369346,369376,369346
FCFS,6079,7489,99,376862,376961,369373,369472,369373
FCFS,864,7489,72,376961,377033,369472,369544,369472
FCFS,1401,7490,64,377033,377097,369543,369607,369543
FCFS,7680,7490,65,377097,377162,369607,369672,369607
FCFS,1483,7491,19,377162,377181,369671,369690,369671
FCFS,7369,7492,90,377181,377271,369689,369779,369689
FCFS,5072,7493,41,377271,377312,369778,369819,369778
FCFS,571,7494,21,377312,377333,369818,369839,369818
FCFS,4939,7498,61,377333,377394,369835,369896,369835
FCFS,9401,7498,20,377394,377414,369896,369916,369896
FCFS,5321,7500,64,377414,377478,369914,369978,369914
FCFS,6997,7503,29,377478,377507,369975,370004,369975
FCFS,4675,7504,16,377507,377523,370003,370019,370003
FCFS,2226,7504,10,377523,377533,370019,370029,370019
FCFS,5991,7505,14,377533,377547,370028,370042,370028
FCFS,9886,7507,45,377547,377592,370040,370085,370040
FCFS,371,7509,69,377592,377661,370083,370152,370083
FCFS,5745,7509,91,377661,377752,370152,370243,370152
FCFS,1357,7511,81,377752,377833,370241,370322,370241
FCFS,9932,7512,68,377833,377901,370321,370389,370321
FCFS,44,7513,31,377901,377932,370388,370419,370388
FCFS,3727,7519,98,377932,378030,370413,370511,370413
FCFS,1791,7519,18,378030,378048,370511,370529,370511
FCFS,7957,7520,79,378048,378127,370528,370607,370528
FCFS,2496,7521,19,378127,378146,370606,370625,370606
FCFS,4303,7522,42,378146,378188,370624,370666,370624
FCFS,8610,7522,87,378188,378275,370666,370753,370666
FCFS,8848,7523,63,378275,378338,370752,370815,370752
FCFS,6756,7525,38,378338,378376,370813,370851,370813
FCFS,7389,7526,15,378376,378391,370850,370865,370850
FCFS,159,7526,12,378391,378403,370865,370877,370865
FCFS,2275,7527,79,378403,378482,370876,370955,370876
FCFS,7271,7529,48,378482,378530,370953,371001,370953
FCFS,5079,7531,63,378530,378593,370999,371062,370999
FCFS,4568,7531,48,378593,378641,371062,371110,371062
FCFS,2429,7531,60,378641,378701,371110,371170,371110
FCFS,6871,7532,53,378701,378754,371169,371222,371169
FCFS,5546,7533,77,378754,378831,371221,371298,371221
FCFS,3086,7537,88,378831,378919,371294,371382,371294
FCFS,4490,7538,17,378919,378936,371381,371398,371381
FCFS,4295,7542,7,378936,378943,371394,371401,371394
FCFS,487,7543,59,378943,379002,371400,371459,371400
FCFS,5994,7543,63,379002,379065,371459,371522,371459
FCFS,2859,7544,72,379065,379137,371521,371593,371521
FCFS,2334,7544,91,379137,379228,371593,371684,371593
FCFS,2609,7544,26,379228,379254,371684,371710,371684
FCFS,4550,7545,68,379254,379322,371709,371777,371709
FCFS,930,7546,36,379322,379358,371776,371812,371776
FCFS,3126,7547,40,379358,379398,371811,371851,371811
FCFS,2526,7548,84,379398,379482,371850,371934,371850
FCFS,7817,7548,38,379482,379520,371934,371972,371934
FCFS,9770,7548,5,379520,379525,371972,371977,371972
FCFS,4723,7549,93,379525,379618,371976,372069,371976
FCFS,3852,7552,59,379618,379677,372066,372125,372066
FCFS,176,7554,93,379677,379770,372123,372216,372123
FCFS,57,7555,29,379770,379799,372215,372244,372215
FCFS,3375,7557,64,379799,379863,372242,372306,372242
FCFS,6181,7557,65,379863,379928,372306,372371,372306
FCFS,340,7560,39,379928,379967,372368,372407,372368
FCFS,405,7560,96,379967,380063,372407,372503,372407
FCFS,831,7561,2,380063,380065,372502,372504,372502
FCFS,1454,7561,68,380065,380133,372504,372572,372504
FCFS,1318,7564,97,380133,380230,372569,372666,372569
FCFS,4671,7566,10,380230,380240,372664,372674,372664
FCFS,2665,7568,48,380240,380288,372672,372720,372672
FCFS,2255,7569,24,380288,380312,372719,372743,372719
FCFS,769,7570,10,380312,380322,372742,372752,372742
FCFS,3149,7570,53,380322,380375,372752,372805,372752
FCFS,6456,7572,23,380375,380398,372803,372826,372803
FCFS,8961,7573,82,380398,380480,372825,372907,372825
FCFS,7814,7574,37,380480,380517,372906,372943,372906
FCFS,2039,7574,9,380517,380526,372943,372952,372943
FCFS,135,7574,37,380526,380563,372952,372989,372952
FCFS,629,7575,7,380563,380570,372988,372995,372988
FCFS,600,7576,52,380570,380622,372994,373046,372994
FCFS,932,7577,25,380622,380647,373045,373070,373045
FCFS,4369,7579,21,380647,380668,373068,373089,373068
FCFS,8370,7581,74,380668,380742,373087,373161,373087
FCFS,8389,7586,51,380742,380793,373156,373207,373156
FCFS,488,7587,93,380793,380886,373206,373299,373206
FCFS,4286,7587,61,380886,380947,373299,373360,373299
FCFS,8379,7593,17,380947,380964,373354,373371,373354
FCFS,3419,7594,41,380964,381005,373370,373411,373370
FCFS,7768,7595,75,381005,381080,373410,373485,373410
FCFS,1778,7595,25,381080,381105,373485,373510,373485
FCFS,2941,7597,86,381105,381191,373508,373594,373508
FCFS,8670,7598,96,381191,381287,373593,373689,373593
FCFS,8893,7600,36,381287,381323,373687,373723,373687
FCFS,5569,7601,32,381323,381355,373722,373754,373722
FCFS,5804,7602,26,381355,381381,373753,373779,373753
FCFS,5068,7604,29,381381,381410,373777,373806,373777
FCFS,2333,7604,44,381410,381454,373806,373850,373806
FCFS,4220,7605,88,381454,381542,373849,373937,373849
FCFS,3357,7605,2,381542,381544,373937,373939,373937
FCFS,7873,7605,91,381544,381635,373939,374030,373939
FCFS,5395,7607,1,381635,381636,374028,374029,374028
FCFS,5834,7607,34,381636,381670,374029,374063,374029
FCFS,9811,7607,98,381670,381768,374063,374161,374063
FCFS,4144,7609,15,381768,381783,374159,374174,374159
FCFS,3806,7610,78,381783,381861,374173,374251,374173
FCFS,7219,7610,31,381861,381892,374251,374282,374251
FCFS,2916,7611,77,381892,381969,374281,374358,374281
FCFS,8360,7612,97,381969,382066,374357,374454,374357
FCFS,4595,7616,58,382066,382124,374450,374508,374450
FCFS,8901,7616,64,382124,382188,374508,374572,374508
FCFS,2779,7616,82,382188,382270,374572,374654,374572
FCFS,1230,7617,38,382270,382308,374653,374691,374653
FCFS,3441,7618,85,382308,382393,374690,374775,374690
FCFS,8200,7619,78,382393,382471,374774,374852,374774
FCFS,6411,7619,4,382471,382475,374852,374856,374852
FCFS,3732,7619,43,382475,382518,374856,374899,374856
FCFS,3609,7619,23,382518,382541,374899,374922,374899
FCFS,5288,7620,39,382541,382580,374921,374960,374921
FCFS,1945,7622,45,382580,382625,374958,375003,374958
FCFS,9632,7624,32,382625,382657,375001,375033,375001
FCFS,2054,7629,71,382657,382728,375028,375099,375028
FCFS,68,7629,13,382728,382741,375099,375112,375099
FCFS,7677,7630,71,382741,382812,375111,375182,375111
FCFS,9776,7630,83,382812,382895,375182,375265,375182
FCFS,9739,7630,56,382895,382951,375265,375321,375265
FCFS,6610,7630,82,382951,383033,375321,375403,375321
FCFS,8499,7631,93,383033,383126,375402,375495,375402
FCFS,9359,7632,39,383126,383165,375494,375533,375494
FCFS,6983,7633,95,383165,383260,375532,375627,375532
FCFS,9618,7634,36,383260,383296,375626,375662,375626
FCFS,9792,7637,96,383296,383392,375659,375755,375659
FCFS,7567,7637,33,383392,383425,375755,375788,375755
FCFS,2144,7638,76,383425,383501,375787,375863,375787
FCFS,824,7641,34,383501,383535,375860,375894,375860
FCFS,9028,7641,74,383535,383609,375894,375968,375894
FCFS,7580,7642,15,383609,383624,375967,375982,375967
FCFS,1194,7643,6,383624,383630,375981,375987,375981
FCFS,1104,7643,35,383630,383665,375987,376022,375987
FCFS,3690,7644,19,383665,383684,376021,376040,376021
FCFS,6748,7645,63,383684,383747,376039,376102,376039
FCFS,7514,7647,67,383747,383814,376100,376167,376100
FCFS,4089,7647,39,383814,383853,376167,376206,376167
FCFS,728,7648,72,383853,383925,376205,376277,376205
FCFS,2210,7650,88,383925,384013,376275,376363,376275
FCFS,533,7651,29,384013,384042,376362,376391,376362
FCFS,3157,7651,99,384042,384141,376391,376490,376391
FCFS,6809,7653,6,384141,384147,376488,376494,376488
FCFS,1387,7657,40,384147,384187,376490,376530,376490
FCFS,5174,7657,30,384187,384217,376530,376560,376530
FCFS,4312,7657,11,384217,384228,376560,376571,376560
FCFS,4673,7658,95,384228,384323,376570,376665,376570
FCFS,3342,7659,80,384323,384403,376664,376744,376664
FCFS,3063,7661,8,384403,384411,376742,376750,376742
FCFS,959,7667,64,384411,384475,376744,376808,376744
FCFS,483,7668,12,384475,384487,376807,376819,376807
FCFS,7266,7669,83,384487,384570,376818,376901,376818
FCFS,5396,7669,32,384570,384602,376901,376933,376901
FCFS,6125,7670,8,384602,384610,376932,376940,376932
FCFS,812,7673,11,384610,384621,376937,376948,376937
FCFS,6444,7674,5,384621,384626,376947,376952,376947
FCFS,3766,7674,92,384626,384718,376952,377044,376952
FCFS,1226,7674,87,384718,384805,377044,377131,377044
FCFS,5555,7675,83,384805,384888,377130,377213,377130
FCFS,9370,7678,99,384888,384987,377210,377309,377210
FCFS,4522,7678,63,384987,385050,377309,377372,377309
FCFS,4423,7678,10,385050,385060,377372,377382,377372
FCFS,299,7679,53,385060,385113,377381,377434,377381
FCFS,1208,7679,99,385113,385212,377434,377533,377434
FCFS,5192,7680,33,385212,385245,377532,377565,377532
FCFS,297,7683,19,385245,385264,377562,377581,377562
FCFS,3019,7684,15,385264,385279,377580,377595,377580
FCFS,5599,7686,81,385279,385360,377593,377674,377593
FCFS,1286,7686,4,385360,385364,377674,377678,377674
FCFS,759,7687,58,385364,385422,377677,377735,377677
FCFS,6315,7688,67,385422,385489,377734,377801,377734
FCFS,8686,7689,42,385489,385531,377800,377842,377800
FCFS,8591,7689,70,385531,385601,377842,377912,377842
FCFS,9020,7690,68,385601,385669,377911,377979,377911
FCFS,7303,7690,8,385669,385677,377979,377987,377979
FCFS,4330,7692,59,385677,385736,377985,378044,377985
FCFS,1303,7693,61,385736,385797,378043,378104,378043
FCFS,2057,7693,40,385797,385837,378104,378144,378104
FCFS,4644,7693,11,385837,385848,378144,378155,378144
FCFS,8340,7694,50,385848,385898,378154,378204,378154
FCFS,1314,7694,78,385898,385976,378204,378282,378204
FCFS,2271,7697,45,385976,386021,378279,378324,378279
FCFS,3837,7697,50,386021,386071,378324,378374,378324
FCFS,5005,7697,31,386071,386102,378374,378405,378374
FCFS,4964,7701,99,386102,386201,378401,378500,378401
FCFS,4757,7701,23,386201,386224,378500,378523,378500
FCFS,3288,7703,54,386224,386278,378521,378575,378521
FCFS,7984,7705,66,386278,386344,378573,378639,378573
FCFS,8160,7705,59,386344,386403,378639,378698,378639
FCFS,1798,7705,3,386403,386406,378698,378701,378698
FCFS,6410,7706,39,386406,386445,378700,378739,378700
FCFS,5152,7707,75,386445,386520,378738,378813,378738
FCFS,8314,7709,80,386520,386600,378811,378891,378811
FCFS,7445,7710,56,386600,386656,378890,378946,378890
FCFS,7963,7710,90,386656,386746,378946,379036,378946
FCFS,2432,7710,3,386746,386749,379036,379039,379036
FCFS,8239,7714,74,386749,386823,379035,379109,379035
FCFS,650,7714,26,386823,386849,379109,379135,379109
FCFS,8967,7714,1,386849,386850,379135,379136,379135
FCFS,6536,7715,98,386850,386948,379135,379233,379135
FCFS,1222,7715,97,386948,387045,379233,379330,379233
FCFS,6797,7718,77,387045,387122,379327,379404,379327
FCFS,2860,7718,46,387122,387168,379404,379450,379404
FCFS,124,7721,81,387168,387249,379447,379528,379447
FCFS,467,7723,95,387249,387344,379526,379621,379526
FCFS,1558,7725,93,387344,387437,379619,379712,379619
FCFS,6098,7727,21,387437,387458,379710,379731,379710
FCFS,8275,7727,76,387458,387534,379731,379807,379731
FCFS,8815,7727,99,387534,387633,379807,379906,379807
FCFS,7330,7727,98,387633,387731,379906,380004,379906
FCFS,734,7730,35,387731,387766,380001,380036,380001
FCFS,2978,7730,20,387766,387786,380036,380056,380036
FCFS,7433,7734,51,387786,387837,380052,380103,380052
FCFS,7105,7734,69,387837,387906,380103,380172,380103
FCFS,35,7734,93,387906,387999,380172,380265,380172
FCFS,2431,7736,75,387999,388074,380263,380338,380263
FCFS,9043,7736,78,388074,388152,380338,380416,380338
FCFS,4495,7737,22,388152,388174,380415,380437,380415
FCFS,3705,7737,20,388174,388194,380437,380457,380437
FCFS,8481,7737,76,388194,388270,380457,380533,380457
FCFS,4011,7739,53,388270,388323,380531,380584,380531
FCFS,8143,7740,36,388323,388359,380583,380619,380583
FCFS,8711,7741,50,388359,388409,380618,380668,380618
FCFS,3058,7742,88,388409,388497,380667,380755,380667
FCFS,3596,7742,13,388497,388510,380755,380768,380755
FCFS,9312,7743,63,388510,388573,380767,380830,380767
FCFS,6785,7743,21,388573,388594,380830,380851,380830
FCFS,6713,7746,22,388594,388616,380848,380870,380848
FCFS,9518,7750,69,388616,388685,380866,380935,380866
FCFS,3923,7751,89,388685,388774,380934,381023,380934
FCFS,6715,7754,80,388774,388854,381020,381100,381020
FCFS,5058,7754,59,388854,388913,381100,381159,381100
FCFS,4516,7755,83,388913,388996,381158,381241,381158
FCFS,7972,7756,57,388996,389053,381240,381297,381240
FCFS,8229,7756,16,389053,389069,381297,381313,381297
FCFS,8826,7758,48,389069,389117,381311,381359,381311
FCFS,2142,7758,86,389117,389203,381359,381445,381359
FCFS,3178,7758,29,389203,389232,381445,381474,381445
FCFS,9281,7759,68,389232,389300,381473,381541,381473
FCFS,6870,7759,26,389300,389326,381541,381567,381541
FCFS,1828,7761,3,389326,389329,381565,381568,381565
FCFS,3365,7763,87,389329,389416,381566,381653,381566
FCFS,8276,7764,6,389416,389422,381652,381658,381652
FCFS,5019,7766,87,389422,389509,381656,381743,381656
FCFS,7268,7766,68,389509,389577,381743,381811,381743
FCFS,6736,7768,20,389577,389597,381809,381829,381809
FCFS,9206,7768,64,389597,389661,381829,381893,381829
FCFS,8831,7769,87,389661,389748,381892,381979,381892
FCFS,5629,7769,14,389748,389762,381979,381993,381979
FCFS,9426,7770,9,389762,389771,381992,382001,381992
FCFS,8943,7773,31,389771,389802,381998,382029,381998
FCFS,5050,7774,12,389802,389814,382028,382040,382028
FCFS,7156,7776,43,389814,389857,382038,382081,382038
FCFS,1114,7776,95,389857,389952,382081,382176,382081
FCFS,5900,7776,37,389952,389989,382176,382213,382176
FCFS,202,7777,20,389989,390009,382212,382232,382212
FCFS,6758,7777,51,390009,390060,382232,382283,382232
FCFS,7672,7777,42,390060,390102,382283,382325,382283
FCFS,3461,7778,57,390102,390159,382324,382381,382324
FCFS,5529,7778,53,390159,390212,382381,382434,382381
FCFS,998,7783,93,390212,390305,382429,382522,382429
FCFS,8994,7785,89,390305,390394,382520,382609,382520
FCFS,3816,7786,86,390394,390480,382608,382694,382608
FCFS,6289,7787,51,390480,390531,382693,382744,382693
FCFS,2208,7788,58,390531,390589,382743,382801,382743
FCFS,5542,7788,18,390589,390607,382801,382819,382801
FCFS,2697,7789,84,390607,390691,382818,382902,382818
FCFS,2721,7789,91,390691,390782,382902,382993,382902
FCFS,1000,7790,44,390782,390826,382992,383036,382992
FCFS,6373,7795,81,390826,390907,383031,383112,383031
FCFS,7455,7795,18,390907,390925,383112,383130,383112
FCFS,5240,7797,74,390925,390999,383128,383202,383128
FCFS,5903,7798,33,390999,391032,383201,383234,383201
FCFS,7403,7799,88,391032,391120,383233,383321,383233
FCFS,8241,7804,65,391120,391185,383316,383381,383316
FCFS,9156,7804,59,391185,391244,383381,383440,383381
FCFS,939,7804,30,391244,391274,383440,383470,383440
FCFS,2720,7804,58,391274,391332,383470,383528,383470
FCFS,411,7805,5,391332,391337,383527,383532,383527
FCFS,335,7806,42,391337,391379,383531,383573,383531
FCFS,9347,7807,55,391379,391434,383572,383627,383572
FCFS,3492,7812,35,391434,391469,383622,383657,383622
FCFS,5507,7813,34,391469,391503,383656,383690,383656
FCFS,1505,7813,68,391503,391571,383690,383758,383690
FCFS,2777,7815,52,391571,391623,383756,383808,383756
FCFS,3754,7817,94,391623,391717,383806,383900,383806
FCFS,3194,7818,20,391717,391737,383899,383919,383899
FCFS,8596,7819,79,391737,391816,383918,383997,383918
FCFS,7018,7823,61,391816,391877,383993,384054,383993
FCFS,3127,7823,66,391877,391943,384054,384120,384054
FCFS,9849,7824,97,391943,392040,384119,384216,384119
FCFS,4991,7825,66,392040,392106,384215,384281,384215
FCFS,9612,7825,85,392106,392191,384281,384366,384281
FCFS,1369,7827,66,392191,392257,384364,384430,384364
FCFS,3840,7829,72,392257,392329,384428,384500,384428
FCFS,9306,7829,10,392329,392339,384500,384510,384500
FCFS,754,7830,60,392339,392399,384509,384569,384509
FCFS,7393,7830,5,392399,392404,384569,384574,384569
FCFS,4155,7832,7,392404,392411,384572,384579,384572
FCFS,1350,7832,26,392411,392437,384579,384605,384579
FCFS,2939,7833,13,392437,392450,384604,384617,384604
FCFS,2603,7833,55,392450,392505,384617,384672,384617
FCFS,1603,7833,27,392505,392532,384672,384699,384672
FCFS,8135,7833,81,392532,392613,384699,384780,384699
FCFS,5131,7833,10,392613,392623,384780,384790,384780
FCFS,8977,7833,50,392623,392673,384790,384840,384790
FCFS,2907,7835,59,392673,392732,384838,384897,384838
FCFS,5212,7837,65,392732,392797,384895,384960,384895
FCFS,6541,7837,21,392797,392818,384960,384981,384960
FCFS,8954,7838,38,392818,392856,384980,385018,384980
FCFS,8415,7842,75,392856,392931,385014,385089,385014
FCFS,2059,7842,88,392931,393019,385089,385177,385089
FCFS,1968,7843,57,393019,393076,385176,385233,385176
FCFS,8441,7844,83,393076,393159,385232,385315,385232
FCFS,4172,7845,5,393159,393164,385314,385319,385314
FCFS,4950,7845,72,393164,393236,385319,385391,385319
FCFS,8033,7846,40,393236,393276,385390,385430,385390
FCFS,3681,7846,1,393276,393277,385430,385431,385430
FCFS,7552,7847,34,393277,393311,385430,385464,385430
FCFS,1815,7848,93,393311,393404,385463,385556,385463
FCFS,6985,7848,35,393404,393439,385556,385591,385556
FCFS,8418,7848,38,393439,393477,385591,385629,385591
FCFS,8424,7849,95,393477,393572,385628,385723,385628
FCFS,25,7849,8,393572,393580,385723,385731,385723
FCFS,4461,7850,59,393580,393639,385730,385789,385730
FCFS,2738,7851,90,393639,393729,385788,385878,385788
FCFS,6006,7853,86,393729,393815,385876,385962,385876
FCFS,9496,7855,88,393815,393903,385960,386048,385960
FCFS,7164,7856,54,393903,393957,386047,386101,386047
FCFS,6640,7857,47,393957,394004,386100,386147,386100
FCFS,2127,7857,9,394004,394013,386147,386156,386147
FCFS,127,7858,66,394013,394079,386155,386221,386155
FCFS,538,7860,81,394079,394160,386219,386300,386219
FCFS,7388,7860,6,394160,394166,386300,386306,386300
FCFS,9685,7863,89,394166,394255,386303,386392,386303
FCFS,980,7863,95,394255,394350,386392,386487,386392
FCFS,6426,7865,19,394350,394369,386485,386504,386485
FCFS,3393,7866,3,394369,394372,386503,386506,386503
FCFS,7125,7866,89,394372,394461,386506,386595,386506
FCFS,5764,7867,97,394461,394558,386594,386691,386594
FCFS,1641,7867,99,394558,394657,386691,386790,386691
FCFS,7152,7867,1,394657,394658,386790,386791,386790
FCFS,6176,7868,38,394658,394696,386790,386828,386790
FCFS,71,7869,81,394696,394777,386827,386908,386827
FCFS,4387,7869,9,394777,394786,386908,386917,386908
FCFS,7961,7869,51,394786,394837,386917,386968,386917
FCFS,2129,7870,67,394837,394904,386967,387034,386967
FCFS,4034,7871,31,394904,394935,387033,387064,387033
FCFS,8580,7872,26,394935,394961,387063,387089,387063
FCFS,2488,7875,6,394961,394967,387086,387092,387086
FCFS,7406,7875,91,394967,395058,387092,387183,387092
FCFS,5370,7876,39,395058,395097,387182,387221,387182
FCFS,4163,7876,61,395097,395158,387221,387282,387221
FCFS,9968,7876,59,395158,395217,387282,387341,387282
FCFS,1367,7878,22,395217,395239,387339,387361,387339
FCFS,8606,7880,40,395239,395279,387359,387399,387359
FCFS,2701,7880,17,395279,395296,387399,387416,387399
FCFS,3386,7888,65,395296,395361,387408,387473,387408
FCFS,6657,7890,1,395361,395362,387471,387472,387471
FCFS,5047,7891,7,395362,395369,387471,387478,387471
FCFS,646,7891,69,395369,395438,387478,387547,387478
FCFS,6462,7892,82,395438,395520,387546,387628,387546
FCFS,73,7892,1,395520,395521,387628,387629,387628
FCFS,5746,7893,4,395521,395525,387628,387632,387628
FCFS,2449,7896,95,395525,395620,387629,387724,387629
FCFS,2138,7898,60,395620,395680,387722,387782,387722
FCFS,3084,7901,48,395680,395728,387779,387827,387779
FCFS,708,7901,12,395728,395740,387827,387839,387827
FCFS,2338,7902,93,395740,395833,387838,387931,387838
FCFS,9623,7902,95,395833,395928,387931,388026,387931
FCFS,9593,7902,34,395928,395962,388026,388060,388026
FCFS,7780,7903,69,395962,396031,388059,388128,388059
FCFS,1690,7904,95,396031,396126,388127,388222,388127
FCFS,4788,7905,46,396126,396172,388221,388267,388221
FCFS,7419,7906,56,396172,396228,388266,388322,388266
FCFS,1392,7906,23,396228,396251,388322,388345,388322
FCFS,2353,7909,50,396251,396301,388342,388392,388342
FCFS,4878,7910,32,396301,396333,388391,388423,388391
FCFS,7396,7910,66,396333,396399,388423,388489,388423
FCFS,3125,7913,38,396399,396437,388486,388524,388486
FCFS,5502,7915,34,396437,396471,388522,388556,388522
FCFS,75,7916,89,396471,396560,388555,388644,388555
FCFS,2848,7922,73,396560,396633,388638,388711,388638
FCFS,8495,7923,63,396633,396696,388710,388773,388710
FCFS,7087,7925,60,396696,396756,388771,388831,388771
FCFS,7024,7926,6,396756,396762,388830,388836,388830
FCFS,2465,7927,67,396762,396829,388835,388902,388835
FCFS,3176,7927,62,396829,396891,388902,388964,388902
FCFS,3448,7927,18,396891,396909,388964,388982,388964
FCFS,8859,7928,86,396909,396995,388981,389067,388981
FCFS,5235,7928,55,396995,397050,389067,389122,389067
FCFS,8840,7928,40,397050,397090,389122,389162,389122
FCFS,3029,7929,92,397090,397182,389161,389253,389161
FCFS,9917,7933,95,397182,397277,389249,389344,389249
FCFS,5233,7933,24,397277,397301,389344,389368,389344
FCFS,6226,7933,16,397301,397317,389368,389384,389368
FCFS,3235,7935,9,397317,397326,389382,389391,389382
FCFS,7654,7937,45,397326,397371,389389,389434,389389
FCFS,3114,7938,73,397371,397444,389433,389506,389433
FCFS,6921,7938,8,397444,397452,389506,389514,389506
FCFS,9316,7938,21,397452,397473,389514,389535,389514
FCFS,8834,7939,85,397473,397558,389534,389619,389534
FCFS,2938,7939,45,397558,397603,389619,389664,389619
FCFS,8951,7939,25,397603,397628,389664,389689,389664
FCFS,694,7939,56,397628,397684,389689,389745,389689
FCFS,5028,7940,15,397684,397699,389744,389759,389744
FCFS,746,7941,13,397699,397712,389758,389771,389758
FCFS,9769,7942,85,397712,397797,389770,389855,389770
FCFS,5790,7942,99,397797,397896,389855,389954,389855
FCFS,838,7943,71,397896,397967,389953,390024,389953
FCFS,5690,7943,18,397967,397985,390024,390042,390024
FCFS,6000,7950,3,397985,397988,390035,390038,390035
FCFS,2635,7950,83,397988,398071,390038,390121,390038
FCFS,3652,7951,30,398071,398101,390120,390150,390120
FCFS,5721,7951,32,398101,398133,390150,390182,390150
FCFS,8040,7951,13,398133,398146,390182,390195,390182
FCFS,6378,7952,93,398146,398239,390194,390287,390194
FCFS,8822,7952,69,398239,398308,390287,390356,390287
FCFS,9282,7953,82,398308,398390,390355,390437,390355
FCFS,5085,7954,91,398390,398481,390436,390527,390436
FCFS,4852,7954,43,398481,398524,390527,390570,390527
FCFS,770,7956,66,398524,398590,390568,390634,390568
FCFS,7383,7956,91,398590,398681,390634,390725,390634
FCFS,7337,7957,58,398681,398739,390724,390782,390724
FCFS,4085,7957,70,398739,398809,390782,390852,390782
FCFS,6765,7959,11,398809,398820,390850,390861,390850
FCFS,8157,7959,76,398820,398896,390861,390937,390861
FCFS,9956,7960,93,398896,398989,390936,391029,390936
FCFS,9166,7961,44,398989,399033,391028,391072,391028
FCFS,7260,7961,27,399033,399060,391072,391099,391072
FCFS,2163,7961,85,399060,399145,391099,391184,391099
FCFS,4648,7962,68,399145,399213,391183,391251,391183
FCFS,7448,7964,23,399213,399236,391249,391272,391249
FCFS,6968,7965,14,399236,399250,391271,391285,391271
FCFS,5455,7966,90,399250,399340,391284,391374,391284
FCFS,2087,7967,48,399340,399388,391373,391421,391373
FCFS,3757,7967,51,399388,399439,391421,391472,391421
FCFS,7154,7968,17,399439,399456,391471,391488,391471
FCFS,5840,7970,4,399456,399460,391486,391490,391486
FCFS,1117,7970,78,399460,399538,391490,391568,391490
FCFS,1241,7970,95,399538,399633,391568,391663,391568
FCFS,1038,7970,80,399633,399713,391663,391743,391663
FCFS,4272,7972,15,399713,399728,391741,391756,391741
FCFS,9078,7972,38,399728,399766,391756,391794,391756
FCFS,8265,7972,73,399766,399839,391794,391867,391794
FCFS,1042,7973,61,399839,399900,391866,391927,391866
FCFS,9163,7973,96,399900,399996,391927,392023,391927
FCFS,5098,7977,67,399996,400063,392019,392086,392019
FCFS,9413,7978,83,400063,400146,392085,392168,392085
FCFS,1985,7979,23,400146,400169,392167,392190,392167
FCFS,1654,7979,91,400169,400260,392190,392281,392190
FCFS,6991,7979,52,400260,400312,392281,392333,392281
FCFS,1308,7980,20,400312,400332,392332,392352,392332
FCFS,2872,7980,91,400332,400423,392352,392443,392352
FCFS,4660,7982,63,400423,400486,392441,392504,392441
FCFS,8124,7982,10,400486,400496,392504,392514,392504
FCFS,3271,7982,92,400496,400588,392514,392606,392514
FCFS,1258,7982,93,400588,400681,392606,392699,392606
FCFS,907,7984,46,400681,400727,392697,392743,392697
FCFS,4655,7984,96,400727,400823,392743,392839,392743
FCFS,4948,7984,51,400823,400874,392839,392890,392839
FCFS,8798,7986,87,400874,400961,392888,392975,392888
FCFS,2755,7986,56,400961,401017,392975,393031,392975
FCFS,389,7987,44,401017,401061,393030,393074,393030
FCFS,5531,7987,31,401061,401092,393074,393105,393074
FCFS,61,7989,11,401092,401103,393103,393114,393103
FCFS,9951,7989,17,401103,401120,393114,393131,393114
FCFS,8113,7990,64,401120,401184,393130,393194,393130
FCFS,353,7992,44,401184,401228,393192,393236,393192
FCFS,1185,7992,87,401228,401315,393236,393323,393236
FCFS,2145,7993,40,401315,401355,393322,393362,393322
FCFS,167,7994,20,401355,401375,393361,393381,393361
FCFS,5815,7995,52,401375,401427,393380,393432,393380
FCFS,5898,7996,91,401427,401518,393431,393522,393431
FCFS,295,7996,12,401518,401530,393522,393534,393522
FCFS,3520,7997,16,401530,401546,393533,393549,393533
FCFS,2416,7999,44,401546,401590,393547,393591,393547
FCFS,8575,7999,50,401590,401640,393591,393641,393591
FCFS,9927,8000,89,401640,401729,393640,393729,393640
FCFS,8384,8001,20,401729,401749,393728,393748,393728
FCFS,6848,8001,30,401749,401779,393748,393778,393748
FCFS,8056,8002,31,401779,401810,393777,393808,393777
FCFS,4529,8002,87,401810,401897,393808,393895,393808
FCFS,463,8002,8,401897,401905,393895,393903,393895
FCFS,3846,8003,22,401905,401927,393902,393924,393902
FCFS,2599,8004,76,401927,402003,393923,393999,393923
FCFS,200,8004,85,402003,402088,393999,394084,393999
FCFS,8330,8005,42,402088,402130,394083,394125,394083
FCFS,88,8006,26,402130,402156,394124,394150,394124
FCFS,1288,8007,28,402156,402184,394149,394177,394149
FCFS,9523,8007,53,402184,402237,394177,394230,394177
FCFS,6119,8007,21,402237,402258,394230,394251,394230
FCFS,922,8007,64,402258,402322,394251,394315,394251
FCFS,9248,8007,43,402322,402365,394315,394358,394315
FCFS,9441,8009,73,402365,402438,394356,394429,394356
FCFS,548,8010,48,402438,402486,394428,394476,394428
FCFS,9558,8011,98,402486,402584,394475,394573,394475
FCFS,7092,8012,24,402584,402608,394572,394596,394572
FCFS,6940,8014,22,402608,402630,394594,394616,394594
FCFS,9680,8015,6,402630,402636,394615,394621,394615
FCFS,9262,8015,22,402636,402658,394621,394643,394621
FCFS,3055,8016,46,402658,402704,394642,394688,394642
FCFS,3277,8016,84,402704,402788,394688,394772,394688
FCFS,722,8017,34,402788,402822,394771,394805,394771
FCFS,2457,8017,77,402822,402899,394805,394882,394805
FCFS,2998,8017,98,402899,402997,394882,394980,394882
FCFS,6645,8021,6,402997,403003,394976,394982,394976
FCFS,9010,8021,6,403003,403009,394982,394988,394982
FCFS,5316,8022,53,403009,403062,394987,395040,394987
FCFS,8067,8022,45,403062,403107,395040,395085,395040
FCFS,8232,8023,34,403107,403141,395084,395118,395084
FCFS,3817,8024,86,403141,403227,395117,395203,395117
FCFS,4015,8026,17,403227,403244,395201,395218,395201
FCFS,9327,8026,37,403244,403281,395218,395255,395218
FCFS,8833,8027,74,403281,403355,395254,395328,395254
FCFS,7010,8032,57,403355,403412,395323,395380,395323
FCFS,6495,8032,19,403412,403431,395380,395399,395380
FCFS,1598,8032,63,403431,403494,395399,395462,395399
FCFS,3838,8033,93,403494,403587,395461,395554,395461
FCFS,2317,8033,47,403587,403634,395554,395601,395554
FCFS,5696,8033,71,403634,403705,395601,395672,395601
FCFS,2956,8036,55,403705,403760,395669,395724,395669
FCFS,6621,8038,89,403760,403849,395722,395811,395722
FCFS,1098,8038,72,403849,403921,395811,395883,395811
FCFS,4505,8039,68,403921,403989,395882,395950,395882
FCFS,1182,8041,16,403989,404005,395948,395964,395948
FCFS,5743,8042,56,404005,404061,395963,396019,395963
FCFS,3216,8043,36,404061,404097,396018,396054,396018
FCFS,5979,8044,22,404097,404119,396053,396075,396053
FCFS,5009,8044,53,404119,404172,396075,396128,396075
FCFS,1275,8044,78,404172,404250,396128,396206,396128
FCFS,7354,8044,52,404250,404302,396206,396258,396206
FCFS,9661,8047,48,404302,404350,396255,396303,396255
FCFS,7810,8047,98,404350,404448,396303,396401,396303
FCFS,9570,8050,85,404448,404533,396398,396483,396398
FCFS,281,8050,33,404533,404566,396483,396516,396483
FCFS,9663,8051,71,404566,404637,396515,396586,396515
FCFS,5476,8052,9,404637,404646,396585,396594,396585
FCFS,6023,8052,66,404646,404712,396594,396660,396594
FCFS,620,8053,93,404712,404805,396659,396752,396659
FCFS,5995,8055,82,404805,404887,396750,396832,396750
FCFS,9715,8055,38,404887,404925,396832,396870,396832
FCFS,9353,8055,10,404925,404935,396870,396880,396870
FCFS,1356,8056,80,404935,405015,396879,396959,396879
FCFS,1077,8058,17,405015,405032,396957,396974,396957
FCFS,3678,8058,75,405032,405107,396974,397049,396974
FCFS,6727,8060,69,405107,405176,397047,397116,397047
FCFS,6635,8061,71,405176,405247,397115,397186,397115
FCFS,7579,8067,1,405247,405248,397180,397181,397180
FCFS,3098,8068,82,405248,405330,397180,397262,397180
FCFS,4727,8069,53,405330,405383,397261,397314,397261
FCFS,1044,8070,88,405383,405471,397313,397401,397313
FCFS,6519,8070,71,405471,405542,397401,397472,397401
FCFS,7977,8071,61,405542,405603,397471,397532,397471
FCFS,7827,8071,13,405603,405616,397532,397545,397532
FCFS,7728,8073,13,405616,405629,397543,397556,397543
FCFS,1486,8073,55,405629,405684,397556,397611,397556
FCFS,7911,8073,8,405684,405692,397611,397619,397611
FCFS,7609,8074,79,405692,405771,397618,397697,397618
FCFS,6309,8075,89,405771,405860,397696,397785,397696
FCFS,8302,8077,89,405860,405949,397783,397872,397783
FCFS,2557,8078,37,405949,405986,397871,397908,397871
FCFS,8986,8080,93,405986,406079,397906,397999,397906
FCFS,2197,8080,58,406079,406137,397999,398057,397999
FCFS,4322,8080,25,406137,406162,398057,398082,398057
FCFS,5881,8081,48,406162,406210,398081,398129,398081
FCFS,519,8082,21,406210,406231,398128,398149,398128
FCFS,5837,8082,53,406231,406284,398149,398202,398149
FCFS,6186,8084,10,406284,406294,398200,398210,398200
FCFS,2548,8087,68,406294,406362,398207,398275,398207
FCFS,3281,8088,89,406362,406451,398274,398363,398274
FCFS,6928,8089,21,406451,406472,398362,398383,398362
FCFS,3772,8089,45,406472,406517,398383,398428,398383
FCFS,6770,8089,85,406517,406602,398428,398513,398428
FCFS,9662,8090,71,406602,406673,398512,398583,398512
FCFS,4820,8090,13,406673,406686,398583,398596,398583
FCFS,4112,8092,64,406686,406750,398594,398658,398594
FCFS,5906,8092,64,406750,406814,398658,398722,398658
FCFS,9453,8095,44,406814,406858,398719,398763,398719
FCFS,4680,8095,73,406858,406931,398763,398836,398763
FCFS,339,8096,99,406931,407030,398835,398934,398835
FCFS,6012,8096,44,407030,407074,398934,398978,398934
FCFS,6382,8098,10,407074,407084,398976,398986,398976
FCFS,2480,8100,41,407084,407125,398984,399025,398984
FCFS,4470,8100,65,407125,407190,399025,399090,399025
FCFS,7895,8101,91,407190,407281,399089,399180,399089
FCFS,6384,8102,47,407281,407328,399179,399226,399179
FCFS,4415,8102,93,407328,407421,399226,399319,399226
FCFS,2512,8103,27,407421,407448,399318,399345,399318
FCFS,9796,8104,98,407448,407546,399344,399442,399344
FCFS,5121,8105,64,407546,407610,399441,399505,399441
FCFS,1899,8105,71,407610,407681,399505,399576,399505
FCFS,5133,8106,6,407681,407687,399575,399581,399575
FCFS,7422,8106,54,407687,407741,399581,399635,399581
FCFS,5838,8107,25,407741,407766,399634,399659,399634
FCFS,9677,8107,62,407766,407828,399659,399721,399659
FCFS,112,8110,71,407828,407899,399718,399789,399718
FCFS,5210,8111,34,407899,407933,399788,399822,399788
FCFS,8294,8111,36,407933,407969,399822,399858,399822
FCFS,3627,8112,49,407969,408018,399857,399906,399857
FCFS,4396,8112,6,408018,408024,399906,399912,399906
FCFS,7150,8113,12,408024,408036,399911,399923,399911
FCFS,9279,8118,99,408036,408135,399918,400017,399918
FCFS,7683,8118,3,408135,408138,400017,400020,400017
FCFS,6510,8118,12,408138,408150,400020,400032,400020
FCFS,6193,8119,3,408150,408153,400031,400034,400031
FCFS,231,8120,87,408153,408240,400033,400120,400033
FCFS,624,8120,73,408240,408313,400120,400193,400120
FCFS,3510,8120,86,408313,408399,400193,400279,400193
FCFS,2187,8123,95,408399,408494,400276,400371,400276
FCFS,7301,8123,40,408494,408534,400371,400411,400371
FCFS,9151,8123,60,408534,408594,400411,400471,400411
FCFS,9145,8123,89,408594,408683,400471,400560,400471
FCFS,3033,8125,80,408683,408763,400558,400638,400558
FCFS,3635,8125,69,408763,408832,400638,400707,400638
FCFS,1807,8125,79,408832,408911,400707,400786,400707
FCFS,9235,8127,54,408911,408965,400784,400838,400784
FCFS,8009,8128,38,408965,409003,400837,400875,400837
FCFS,8433,8130,93,409003,409096,400873,400966,400873
FCFS,421,8130,25,409096,409121,400966,400991,400966
FCFS,1812,8133,29,409121,409150,400988,401017,400988
FCFS,5296,8134,52,409150,409202,401016,401068,401016
FCFS,6533,8134,9,409202,409211,401068,401077,401068
FCFS,4222,8135,44,409211,409255,401076,401120,401076
FCFS,957,8135,86,409255,409341,401120,401206,401120
FCFS,3890,8143,83,409341,409424,401198,401281,401198
FCFS,9051,8146,15,409424,409439,401278,401293,401278
FCFS,7155,8146,98,409439,409537,401293,401391,401293
FCFS,8970,8148,69,409537,409606,401389,401458,401389
FCFS,3433,8148,35,409606,409641,401458,401493,401458
FCFS,797,8150,7,409641,409648,401491,401498,401491
FCFS,4910,8151,61,409648,409709,401497,401558,401497
FCFS,817,8152,50,409709,409759,401557,401607,401557
FCFS,6453,8154,79,409759,409838,401605,401684,401605
FCFS,109,8154,79,409838,409917,401684,401763,401684
FCFS,230,8155,67,409917,409984,401762,401829,401762
FCFS,3429,8155,26,409984,410010,401829,401855,401829
FCFS,7146,8159,96,410010,410106,401851,401947,401851
FCFS,3657,8160,12,410106,410118,401946,401958,401946
FCFS,8729,8160,18,410118,410136,401958,401976,401958
FCFS,9141,8160,22,410136,410158,401976,401998,401976
FCFS,915,8162,67,410158,410225,401996,402063,401996
FCFS,8381,8163,7,410225,410232,402062,402069,402062
FCFS,183,8164,17,410232,410249,402068,402085,402068
FCFS,6095,8167,92,410249,410341,402082,402174,402082
FCFS,6351,8167,1,410341,410342,402174,402175,402174
FCFS,8012,8168,99,410342,410441,402174,402273,402174
FCFS,9545,8168,94,410441,410535,402273,402367,402273
FCFS,7355,8169,10,410535,410545,402366,402376,402366
FCFS,810,8172,77,410545,410622,402373,402450,402373
FCFS,1156,8173,30,410622,410652,402449,402479,402449
FCFS,357,8173,25,410652,410677,402479,402504,402479
FCFS,1353,8173,61,410677,410738,402504,402565,402504
FCFS,2511,8174,36,410738,410774,402564,402600,402564
FCFS,6866,8175,45,410774,410819,402599,402644,402599
FCFS,678,8175,9,410819,410828,402644,402653,402644
FCFS,6641,8177,47,410828,410875,402651,402698,402651
FCFS,2662,8179,63,410875,410938,402696,402759,402696
FCFS,4001,8181,86,410938,411024,402757,402843,402757
FCFS,5645,8181,40,411024,411064,402843,402883,402843
FCFS,3065,8182,69,411064,411133,402882,402951,402882
FCFS,7851,8183,10,411133,411143,402950,402960,402950
FCFS,7325,8184,15,411143,411158,402959,402974,402959
FCFS,4557,8185,31,411158,411189,402973,403004,402973
FCFS,9307,8186,63,411189,411252,403003,403066,403003
FCFS,2409,8186,6,411252,411258,403066,403072,403066
FCFS,6851,8186,69,411258,411327,403072,403141,403072
FCFS,1835,8189,57,411327,411384,403138,403195,403138
FCFS,8435,8190,51,411384,411435,403194,403245,403194
FCFS,1339,8190,91,411435,411526,403245,403336,403245
FCFS,1391,8194,96,411526,411622,403332,403428,403332
FCFS,866,8195,44,411622,411666,403427,403471,403427
FCFS,3416,8199,92,411666,411758,403467,403559,403467
FCFS,8552,8201,7,411758,411765,403557,403564,403557
FCFS,1365,8202,8,411765,411773,403563,403571,403563
FCFS,8623,8205,8,411773,411781,403568,403576,403568
FCFS,4913,8207,28,411781,411809,403574,403602,403574
FCFS,300,8208,29,411809,411838,403601,403630,403601
FCFS,9565,8209,77,411838,411915,403629,403706,403629
FCFS,5231,8210,39,411915,411954,403705,403744,403705
FCFS,4151,8210,94,411954,412048,403744,403838,403744
FCFS,8428,8210,20,412048,412068,403838,403858,403838
FCFS,6439,8210,84,412068,412152,403858,403942,403858
FCFS,2819,8210,35,412152,412187,403942,403977,403942
FCFS,1868,8212,32,412187,412219,403975,404007,403975
FCFS,7506,8212,24,412219,412243,404007,404031,404007
FCFS,1489,8213,94,412243,412337,404030,404124,404030
FCFS,9474,8215,77,412337,412414,404122,404199,404122
FCFS,8153,8215,41,412414,412455,404199,404240,404199
FCFS,9590,8216,10,412455,412465,404239,404249,404239
FCFS,6205,8216,7,412465,412472,404249,404256,404249
FCFS,1709,8219,83,412472,412555,404253,404336,404253
FCFS,5461,8219,93,412555,412648,404336,404429,404336
FCFS,1503,8220,81,412648,412729,404428,404509,404428
FCFS,5301,8220,30,412729,412759,404509,404539,404509
FCFS,8718,8221,17,412759,412776,404538,404555,404538
FCFS,7302,8222,88,412776,412864,404554,404642,404554
FCFS,3304,8224,7,412864,412871,404640,404647,404640
FCFS,53,8226,80,412871,412951,404645,404725,404645
FCFS,7945,8226,38,412951,412989,404725,404763,404725
FCFS,5302,8226,90,412989,413079,404763,404853,404763
FCFS,1903,8227,87,413079,413166,404852,404939,404852
FCFS,1418,8228,86,413166,413252,404938,405024,404938
FCFS,1313,8230,33,413252,413285,405022,405055,405022
FCFS,1177,8232,89,413285,413374,405053,405142,405053
FCFS,9638,8232,37,413374,413411,405142,405179,405142
FCFS,1863,8234,83,413411,413494,405177,405260,405177
FCFS,3613,8234,54,413494,413548,405260,405314,405260
FCFS,8494,8234,84,413548,413632,405314,405398,405314
FCFS,8328,8234,89,413632,413721,405398,405487,405398
FCFS,9566,8235,24,413721,413745,405486,405510,405486
FCFS,4035,8235,76,413745,413821,405510,405586,405510
FCFS,6435,8236,47,413821,413868,405585,405632,405585
FCFS,5506,8236,14,413868,413882,405632,405646,405632
FCFS,1276,8238,51,413882,413933,405644,405695,405644
FCFS,6741,8240,53,413933,413986,405693,405746,405693
FCFS,5795,8243,17,413986,414003,405743,405760,405743
FCFS,9052,8243,67,414003,414070,405760,405827,405760
FCFS,3165,8244,85,414070,414155,405826,405911,405826
FCFS,1381,8245,8,414155,414163,405910,405918,405910
FCFS,7094,8249,87,414163,414250,405914,406001,405914
FCFS,3791,8252,19,414250,414269,405998,406017,405998
FCFS,9835,8252,7,414269,414276,406017,406024,406017
FCFS,8540,8252,42,414276,414318,406024,406066,406024
FCFS,6683,8257,35,414318,414353,406061,406096,406061
FCFS,1984,8258,48,414353,414401,406095,406143,406095
FCFS,832,8258,28,414401,414429,406143,406171,406143
FCFS,2718,8259,97,414429,414526,406170,406267,406170
FCFS,9547,8261,87,414526,414613,406265,406352,406265
FCFS,4455,8263,86,414613,414699,406350,406436,406350
FCFS,4377,8263,4,414699,414703,406436,406440,406436
FCFS,2058,8264,20,414703,414723,406439,406459,406439
FCFS,3771,8264,72,414723,414795,406459,406531,406459
FCFS,5556,8264,49,414795,414844,406531,406580,406531
FCFS,9911,8265,48,414844,414892,406579,406627,406579
FCFS,7504,8266,34,414892,414926,406626,406660,406626
FCFS,2398,8266,76,414926,415002,406660,406736,406660
FCFS,6081,8269,12,415002,415014,406733,406745,406733
FCFS,6752,8273,55,415014,415069,406741,406796,406741
FCFS,5811,8274,19,415069,415088,406795,406814,406795
FCFS,3496,8275,38,415088,415126,406813,406851,406813
FCFS,6461,8276,79,415126,415205,406850,406929,406850
FCFS,3424,8277,99,415205,415304,406928,407027,406928
FCFS,6753,8278,94,415304,415398,407026,407120,407026
FCFS,7762,8281,31,415398,415429,407117,407148,407117
FCFS,4211,8281,14,415429,415443,407148,407162,407148
FCFS,8851,8282,13,415443,415456,407161,407174,407161
FCFS,8700,8283,89,415456,415545,407173,407262,407173
FCFS,6484,8283,47,415545,415592,407262,407309,407262
FCFS,2070,8286,40,415592,415632,407306,407346,407306
FCFS,7794,8290,3,415632,415635,407342,407345,407342
FCFS,7645,8296,23,415635,415658,407339,407362,407339
FCFS,8469,8297,49,415658,415707,407361,407410,407361
FCFS,8746,8298,15,415707,415722,407409,407424,407409
FCFS,6202,8301,70,415722,415792,407421,407491,407421
FCFS,4278,8301,31,415792,415823,407491,407522,407491
FCFS,5601,8302,80,415823,415903,407521,407601,407521
FCFS,4138,8305,14,415903,415917,407598,407612,407598
FCFS,478,8306,55,415917,415972,407611,407666,407611
FCFS,3914,8306,91,415972,416063,407666,407757,407666
FCFS,4787,8307,62,416063,416125,407756,407818,407756
FCFS,5674,8307,38,416125,416163,407818,407856,407818
FCFS,3467,8307,23,416163,416186,407856,407879,407856
FCFS,401,8308,96,416186,416282,407878,407974,407878
FCFS,396,8311,52,416282,416334,407971,408023,407971
FCFS,3851,8312,50,416334,416384,408022,408072,408022
FCFS,5828,8313,59,416384,416443,408071,408130,408071
FCFS,7490,8314,66,416443,416509,408129,408195,408129
FCFS,2955,8315,86,416509,416595,408194,408280,408194
FCFS,5871,8316,97,416595,416692,408279,408376,408279
FCFS,3688,8319,83,416692,416775,408373,408456,408373
FCFS,322,8319,86,416775,416861,408456,408542,408456
FCFS,5876,8320,77,416861,416938,408541,408618,408541
FCFS,1787,8320,59,416938,416997,408618,408677,408618
FCFS,5069,8320,62,416997,417059,408677,408739,408677
FCFS,5942,8321,70,417059,417129,408738,408808,408738
FCFS,1706,8321,79,417129,417208,408808,408887,408808
FCFS,10,8322,19,417208,417227,408886,408905,408886
FCFS,9970,8324,65,417227,417292,408903,408968,408903
FCFS,2055,8325,16,417292,417308,408967,408983,408967
FCFS,8083,8325,8,417308,417316,408983,408991,408983
FCFS,9633,8326,66,417316,417382,408990,409056,408990
FCFS,3843,8326,28,417382,417410,409056,409084,409056
FCFS,3925,8328,90,417410,417500,409082,409172,409082
FCFS,7459,8328,87,417500,417587,409172,409259,409172
FCFS,2403,8329,86,417587,417673,409258,409344,409258
FCFS,8868,8330,58,417673,417731,409343,409401,409343
FCFS,8482,8333,47,417731,417778,409398,409445,409398
FCFS,2782,8333,6,417778,417784,409445,409451,409445
FCFS,5528,8334,63,417784,417847,409450,409513,409450
FCFS,527,8335,54,417847,417901,409512,409566,409512
FCFS,218,8338,62,417901,417963,409563,409625,409563
FCFS,8615,8338,16,417963,417979,409625,409641,409625
FCFS,4881,8339,16,417979,417995,409640,409656,409640
FCFS,1205,8340,79,417995,418074,409655,409734,409655
FCFS,8037,8340,44,418074,418118,409734,409778,409734
FCFS,3780,8342,43,418118,418161,409776,409819,409776
FCFS,7685,8343,65,418161,418226,409818,409883,409818
FCFS,3717,8345,63,418226,418289,409881,409944,409881
FCFS,3474,8345,47,418289,418336,409944,409991,409944
FCFS,5242,8346,12,418336,418348,409990,410002,409990
FCFS,6491,8347,1,418348,418349,410001,410002,410001
FCFS,4417,8347,50,418349,418399,410002,410052,410002
FCFS,3361,8350,14,418399,418413,410049,410063,410049
FCFS,267,8352,4,418413,418417,410061,410065,410061
FCFS,3252,8353,63,418417,418480,410064,410127,410064
FCFS,7882,8353,95,418480,418575,410127,410222,410127
FCFS,1124,8356,44,418575,418619,410219,410263,410219
FCFS,1578,8357,13,418619,418632,410262,410275,410262
FCFS,5089,8362,39,418632,418671,410270,410309,410270
FCFS,5776,8362,7,418671,418678,410309,410316,410309
FCFS,1244,8363,25,418678,418703,410315,410340,410315
FCFS,7089,8363,66,418703,418769,410340,410406,410340
FCFS,2829,8365,29,418769,418798,410404,410433,410404
FCFS,3758,8367,35,418798,418833,410431,410466,410431
FCFS,6233,8368,56,418833,418889,410465,410521,410465
FCFS,9476,8370,17,418889,418906,410519,410536,410519
FCFS,6210,8371,79,418906,418985,410535,410614,410535
FCFS,4965,8376,47,418985,419032,410609,410656,410609
FCFS,4807,8378,55,419032,419087,410654,410709,410654
FCFS,1211,8378,87,419087,419174,410709,410796,410709
FCFS,4694,8378,48,419174,419222,410796,410844,410796
FCFS,8861,8378,77,419222,419299,410844,410921,410844
FCFS,2621,8381,33,419299,419332,410918,410951,410918
FCFS,9749,8381,23,419332,419355,410951,410974,410951
FCFS,4577,8383,13,419355,419368,410972,410985,410972
FCFS,8002,8384,41,419368,419409,410984,411025,410984
FCFS,3988,8385,91,419409,419500,411024,411115,411024
FCFS,3323,8386,82,419500,419582,411114,411196,411114
FCFS,5006,8386,31,419582,419613,411196,411227,411196
FCFS,6320,8388,81,419613,419694,411225,411306,411225
FCFS,954,8389,95,419694,419789,411305,411400,411305
FCFS,3205,8389,44,419789,419833,411400,411444,411400
FCFS,6858,8391,8,419833,419841,411442,411450,411442
FCFS,103,8392,25,419841,419866,411449,411474,411449
FCFS,3101,8392,48,419866,419914,411474,411522,411474
FCFS,1034,8393,87,419914,420001,411521,411608,411521
FCFS,4008,8397,17,420001,420018,411604,411621,411604
FCFS,3712,8399,86,420018,420104,411619,411705,411619
FCFS,9274,8399,80,420104,420184,411705,411785,411705
FCFS,6846,8399,14,420184,420198,411785,411799,411785
FCFS,6557,8400,34,420198,420232,411798,411832,411798
FCFS,7855,8401,24,420232,420256,411831,411855,411831
FCFS,7483,8405,87,420256,420343,411851,411938,411851
FCFS,1261,8407,86,420343,420429,411936,412022,411936
FCFS,5282,8411,46,420429,420475,412018,412064,412018
FCFS,4042,8411,61,420475,420536,412064,412125,412064
FCFS,4365,8411,58,420536,420594,412125,412183,412125
FCFS,6343,8412,16,420594,420610,412182,412198,412182
FCFS,8431,8414,99,420610,420709,412196,412295,412196
FCFS,7775,8414,5,420709,420714,412295,412300,412295
FCFS,5281,8415,85,420714,420799,412299,412384,412299
FCFS,665,8415,3,420799,420802,412384,412387,412384
FCFS,4316,8417,75,420802,420877,412385,412460,412385
FCFS,6364,8417,22,420877,420899,412460,412482,412460
FCFS,7214,8417,29,420899,420928,412482,412511,412482
FCFS,3237,8418,56,420928,420984,412510,412566,412510
FCFS,6689,8418,7,420984,420991,412566,412573,412566
FCFS,8036,8419,8,420991,420999,412572,412580,412572
FCFS,9939,8419,96,420999,421095,412580,412676,412580
FCFS,7549,8420,44,421095,421139,412675,412719,412675
FCFS,7724,8424,70,421139,421209,412715,412785,412715
FCFS,7848,8427,85,421209,421294,412782,412867,412782
FCFS,706,8427,78,421294,421372,412867,412945,412867
FCFS,1164,8428,55,421372,421427,412944,412999,412944
FCFS,7438,8428,77,421427,421504,412999,413076,412999
FCFS,6085,8429,77,421504,421581,413075,413152,413075
FCFS,2074,8429,81,421581,421662,413152,413233,413152
FCFS,4812,8430,44,421662,421706,413232,413276,413232
FCFS,8865,8431,52,421706,421758,413275,413327,413275
FCFS,4803,8432,30,421758,421788,413326,413356,413326
FCFS,2185,8433,2,421788,421790,413355,413357,413355
FCFS,2150,8433,91,421790,421881,413357,413448,413357
FCFS,43,8433,10,421881,421891,413448,413458,413448
FCFS,6183,8433,67,421891,421958,413458,413525,413458
FCFS,857,8434,40,421958,421998,413524,413564,413524
FCFS,7524,8434,8,421998,422006,413564,413572,413564
FCFS,5171,8435,43,422006,422049,413571,413614,413571
FCFS,2048,8435,77,422049,422126,413614,413691,413614
FCFS,1331,8436,19,422126,422145,413690,413709,413690
FCFS,3408,8436,38,422145,422183,413709,413747,413709
FCFS,2597,8438,52,422183,422235,413745,413797,413745
FCFS,3958,8442,20,422235,422255,413793,413813,413793
FCFS,1630,8442,51,422255,422306,413813,413864,413813
FCFS,8427,8444,41,422306,422347,413862,413903,413862
FCFS,8092,8444,37,422347,422384,413903,413940,413903
FCFS,6269,8445,4,422384,422388,413939,413943,413939
FCFS,3518,8445,39,422388,422427,413943,413982,413943
FCFS,7820,8445,71,422427,422498,413982,414053,413982
FCFS,257,8445,24,422498,422522,414053,414077,414053
FCFS,6284,8446,87,422522,422609,414076,414163,414076
FCFS,6305,8446,57,422609,422666,414163,414220,414163
FCFS,6311,8447,82,422666,422748,414219,414301,414219
FCFS,5222,8448,10,422748,422758,414300,414310,414300
FCFS,3102,8448,22,422758,422780,414310,414332,414310
FCFS,6526,8449,10,422780,422790,414331,414341,414331
FCFS,6841,8450,53,422790,422843,414340,414393,414340
FCFS,2043,8453,67,422843,422910,414390,414457,414390
FCFS,5742,8456,32,422910,422942,414454,414486,414454
FCFS,5284,8456,95,422942,423037,414486,414581,414486
FCFS,9374,8457,33,423037,423070,414580,414613,414580
FCFS,9979,8457,73,423070,423143,414613,414686,414613
FCFS,3012,8458,33,423143,423176,414685,414718,414685
FCFS,7912,8458,19,423176,423195,414718,414737,414718
FCFS,8602,8459,11,423195,423206,414736,414747,414736
FCFS,7023,8461,15,423206,423221,414745,414760,414745
FCFS,2444,8461,72,423221,423293,414760,414832,414760
FCFS,5253,8462,39,423293,423332,414831,414870,414831
FCFS,8799,8462,60,423332,423392,414870,414930,414870
FCFS,3555,8463,14,423392,423406,414929,414943,414929
FCFS,4486,8464,40,423406,423446,414942,414982,414942
FCFS,9807,8464,40,423446,423486,414982,415022,414982
FCFS,5258,8465,9,423486,423495,415021,415030,415021
FCFS,1576,8465,48,423495,423543,415030,415078,415030
FCFS,5518,8465,76,423543,423619,415078,415154,415078
FCFS,1764,8467,62,423619,423681,415152,415214,415152
FCFS,4397,8467,83,423681,423764,415214,415297,415214
FCFS,3869,8468,2,423764,423766,415296,415298,415296
FCFS,8710,8469,4,423766,423770,415297,415301,415297
FCFS,4620,8469,23,423770,423793,415301,415324,415301
FCFS,762,8472,98,423793,423891,415321,415419,415321
FCFS,2688,8472,51,423891,423942,415419,415470,415419
FCFS,2287,8474,83,423942,424025,415468,415551,415468
FCFS,3746,8475,52,424025,424077,415550,415602,415550
FCFS,7636,8475,78,424077,424155,415602,415680,415602
FCFS,4858,8476,7,424155,424162,415679,415686,415679
FCFS,1496,8476,77,424162,424239,415686,415763,415686
FCFS,1084,8477,37,424239,424276,415762,415799,415762
FCFS,4734,8479,23,424276,424299,415797,415820,415797
FCFS,9170,8480,21,424299,424320,415819,415840,415819
FCFS,8621,8480,59,424320,424379,415840,415899,415840
FCFS,6950,8488,43,424379,424422,415891,415934,415891
FCFS,5465,8488,9,424422,424431,415934,415943,415934
FCFS,4121,8490,80,424431,424511,415941,416021,415941
FCFS,8348,8490,37,424511,424548,416021,416058,416021
FCFS,7251,8490,83,424548,424631,416058,416141,416058
FCFS,2983,8491,39,424631,424670,416140,416179,416140
FCFS,9533,8493,72,424670,424742,416177,416249,416177
FCFS,8097,8493,64,424742,424806,416249,416313,416249
FCFS,9683,8494,82,424806,424888,416312,416394,416312
FCFS,9506,8494,99,424888,424987,416394,416493,416394
FCFS,4923,8497,16,424987,425003,416490,416506,416490
FCFS,3541,8497,39,425003,425042,416506,416545,416506
FCFS,9672,8498,68,425042,425110,416544,416612,416544
FCFS,6546,8498,48,425110,425158,416612,416660,416612
FCFS,3552,8501,63,425158,425221,416657,416720,416657
FCFS,6667,8501,61,425221,425282,416720,416781,416720
FCFS,1321,8502,27,425282,425309,416780,416807,416780
FCFS,8155,8502,47,425309,425356,416807,416854,416807
FCFS,1659,8503,84,425356,425440,416853,416937,416853
FCFS,5154,8504,95,425440,425535,416936,417031,416936
FCFS,6906,8505,42,425535,425577,417030,417072,417030
FCFS,2329,8505,86,425577,425663,417072,417158,417072
FCFS,1615,8508,36,425663,425699,417155,417191,417155
FCFS,7050,8511,74,425699,425773,417188,417262,417188
FCFS,900,8512,43,425773,425816,417261,417304,417261
FCFS,5364,8514,63,425816,425879,417302,417365,417302
FCFS,8643,8515,78,425879,425957,417364,417442,417364
FCFS,5580,8516,80,425957,426037,417441,417521,417441
FCFS,5866,8518,26,426037,426063,417519,417545,417519
FCFS,1108,8519,5,426063,426068,417544,417549,417544
FCFS,4410,8519,3,426068,426071,417549,417552,417549
FCFS,6271,8520,64,426071,426135,417551,417615,417551
FCFS,6148,8521,72,426135,426207,417614,417686,417614
FCFS,9676,8524,65,426207,426272,417683,417748,417683
FCFS,7239,8524,15,426272,426287,417748,417763,417748
FCFS,7630,8526,7,426287,426294,417761,417768,417761
FCFS,449,8527,88,426294,426382,417767,417855,417767
FCFS,8550,8529,14,426382,426396,417853,417867,417853
FCFS,76,8529,34,426396,426430,417867,417901,417867
FCFS,7456,8529,20,426430,426450,417901,417921,417901
FCFS,5311,8531,36,426450,426486,417919,417955,417919
FCFS,4921,8532,59,426486,426545,417954,418013,417954
FCFS,1988,8533,47,426545,426592,418012,418059,418012
FCFS,1068,8533,18,426592,426610,418059,418077,418059
FCFS,9969,8533,21,426610,426631,418077,418098,418077
FCFS,3534,8533,79,426631,426710,418098,418177,418098
FCFS,6213,8534,47,426710,426757,418176,418223,418176
FCFS,6231,8534,50,426757,426807,418223,418273,418223
FCFS,2510,8535,20,426807,426827,418272,418292,418272
FCFS,7766,8536,18,426827,426845,418291,418309,418291
FCFS,5505,8536,28,426845,426873,418309,418337,418309
FCFS,7698,8539,42,426873,426915,418334,418376,418334
FCFS,6786,8540,47,426915,426962,418375,418422,418375
FCFS,5699,8543,65,426962,427027,418419,418484,418419
FCFS,7275,8547,53,427027,427080,418480,418533,418480
FCFS,3264,8547,27,427080,427107,418533,418560,418533
FCFS,3397,8548,38,427107,427145,418559,418597,418559
FCFS,628,8549,43,427145,427188,418596,418639,418596
FCFS,3121,8549,15,427188,427203,418639,418654,418639
FCFS,4596,8551,78,427203,427281,418652,418730,418652
FCFS,2229,8551,9,427281,427290,418730,418739,418730
FCFS,2307,8553,37,427290,427327,418737,418774,418737
FCFS,7029,8553,22,427327,427349,418774,418796,418774
FCFS,996,8554,58,427349,427407,418795,418853,418795
FCFS,2014,8555,36,427407,427443,418852,418888,418852
FCFS,2972,8556,54,427443,427497,418887,418941,418887
FCFS,5148,8557,15,427497,427512,418940,418955,418940
FCFS,7157,8558,71,427512,427583,418954,419025,418954
FCFS,5373,8558,10,427583,427593,419025,419035,419025
FCFS,3611,8560,62,427593,427655,419033,419095,419033
FCFS,3779,8560,98,427655,427753,419095,419193,419095
FCFS,2240,8561,51,427753,427804,419192,419243,419192
FCFS,2482,8562,66,427804,427870,419242,419308,419242
FCFS,7512,8563,9,427870,427879,419307,419316,419307
FCFS,6513,8564,97,427879,427976,419315,419412,419315
FCFS,1882,8564,51,427976,428027,419412,419463,419412
FCFS,4199,8566,81,428027,428108,419461,419542,419461
FCFS,2889,8566,26,428108,428134,419542,419568,419542
FCFS,3651,8566,64,428134,428198,419568,419632,419568
FCFS,1345,8567,7,428198,428205,419631,419638,419631
FCFS,911,8567,76,428205,428281,419638,419714,419638
FCFS,6180,8569,45,428281,428326,419712,419757,419712
FCFS,2237,8569,79,428326,428405,419757,419836,419757
FCFS,82,8571,37,428405,428442,419834,419871,419834
FCFS,5142,8572,42,428442,428484,419870,419912,419870
FCFS,8221,8572,99,428484,428583,419912,420011,419912
FCFS,9246,8572,66,428583,428649,420011,420077,420011
FCFS,3532,8575,46,428649,428695,420074,420120,420074
FCFS,3986,8575,13,428695,428708,420120,420133,420120
FCFS,1043,8577,70,428708,428778,420131,420201,420131
FCFS,3282,8578,72,428778,428850,420200,420272,420200
FCFS,9196,8578,92,428850,428942,420272,420364,420272
FCFS,4884,8579,18,428942,428960,420363,420381,420363
FCFS,707,8580,72,428960,429032,420380,420452,420380
FCFS,9963,8584,11,429032,429043,420448,420459,420448
FCFS,3334,8584,33,429043,429076,420459,420492,420459
FCFS,1573,8586,90,429076,429166,420490,420580,420490
FCFS,7755,8587,56,429166,429222,420579,420635,420579
FCFS,3244,8588,16,429222,429238,420634,420650,420634
FCFS,2394,8590,14,429238,429252,420648,420662,420648
FCFS,2113,8591,57,429252,429309,420661,420718,420661
FCFS,7384,8592,60,429309,429369,420717,420777,420717
FCFS,1279,8592,50,429369,429419,420777,420827,420777
FCFS,8597,8593,15,429419,429434,420826,420841,420826
FCFS,7843,8593,2,429434,429436,420841,420843,420841
FCFS,9950,8594,86,429436,429522,420842,420928,420842
FCFS,1671,8595,27,429522,429549,420927,420954,420927
FCFS,4374,8597,95,429549,429644,420952,421047,420952
FCFS,2045,8597,92,429644,429736,421047,421139,421047
FCFS,7536,8598,48,429736,429784,421138,421186,421138
FCFS,2209,8599,60,429784,429844,421185,421245,421185
FCFS,1636,8601,70,429844,429914,421243,421313,421243
FCFS,6434,8605,15,429914,429929,421309,421324,421309
FCFS,3108,8605,64,429929,429993,421324,421388,421324
FCFS,9386,8606,90,429993,430083,421387,421477,421387
FCFS,6636,8609,21,430083,430104,421474,421495,421474
FCFS,1046,8609,53,430104,430157,421495,421548,421495
FCFS,2842,8611,36,430157,430193,421546,421582,421546
FCFS,5346,8611,92,430193,430285,421582,421674,421582
FCFS,6330,8613,11,430285,430296,421672,421683,421672
FCFS,7797,8613,14,430296,430310,421683,421697,421683
FCFS,4467,8615,39,430310,430349,421695,421734,421695
FCFS,2178,8616,40,430349,430389,421733,421773,421733
FCFS,2485,8616,8,430389,430397,421773,421781,421773
FCFS,5779,8617,87,430397,430484,421780,421867,421780
FCFS,1612,8619,95,430484,430579,421865,421960,421865
FCFS,9959,8620,4,430579,430583,421959,421963,421959
FCFS,4811,8622,55,430583,430638,421961,422016,421961
FCFS,1351,8623,19,430638,430657,422015,422034,422015
FCFS,2378,8623,50,430657,430707,422034,422084,422034
FCFS,6390,8624,26,430707,430733,422083,422109,422083
FCFS,7381,8624,90,430733,430823,422109,422199,422109
FCFS,9502,8625,13,430823,430836,422198,422211,422198
FCFS,8085,8625,15,430836,430851,422211,422226,422211
FCFS,6370,8625,44,430851,430895,422226,422270,422226
FCFS,8457,8627,85,430895,430980,422268,422353,422268
FCFS,6232,8627,38,430980,431018,422353,422391,422353
FCFS,9718,8630,77,431018,431095,422388,422465,422388
FCFS,1952,8632,49,431095,431144,422463,422512,422463
FCFS,1172,8633,96,431144,431240,422511,422607,422511
FCFS,5728,8633,40,431240,431280,422607,422647,422607
FCFS,8843,8633,62,431280,431342,422647,422709,422647
FCFS,9280,8634,6,431342,431348,422708,422714,422708
FCFS,6104,8634,6,431348,431354,422714,422720,422714
FCFS,9539,8635,31,431354,431385,422719,422750,422719
FCFS,4953,8635,79,431385,431464,422750,422829,422750
FCFS,3827,8636,2,431464,431466,422828,422830,422828
FCFS,1900,8636,85,431466,431551,422830,422915,422830
FCFS,7413,8636,95,431551,431646,422915,423010,422915
FCFS,6804,8638,45,431646,431691,423008,423053,423008
FCFS,3933,8640,48,431691,431739,423051,423099,423051
FCFS,8416,8641,91,431739,431830,423098,423189,423098
FCFS,3682,8643,58,431830,431888,423187,423245,423187
FCFS,9093,8643,5,431888,431893,423245,423250,423245
FCFS,4726,8644,54,431893,431947,423249,423303,423249
FCFS,6216,8646,10,431947,431957,423301,423311,423301
FCFS,1190,8646,60,431957,432017,423311,423371,423311
FCFS,592,8647,20,432017,432037,423370,423390,423370
FCFS,2107,8648,92,432037,432129,423389,423481,423389
FCFS,7763,8648,66,432129,432195,423481,423547,423481
FCFS,8990,8650,19,432195,432214,423545,423564,423545
FCFS,8890,8652,91,432214,432305,423562,423653,423562
FCFS,7057,8652,59,432305,432364,423653,423712,423653
FCFS,3346,8652,90,432364,432454,423712,423802,423712
FCFS,2291,8652,24,432454,432478,423802,423826,423802
FCFS,9721,8655,39,432478,432517,423823,423862,423823
FCFS,9026,8655,78,432517,432595,423862,423940,423862
FCFS,9944,8656,18,432595,432613,423939,423957,423939
FCFS,2156,8656,93,432613,432706,423957,424050,423957
FCFS,9709,8659,85,432706,432791,424047,424132,424047
FCFS,865,8659,33,432791,432824,424132,424165,424132
FCFS,9147,8661,56,432824,432880,424163,424219,424163
FCFS,623,8662,63,432880,432943,424218,424281,424218
FCFS,4570,8662,10,432943,432953,424281,424291,424281
FCFS,3207,8662,18,432953,432971,424291,424309,424291
FCFS,9127,8663,67,432971,433038,424308,424375,424308
FCFS,9840,8664,11,433038,433049,424374,424385,424374
FCFS,22,8666,57,433049,433106,424383,424440,424383
FCFS,1045,8666,97,433106,433203,424440,424537,424440
FCFS,2387,8667,51,433203,433254,424536,424587,424536
FCFS,963,8669,90,433254,433344,424585,424675,424585
FCFS,6172,8669,10,433344,433354,424675,424685,424675
FCFS,5292,8671,57,433354,433411,424683,424740,424683
FCFS,5008,8671,19,433411,433430,424740,424759,424740
FCFS,8007,8672,42,433430,433472,424758,424800,424758
FCFS,3903,8676,86,433472,433558,424796,424882,424796
FCFS,2552,8676,14,433558,433572,424882,424896,424882
FCFS,6857,8677,59,433572,433631,424895,424954,424895
FCFS,1274,8680,95,433631,433726,424951,425046,424951
FCFS,3324,8680,9,433726,433735,425046,425055,425046
FCFS,222,8680,76,433735,433811,425055,425131,425055
FCFS,4897,8681,34,433811,433845,425130,425164,425130
FCFS,3353,8682,60,433845,433905,425163,425223,425163
FCFS,5849,8683,8,433905,433913,425222,425230,425222
FCFS,4471,8684,79,433913,433992,425229,425308,425229
FCFS,6693,8684,87,433992,434079,425308,425395,425308
FCFS,1319,8684,1,434079,434080,425395,425396,425395
FCFS,83,8684,29,434080,434109,425396,425425,425396
FCFS,3812,8685,84,434109,434193,425424,425508,425424
FCFS,3910,8690,60,434193,434253,425503,425563,425503
FCFS,4473,8690,8,434253,434261,425563,425571,425563
FCFS,2402,8691,18,434261,434279,425570,425588,425570
FCFS,568,8691,4,434279,434283,425588,425592,425588
FCFS,5189,8693,58,434283,434341,425590,425648,425590
FCFS,6518,8695,98,434341,434439,425646,425744,425646
FCFS,5172,8697,10,434439,434449,425742,425752,425742
FCFS,7026,8697,68,434449,434517,425752,425820,425752
FCFS,7349,8699,92,434517,434609,425818,425910,425818
FCFS,7669,8701,49,434609,434658,425908,425957,425908
FCFS,570,8702,31,434658,434689,425956,425987,425956
FCFS,675,8702,75,434689,434764,425987,426062,425987
FCFS,8131,8705,36,434764,434800,426059,426095,426059
FCFS,1139,8705,9,434800,434809,426095,426104,426095
FCFS,8024,8705,56,434809,434865,426104,426160,426104
FCFS,4145,8706,52,434865,434917,426159,426211,426159
FCFS,2295,8706,74,434917,434991,426211,426285,426211
FCFS,1508,8707,23,434991,435014,426284,426307,426284
FCFS,3332,8707,98,435014,435112,426307,426405,426307
FCFS,6707,8708,54,435112,435166,426404,426458,426404
FCFS,9424,8708,66,435166,435232,426458,426524,426458
FCFS,3665,8708,15,435232,435247,426524,426539,426524
FCFS,4833,8711,46,435247,435293,426536,426582,426536
FCFS,3413,8711,38,435293,435331,426582,426620,426582
FCFS,1547,8711,34,435331,435365,426620,426654,426620
FCFS,1563,8712,53,435365,435418,426653,426706,426653
FCFS,3558,8712,39,435418,435457,426706,426745,426706
FCFS,7520,8712,67,435457,435524,426745,426812,426745
FCFS,4975,8713,38,435524,435562,426811,426849,426811
FCFS,6708,8714,64,435562,435626,426848,426912,426848
FCFS,2252,8714,62,435626,435688,426912,426974,426912
FCFS,349,8716,94,435688,435782,426972,427066,426972
FCFS,796,8717,67,435782,435849,427065,427132,427065
FCFS,4986,8718,35,435849,435884,427131,427166,427131
FCFS,7377,8719,10,435884,435894,427165,427175,427165
FCFS,9193,8719,17,435894,435911,427175,427192,427175
FCFS,7158,8719,17,435911,435928,427192,427209,427192
FCFS,9501,8720,81,435928,436009,427208,427289,427208
FCFS,6553,8720,97,436009,436106,427289,427386,427289
FCFS,4573,8721,69,436106,436175,427385,427454,427385
FCFS,9842,8724,11,436175,436186,427451,427462,427451
FCFS,4521,8728,91,436186,436277,427458,427549,427458
FCFS,7935,8728,63,436277,436340,427549,427612,427549
FCFS,9398,8733,46,436340,436386,427607,427653,427607
FCFS,3089,8733,85,436386,436471,427653,427738,427653
FCFS,7132,8733,53,436471,436524,427738,427791,427738
FCFS,2088,8734,82,436524,436606,427790,427872,427790
FCFS,8295,8736,19,436606,436625,427870,427889,427870
FCFS,5909,8737,44,436625,436669,427888,427932,427888
FCFS,6445,8737,53,436669,436722,427932,427985,427932
FCFS,2165,8737,79,436722,436801,427985,428064,427985
FCFS,5705,8737,74,436801,436875,428064,428138,428064
FCFS,6123,8738,1,436875,436876,428137,428138,428137
FCFS,2414,8738,25,436876,436901,428138,428163,428138
FCFS,6872,8740,51,436901,436952,428161,428212,428161
FCFS,8801,8741,81,436952,437033,428211,428292,428211
FCFS,9740,8741,19,437033,437052,428292,428311,428292
FCFS,7356,8742,21,437052,437073,428310,428331,428310
FCFS,9791,8744,60,437073,437133,428329,428389,428329
FCFS,4960,8745,4,437133,437137,428388,428392,428388
FCFS,6060,8747,35,437137,437172,428390,428425,428390
FCFS,8522,8749,74,437172,437246,428423,428497,428423
FCFS,5204,8750,29,437246,437275,428496,428525,428496
FCFS,3739,8751,33,437275,437308,428524,428557,428524
FCFS,9512,8751,26,437308,437334,428557,428583,428557
FCFS,3597,8752,26,437334,437360,428582,428608,428582
FCFS,2220,8754,18,437360,437378,428606,428624,428606
FCFS,287,8754,34,437378,437412,428624,428658,428624
FCFS,131,8755,15,437412,437427,428657,428672,428657
FCFS,3874,8758,48,437427,437475,428669,428717,428669
FCFS,5894,8758,96,437475,437571,428717,428813,428717
FCFS,8873,8759,44,437571,437615,428812,428856,428812
FCFS,6326,8761,89,437615,437704,428854,428943,428854
FCFS,2586,8766,13,437704,437717,428938,428951,428938
FCFS,1039,8766,75,437717,437792,428951,429026,428951
FCFS,2922,8767,24,437792,437816,429025,429049,429025
FCFS,8888,8768,93,437816,437909,429048,429141,429048
FCFS,2762,8770,2,437909,437911,429139,429141,429139
FCFS,6816,8772,25,437911,437936,429139,429164,429139
FCFS,4273,8775,16,437936,437952,429161,429177,429161
FCFS,5978,8777,1,437952,437953,429175,429176,429175
FCFS,6420,8779,67,437953,438020,429174,429241,429174
FCFS,1461,8780,42,438020,438062,429240,429282,429240
FCFS,8053,8780,53,438062,438115,429282,429335,429282
FCFS,1548,8782,73,438115,438188,429333,429406,429333
FCFS,1593,8783,77,438188,438265,429405,429482,429405
FCFS,2051,8785,54,438265,438319,429480,429534,429480
FCFS,6810,8787,94,438319,438413,429532,429626,429532
FCFS,511,8787,81,438413,438494,429626,429707,429626
FCFS,6221,8787,44,438494,438538,429707,429751,429707
FCFS,2687,8787,78,438538,438616,429751,429829,429751
FCFS,7119,8788,71,438616,438687,429828,429899,429828
FCFS,2279,8789,87,438687,438774,429898,429985,429898
FCFS,7804,8789,44,438774,438818,429985,430029,429985
FCFS,4767,8790,51,438818,438869,430028,430079,430028
FCFS,8130,8791,4,438869,438873,430078,430082,430078
FCFS,3454,8792,41,438873,438914,430081,430122,430081
FCFS,5141,8792,77,438914,438991,430122,430199,430122
FCFS,42,8792,61,438991,439052,430199,430260,430199
FCFS,6995,8793,8,439052,439060,430259,430267,430259
FCFS,7865,8795,84,439060,439144,430265,430349,430265
FCFS,1010,8795,34,439144,439178,430349,430383,430349
FCFS,8122,8795,39,439178,439217,430383,430422,430383
FCFS,4102,8799,35,439217,439252,430418,430453,430418
FCFS,207,8800,69,439252,439321,430452,430521,430452
FCFS,2115,8800,34,439321,439355,430521,430555,430521
FCFS,1188,8801,89,439355,439444,430554,430643,430554
FCFS,3742,8801,8,439444,439452,430643,430651,430643
FCFS,5673,8802,52,439452,439504,430650,430702,430650
FCFS,7293,8802,81,439504,439585,430702,430783,430702
FCFS,5816,8802,86,439585,439671,430783,430869,430783
FCFS,7404,8804,84,439671,439755,430867,430951,430867
FCFS,2577,8804,16,439755,439771,430951,430967,430951
FCFS,4610,8806,21,439771,439792,430965,430986,430965
FCFS,7306,8808,43,439792,439835,430984,431027,430984
FCFS,8614,8808,30,439835,439865,431027,431057,431027
FCFS,479,8808,97,439865,439962,431057,431154,431057
FCFS,7575,8809,8,439962,439970,431153,431161,431153
FCFS,3385,8811,68,439970,440038,431159,431227,431159
FCFS,8584,8812,28,440038,440066,431226,431254,431226
FCFS,237,8815,18,440066,440084,431251,431269,431251
FCFS,7772,8817,29,440084,440113,431267,431296,431267
FCFS,1285,8820,64,440113,440177,431293,431357,431293
FCFS,4287,8828,84,440177,440261,431349,431433,431349
FCFS,6905,8828,4,440261,440265,431433,431437,431433
FCFS,8877,8831,8,440265,440273,431434,431442,431434
FCFS,2651,8831,34,440273,440307,431442,431476,431442
FCFS,5057,8832,46,440307,440353,431475,431521,431475
FCFS,9741,8834,46,440353,440399,431519,431565,431519
FCFS,6015,8834,27,440399,440426,431565,431592,431565
FCFS,3322,8835,12,440426,440438,431591,431603,431591
FCFS,8207,8837,39,440438,440477,431601,431640,431601
FCFS,3904,8837,98,440477,440575,431640,431738,431640
FCFS,868,8837,37,440575,440612,431738,431775,431738
FCFS,40,8838,71,440612,440683,431774,431845,431774
FCFS,4066,8841,22,440683,440705,431842,431864,431842
FCFS,1948,8841,56,440705,440761,431864,431920,431864
FCFS,2243,8843,8,440761,440769,431918,431926,431918
FCFS,5090,8844,67,440769,440836,431925,431992,431925
FCFS,8493,8847,68,440836,440904,431989,432057,431989
FCFS,3006,8848,86,440904,440990,432056,432142,432056
FCFS,4637,8848,44,440990,441034,432142,432186,432142
FCFS,9044,8848,1,441034,441035,432186,432187,432186
FCFS,4718,8849,31,441035,441066,432186,432217,432186
FCFS,3636,8850,56,441066,441122,432216,432272,432216
FCFS,3161,8851,72,441122,441194,432271,432343,432271
FCFS,8533,8853,27,441194,441221,432341,432368,432341
FCFS,1942,8853,16,441221,441237,432368,432384,432368
FCFS,2280,8853,74,441237,441311,432384,432458,432384
FCFS,8655,8855,75,441311,441386,432456,432531,432456
FCFS,7782,8856,78,441386,441464,432530,432608,432530
FCFS,6018,8857,12,441464,441476,432607,432619,432607
FCFS,3450,8858,72,441476,441548,432618,432690,432618
FCFS,3193,8859,65,441548,441613,432689,432754,432689
FCFS,8387,8859,58,441613,441671,432754,432812,432754
FCFS,5926,8861,73,441671,441744,432810,432883,432810
FCFS,9423,8864,37,441744,441781,432880,432917,432880
FCFS,5181,8864,21,441781,441802,432917,432938,432917
FCFS,7296,8864,61,441802,441863,432938,432999,432938
FCFS,702,8865,2,441863,441865,432998,433000,432998
FCFS,491,8867,22,441865,441887,432998,433020,432998
FCFS,6959,8867,41,441887,441928,433020,433061,433020
FCFS,4631,8869,31,441928,441959,433059,433090,433059
FCFS,5024,8872,18,441959,441977,433087,433105,433087
FCFS,8390,8872,27,441977,442004,433105,433132,433105
FCFS,7099,8874,66,442004,442070,433130,433196,433130
FCFS,5418,8876,81,442070,442151,433194,433275,433194
FCFS,6648,8879,4,442151,442155,433272,433276,433272
FCFS,7730,8880,6,442155,442161,433275,433281,433275
FCFS,6826,8880,84,442161,442245,433281,433365,433281
FCFS,5660,8881,46,442245,442291,433364,433410,433364
FCFS,1554,8884,40,442291,442331,433407,433447,433407
FCFS,5400,8890,63,442331,442394,433441,433504,433441
FCFS,3524,8891,98,442394,442492,433503,433601,433503
FCFS,7682,8893,93,442492,442585,433599,433692,433599
FCFS,6520,8894,31,442585,442616,433691,433722,433691
FCFS,2296,8894,66,442616,442682,433722,433788,433722
FCFS,5895,8895,31,442682,442713,433787,433818,433787
FCFS,7220,8895,36,442713,442749,433818,433854,433818
FCFS,2419,8895,74,442749,442823,433854,433928,433854
FCFS,1352,8896,9,442823,442832,433927,433936,433927
FCFS,7969,8897,42,442832,442874,433935,433977,433935
FCFS,9230,8899,43,442874,442917,433975,434018,433975
FCFS,160,8901,48,442917,442965,434016,434064,434016
FCFS,4663,8901,51,442965,443016,434064,434115,434064
FCFS,1269,8901,80,443016,443096,434115,434195,434115
FCFS,8788,8903,92,443096,443188,434193,434285,434193
FCFS,9693,8904,29,443188,443217,434284,434313,434284
FCFS,1595,8905,89,443217,443306,434312,434401,434312
FCFS,819,8905,83,443306,443389,434401,434484,434401
FCFS,583,8905,61,443389,443450,434484,434545,434484
FCFS,1875,8906,77,443450,443527,434544,434621,434544
FCFS,2191,8906,18,443527,443545,434621,434639,434621
FCFS,1624,8907,54,443545,443599,434638,434692,434638
FCFS,9794,8907,64,443599,443663,434692,434756,434692
FCFS,9419,8911,21,443663,443684,434752,434773,434752
FCFS,5933,8911,72,443684,443756,434773,434845,434773
FCFS,3907,8912,45,443756,443801,434844,434889,434844
FCFS,1079,8914,88,443801,443889,434887,434975,434887
FCFS,877,8915,30,443889,443919,434974,435004,434974
FCFS,2637,8915,32,443919,443951,435004,435036,435004
FCFS,6691,8919,76,443951,444027,435032,435108,435032
FCFS,1582,8920,73,444027,444100,435107,435180,435107
FCFS,5190,8921,46,444100,444146,435179,435225,435179
FCFS,2775,8921,37,444146,444183,435225,435262,435225
FCFS,3996,8923,70,444183,444253,435260,435330,435260
FCFS,4607,8923,6,444253,444259,435330,435336,435330
FCFS,546,8924,39,444259,444298,435335,435374,435335
FCFS,4464,8924,63,444298,444361,435374,435437,435374
FCFS,5990,8926,2,444361,444363,435435,435437,435435
FCFS,1848,8927,60,444363,444423,435436,435496,435436
FCFS,1322,8930,70,444423,444493,435493,435563,435493
FCFS,3289,8931,87,444493,444580,435562,435649,435562
FCFS,400,8932,3,444580,444583,435648,435651,435648
FCFS,3831,8933,31,444583,444614,435650,435681,435650
FCFS,8189,8934,35,444614,444649,435680,435715,435680
FCFS,5251,8938,26,444649,444675,435711,435737,435711
FCFS,8081,8940,18,444675,444693,435735,435753,435735
FCFS,1647,8941,54,444693,444747,435752,435806,435752
FCFS,1223,8942,80,444747,444827,435805,435885,435805
FCFS,6166,8943,56,444827,444883,435884,435940,435884
FCFS,6417,8945,99,444883,444982,435938,436037,435938
FCFS,472,8945,94,444982,445076,436037,436131,436037
FCFS,1662,8946,48,445076,445124,436130,436178,436130
FCFS,5197,8947,2,445124,445126,436177,436179,436177
FCFS,6531,8949,20,445126,445146,436177,436197,436177
FCFS,7557,8949,1,445146,445147,436197,436198,436197
FCFS,9748,8953,27,445147,445174,436194,436221,436194
FCFS,9513,8953,1,445174,445175,436221,436222,436221
FCFS,4266,8954,82,445175,445257,436221,436303,436221
FCFS,1498,8954,10,445257,445267,436303,436313,436303
FCFS,197,8958,42,445267,445309,436309,436351,436309
FCFS,6336,8959,61,445309,445370,436350,436411,436350
FCFS,8467,8959,54,445370,445424,436411,436465,436411
FCFS,4096,8960,66,445424,445490,436464,436530,436464
FCFS,7255,8961,67,445490,445557,436529,436596,436529
FCFS,6367,8963,4,445557,445561,436594,436598,436594
FCFS,2221,8964,81,445561,445642,436597,436678,436597
FCFS,1131,8966,64,445642,445706,436676,436740,436676
FCFS,474,8967,27,445706,445733,436739,436766,436739
FCFS,9463,8967,66,445733,445799,436766,436832,436766
FCFS,3255,8967,62,445799,445861,436832,436894,436832
FCFS,4762,8970,65,445861,445926,436891,436956,436891
FCFS,6552,8971,70,445926,445996,436955,437025,436955
FCFS,9902,8974,1,445996,445997,437022,437023,437022
FCFS,8298,8974,84,445997,446081,437023,437107,437023
FCFS,4802,8975,69,446081,446150,437106,437175,437106
FCFS,4865,8975,32,446150,446182,437175,437207,437175
FCFS,5040,8976,24,446182,446206,437206,437230,437206
FCFS,8769,8978,16,446206,446222,437228,437244,437228
FCFS,5570,8979,49,446222,446271,437243,437292,437243
FCFS,2189,8980,16,446271,446287,437291,437307,437291
FCFS,5150,8982,92,446287,446379,437305,437397,437305
FCFS,8932,8983,85,446379,446464,437396,437481,437396
FCFS,8323,8984,19,446464,446483,437480,437499,437480
FCFS,1534,8984,34,446483,446517,437499,437533,437499
FCFS,2068,8984,39,446517,446556,437533,437572,437533
FCFS,1421,8987,71,446556,446627,437569,437640,437569
FCFS,9511,8988,87,446627,446714,437639,437726,437639
FCFS,3405,8988,33,446714,446747,437726,437759,437726
FCFS,2962,8988,97,446747,446844,437759,437856,437759
FCFS,7741,8989,68,446844,446912,437855,437923,437855
FCFS,7171,8989,90,446912,447002,437923,438013,437923
FCFS,659,8989,55,447002,447057,438013,438068,438013
FCFS,5161,8989,94,447057,447151,438068,438162,438068
FCFS,8014,8990,86,447151,447237,438161,438247,438161
FCFS,6192,8992,65,447237,447302,438245,438310,438245
FCFS,4047,8995,42,447302,447344,438307,438349,438307
FCFS,7368,8995,56,447344,447400,438349,438405,438349
FCFS,4216,8996,52,447400,447452,438404,438456,438404
FCFS,107,8996,6,447452,447458,438456,438462,438456
FCFS,1173,8996,12,447458,447470,438462,438474,438462
FCFS,5902,8997,87,447470,447557,438473,438560,438473
FCFS,7690,8998,14,447557,447571,438559,438573,438559
FCFS,9215,9001,68,447571,447639,438570,438638,438570
FCFS,9484,9001,33,447639,447672,438638,438671,438638
FCFS,1329,9005,10,447672,447682,438667,438677,438667
FCFS,6672,9005,36,447682,447718,438677,438713,438677
FCFS,8466,9007,52,447718,447770,438711,438763,438711
FCFS,296,9007,70,447770,447840,438763,438833,438763
FCFS,4479,9008,33,447840,447873,438832,438865,438832
FCFS,4938,9009,53,447873,447926,438864,438917,438864
FCFS,3186,9009,93,447926,448019,438917,439010,438917
FCFS,3202,9010,6,448019,448025,439009,439015,439009
FCFS,2121,9011,75,448025,448100,439014,439089,439014
FCFS,2123,9011,33,448100,448133,439089,439122,439089
FCFS,9928,9011,6,448133,448139,439122,439128,439122
FCFS,3953,9012,32,448139,448171,439127,439159,439127
FCFS,1836,9013,53,448171,448224,439158,439211,439158
FCFS,3849,9014,19,448224,448243,439210,439229,439210
FCFS,1451,9017,57,448243,448300,439226,439283,439226
FCFS,5785,9017,34,448300,448334,439283,439317,439283
FCFS,6909,9017,17,448334,448351,439317,439334,439317
FCFS,4383,9018,70,448351,448421,439333,439403,439333
FCFS,7901,9018,82,448421,448503,439403,439485,439403
FCFS,1290,9018,63,448503,448566,439485,439548,439485
FCFS,7249,9019,23,448566,448589,439547,439570,439547
FCFS,9527,9019,18,448589,448607,439570,439588,439570
FCFS,4872,9021,8,448607,448615,439586,439594,439586
FCFS,6749,9023,2,448615,448617,439592,439594,439592
FCFS,9284,9024,26,448617,448643,439593,439619,439593
FCFS,6688,9026,83,448643,448726,439617,439700,439617
FCFS,9631,9027,58,448726,448784,439699,439757,439699
FCFS,2400,9028,24,448784,448808,439756,439780,439756
FCFS,5325,9030,42,448808,448850,439778,439820,439778
FCFS,8715,9030,27,448850,448877,439820,439847,439820
FCFS,2683,9031,77,448877,448954,439846,439923,439846
FCFS,2453,9032,42,448954,448996,439922,439964,439922
FCFS,4769,9032,11,448996,449007,439964,439975,439964
FCFS,7407,9033,52,449007,449059,439974,440026,439974
FCFS,7750,9034,6,449059,449065,440025,440031,440025
FCFS,5247,9035,5,449065,449070,440030,440035,440030
FCFS,7863,9035,18,449070,449088,440035,440053,440035
FCFS,4956,9036,72,449088,449160,440052,440124,440052
FCFS,7519,9037,22,449160,449182,440123,440145,440123
FCFS,4349,9040,55,449182,449237,440142,440197,440142
FCFS,5372,9041,77,449237,449314,440196,440273,440196
FCFS,1389,9041,81,449314,449395,440273,440354,440273
FCFS,1830,9042,48,449395,449443,440353,440401,440353
FCFS,5071,9043,84,449443,449527,440400,440484,440400
FCFS,9090,9044,34,449527,449561,440483,440517,440483
FCFS,6168,9045,34,449561,449595,440516,440550,440516
FCFS,9802,9046,41,449595,449636,440549,440590,440549
FCFS,2650,9046,81,449636,449717,440590,440671,440590
FCFS,2200,9047,80,449717,449797,440670,440750,440670
FCFS,5734,9053,89,449797,449886,440744,440833,440744
FCFS,6374,9057,79,449886,449965,440829,440908,440829
FCFS,6139,9057,54,449965,450019,440908,440962,440908
FCFS,3400,9061,7,450019,450026,440958,440965,440958
FCFS,118,9062,69,450026,450095,440964,441033,440964
FCFS,4484,9062,97,450095,450192,441033,441130,441033
FCFS,6137,9062,96,450192,450288,441130,441226,441130
FCFS,7610,9063,6,450288,450294,441225,441231,441225
FCFS,7918,9063,31,450294,450325,441231,441262,441231
FCFS,923,9064,81,450325,450406,441261,441342,441261
FCFS,9583,9065,20,450406,450426,441341,441361,441341
FCFS,7760,9065,26,450426,450452,441361,441387,441361
FCFS,6163,9065,83,450452,450535,441387,441470,441387
FCFS,3495,9065,53,450535,450588,441470,441523,441470
FCFS,4709,9067,28,450588,450616,441521,441549,441521
FCFS,2436,9067,6,450616,450622,441549,441555,441549
FCFS,8356,9069,56,450622,450678,441553,441609,441553
FCFS,8875,9073,28,450678,450706,441605,441633,441605
FCFS,4460,9074,38,450706,450744,441632,441670,441632
FCFS,2111,9074,28,450744,450772,441670,441698,441670
FCFS,4251,9076,4,450772,450776,441696,441700,441696
FCFS,1371,9076,44,450776,450820,441700,441744,441700
FCFS,3401,9077,94,450820,450914,441743,441837,441743
FCFS,1487,9077,47,450914,450961,441837,441884,441837
FCFS,1611,9078,74,450961,451035,441883,441957,441883
FCFS,1513,9078,28,451035,451063,441957,441985,441957
FCFS,7058,9078,28,451063,451091,441985,442013,441985
FCFS,9382,9079,17,451091,451108,442012,442029,442012
FCFS,6845,9079,28,451108,451136,442029,442057,442029
FCFS,6117,9080,95,451136,451231,442056,442151,442056
FCFS,4565,9080,28,451231,451259,442151,442179,442151
FCFS,3190,9080,29,451259,451288,442179,442208,442179
FCFS,5707,9080,17,451288,451305,442208,442225,442208
FCFS,5294,9081,50,451305,451355,442224,442274,442224
FCFS,5267,9082,19,451355,451374,442273,442292,442273
FCFS,9228,9083,14,451374,451388,442291,442305,442291
FCFS,3240,9083,75,451388,451463,442305,442380,442305
FCFS,593,9086,69,451463,451532,442377,442446,442377
FCFS,2489,9086,53,451532,451585,442446,442499,442446
FCFS,451,9087,55,451585,451640,442498,442553,442498
FCFS,2630,9087,40,451640,451680,442553,442593,442553
FCFS,5846,9088,78,451680,451758,442592,442670,442592
FCFS,9575,9089,78,451758,451836,442669,442747,442669
FCFS,7212,9089,87,451836,451923,442747,442834,442747
FCFS,6393,9089,21,451923,451944,442834,442855,442834
FCFS,9605,9089,40,451944,451984,442855,442895,442855
FCFS,760,9091,44,451984,452028,442893,442937,442893
FCFS,2148,9092,65,452028,452093,442936,443001,442936
FCFS,890,9093,74,452093,452167,443000,443074,443000
FCFS,1666,9094,40,452167,452207,443073,443113,443073
FCFS,3048,9094,41,452207,452248,443113,443154,443113
FCFS,4280,9095,20,452248,452268,443153,443173,443153
FCFS,5365,9095,25,452268,452293,443173,443198,443173
FCFS,5308,9095,52,452293,452345,443198,443250,443198
FCFS,8726,9096,99,452345,452444,443249,443348,443249
FCFS,7499,9096,14,452444,452458,443348,443362,443348
FCFS,1504,9098,17,452458,452475,443360,443377,443360
FCFS,4924,9099,10,452475,452485,443376,443386,443376
FCFS,3115,9101,77,452485,452562,443384,443461,443384
FCFS,2857,9101,4,452562,452566,443461,443465,443461
FCFS,5017,9103,26,452566,452592,443463,443489,443463
FCFS,8992,9103,41,452592,452633,443489,443530,443489
FCFS,9725,9104,30,452633,452663,443529,443559,443529
FCFS,4424,9104,13,452663,452676,443559,443572,443559
FCFS,5187,9104,86,452676,452762,443572,443658,443572
FCFS,1417,9105,43,452762,452805,443657,443700,443657
FCFS,1136,9106,95,452805,452900,443699,443794,443699
FCFS,7464,9107,49,452900,452949,443793,443842,443793
FCFS,4528,9107,9,452949,452958,443842,443851,443842
FCFS,9701,9107,10,452958,452968,443851,443861,443851
FCFS,4887,9107,15,452968,452983,443861,443876,443861
FCFS,1844,9108,28,452983,453011,443875,443903,443875
FCFS,8310,9108,28,453011,453039,443903,443931,443903
FCFS,1485,9109,8,453039,453047,443930,443938,443930
FCFS,7612,9110,31,453047,453078,443937,443968,443937
FCFS,6388,9110,22,453078,453100,443968,443990,443968
FCFS,1777,9110,1,453100,453101,443990,443991,443990
FCFS,861,9111,48,453101,453149,443990,444038,443990
FCFS,6184,9111,9,453149,453158,444038,444047,444038
FCFS,7729,9112,65,453158,453223,444046,444111,444046
FCFS,5714,9112,15,453223,453238,444111,444126,444111
FCFS,2323,9114,21,453238,453259,444124,444145,444124
FCFS,4514,9114,34,453259,453293,444145,444179,444145
FCFS,3855,9116,39,453293,453332,444177,444216,444177
FCFS,8776,9116,4,453332,453336,444216,444220,444216
FCFS,4258,9116,75,453336,453411,444220,444295,444220
FCFS,4839,9117,26,453411,453437,444294,444320,444294
FCFS,6399,9118,71,453437,453508,444319,444390,444319
FCFS,7066,9118,79,453508,453587,444390,444469,444390
FCFS,3214,9120,95,453587,453682,444467,444562,444467
FCFS,7399,9120,44,453682,453726,444562,444606,444562
FCFS,5185,9121,47,453726,453773,444605,444652,444605
FCFS,2636,9122,38,453773,453811,444651,444689,444651
FCFS,1296,9126,13,453811,453824,444685,444698,444685
FCFS,7502,9126,52,453824,453876,444698,444750,444698
FCFS,2641,9127,87,453876,453963,444749,444836,444749
FCFS,1596,9127,47,453963,454010,444836,444883,444836
FCFS,2254,9127,26,454010,454036,444883,444909,444883
FCFS,1360,9130,12,454036,454048,444906,444918,444906
FCFS,1238,9130,50,454048,454098,444918,444968,444918
FCFS,5726,9130,13,454098,454111,444968,444981,444968
FCFS,4180,9131,56,454111,454167,444980,445036,444980
FCFS,3259,9131,42,454167,454209,445036,445078,445036
FCFS,1693,9131,30,454209,454239,445078,445108,445078
FCFS,7358,9133,15,454239,454254,445106,445121,445106
FCFS,4231,9133,30,454254,454284,445121,445151,445121
FCFS,3062,9134,54,454284,454338,445150,445204,445150
FCFS,3438,9135,15,454338,454353,445203,445218,445203
FCFS,4239,9135,82,454353,454435,445218,445300,445218
FCFS,1864,9135,50,454435,454485,445300,445350,445300
FCFS,2468,9135,83,454485,454568,445350,445433,445350
FCFS,4217,9136,38,454568,454606,445432,445470,445432
FCFS,7202,9137,3,454606,454609,445469,445472,445469
FCFS,3935,9137,69,454609,454678,445472,445541,445472
FCFS,1094,9138,75,454678,454753,445540,445615,445540
FCFS,6842,9139,65,454753,454818,445614,445679,445614
FCFS,8448,9139,66,454818,454884,445679,445745,445679
FCFS,4867,9141,64,454884,454948,445743,445807,445743
FCFS,4133,9141,15,454948,454963,445807,445822,445807
FCFS,5814,9142,76,454963,455039,445821,445897,445821
FCFS,5285,9145,71,455039,455110,445894,445965,445894
FCFS,6243,9145,1,455110,455111,445965,445966,445965
FCFS,280,9146,90,455111,455201,445965,446055,445965
FCFS,4236,9146,48,455201,455249,446055,446103,446055
FCFS,1050,9146,27,455249,455276,446103,446130,446103
FCFS,8220,9148,69,455276,455345,446128,446197,446128
FCFS,293,9151,74,455345,455419,446194,446268,446194
FCFS,1852,9153,49,455419,455468,446266,446315,446266
FCFS,6133,9154,1,455468,455469,446314,446315,446314
FCFS,2232,9154,24,455469,455493,446315,446339,446315
FCFS,1358,9155,22,455493,455515,446338,446360,446338
FCFS,9037,9156,89,455515,455604,446359,446448,446359
FCFS,9720,9157,54,455604,455658,446447,446501,446447
FCFS,5653,9158,29,455658,455687,446500,446529,446500
FCFS,1949,9160,71,455687,455758,446527,446598,446527
FCFS,359,9163,7,455758,455765,446595,446602,446595
FCFS,5612,9164,86,455765,455851,446601,446687,446601
FCFS,8391,9164,51,455851,455902,446687,446738,446687
FCFS,3135,9165,51,455902,455953,446737,446788,446737
FCFS,7554,9166,65,455953,456018,446787,446852,446787
FCFS,4087,9166,11,456018,456029,446852,446863,446852
FCFS,28,9167,85,456029,456114,446862,446947,446862
FCFS,3559,9168,40,456114,456154,446946,446986,446946
FCFS,9236,9168,38,456154,456192,446986,447024,446986
FCFS,3020,9168,78,456192,456270,447024,447102,447024
FCFS,2744,9168,45,456270,456315,447102,447147,447102
FCFS,4799,9169,89,456315,456404,447146,447235,447146
FCFS,4755,9170,19,456404,456423,447234,447253,447234
FCFS,3457,9171,96,456423,456519,447252,447348,447252
FCFS,3336,9171,77,456519,456596,447348,447425,447348
FCFS,2622,9172,6,456596,456602,447424,447430,447424
FCFS,8480,9173,40,456602,456642,447429,447469,447429
FCFS,8324,9173,76,456642,456718,447469,447545,447469
FCFS,6487,9174,44,456718,456762,447544,447588,447544
FCFS,9390,9174,51,456762,456813,447588,447639,447588
FCFS,1410,9175,9,456813,456822,447638,447647,447638
FCFS,4564,9175,3,456822,456825,447647,447650,447647
FCFS,8530,9176,58,456825,456883,447649,447707,447649
FCFS,2615,9177,38,456883,456921,447706,447744,447706
FCFS,6776,9179,61,456921,456982,447742,447803,447742
FCFS,1402,9179,63,456982,457045,447803,447866,447803
FCFS,9082,9180,23,457045,457068,447865,447888,447865
FCFS,1075,9181,13,457068,457081,447887,447900,447887
FCFS,4311,9182,67,457081,457148,447899,447966,447899
FCFS,6398,9182,33,457148,457181,447966,447999,447966
FCFS,384,9183,87,457181,457268,447998,448085,447998
FCFS,9139,9183,33,457268,457301,448085,448118,448085
FCFS,945,9184,1,457301,457302,448117,448118,448117
FCFS,7402,9186,19,457302,457321,448116,448135,448116
FCFS,8059,9186,5,457321,457326,448135,448140,448135
FCFS,9038,9187,7,457326,457333,448139,448146,448139
FCFS,9336,9190,73,457333,457406,448143,448216,448143
FCFS,3003,9190,62,457406,457468,448216,448278,448216
FCFS,7470,9190,85,457468,457553,448278,448363,448278
FCFS,5386,9190,70,457553,457623,448363,448433,448363
FCFS,9069,9193,78,457623,457701,448430,448508,448430
FCFS,5864,9196,31,457701,457732,448505,448536,448505
FCFS,7764,9196,92,457732,457824,448536,448628,448536
FCFS,1867,9196,53,457824,457877,448628,448681,448628
FCFS,6829,9197,54,457877,457931,448680,448734,448680
FCFS,3579,9198,28,457931,457959,448733,448761,448733
FCFS,1760,9200,21,457959,457980,448759,448780,448759
FCFS,3164,9203,88,457980,458068,448777,448865,448777
FCFS,2538,9203,24,458068,458092,448865,448889,448865
FCFS,407,9204,70,458092,458162,448888,448958,448888
FCFS,6349,9205,56,458162,458218,448957,449013,448957
FCFS,1788,9206,45,458218,458263,449012,449057,449012
FCFS,1870,9206,92,458263,458355,449057,449149,449057
FCFS,445,9207,80,458355,458435,449148,449228,449148
FCFS,4783,9208,38,458435,458473,449227,449265,449227
FCFS,1565,9208,5,458473,458478,449265,449270,449265
FCFS,1998,9208,86,458478,458564,449270,449356,449270
FCFS,238,9208,67,458564,458631,449356,449423,449356
FCFS,9714,9211,51,458631,458682,449420,449471,449420
FCFS,5413,9211,93,458682,458775,449471,449564,449471
FCFS,7970,9212,21,458775,458796,449563,449584,449563
FCFS,3229,9215,85,458796,458881,449581,449666,449581
FCFS,7378,9215,10,458881,458891,449666,449676,449666
FCFS,5704,9216,8,458891,458899,449675,449683,449675
FCFS,6911,9217,97,458899,458996,449682,449779,449682
FCFS,1854,9218,27,458996,459023,449778,449805,449778
FCFS,6597,9219,42,459023,459065,449804,449846,449804
FCFS,4531,9220,3,459065,459068,449845,449848,449845
FCFS,4487,9221,5,459068,459073,449847,449852,449847
FCFS,4744,9221,61,459073,459134,449852,449913,449852
FCFS,8028,9221,6,459134,459140,449913,449919,449913
FCFS,9273,9223,86,459140,459226,449917,450003,449917
FCFS,2204,9223,43,459226,459269,450003,450046,450003
FCFS,5870,9225,91,459269,459360,450044,450135,450044
FCFS,1762,9227,91,459360,459451,450133,450224,450133
FCFS,3173,9227,66,459451,459517,450224,450290,450224
FCFS,8827,9228,51,459517,459568,450289,450340,450289
FCFS,4173,9229,96,459568,459664,450339,450435,450339
FCFS,7507,9230,4,459664,459668,450434,450438,450434
FCFS,9395,9230,28,459668,459696,450438,450466,450438
FCFS,8659,9230,24,459696,459720,450466,450490,450466
FCFS,6524,9232,38,459720,459758,450488,450526,450488
FCFS,1753,9235,67,459758,459825,450523,450590,450523
FCFS,2347,9235,2,459825,459827,450590,450592,450590
FCFS,5102,9241,29,459827,459856,450586,450615,450586
FCFS,7322,9241,84,459856,459940,450615,450699,450615
FCFS,3139,9242,95,459940,460035,450698,450793,450698
FCFS,7035,9244,9,460035,460044,450791,450800,450791
FCFS,7075,9244,25,460044,460069,450800,450825,450800
FCFS,7069,9247,81,460069,460150,450822,450903,450822
FCFS,2743,9250,39,460150,460189,450900,450939,450900
FCFS,9529,9255,2,460189,460191,450934,450936,450934
FCFS,3477,9256,65,460191,460256,450935,451000,450935
FCFS,7623,9256,47,460256,460303,451000,451047,451000
FCFS,3777,9256,79,460303,460382,451047,451126,451047
FCFS,6893,9257,63,460382,460445,451125,451188,451125
FCFS,6329,9257,93,460445,460538,451188,451281,451188
FCFS,8134,9258,47,460538,460585,451280,451327,451280
FCFS,4445,9259,65,460585,460650,451326,451391,451326
FCFS,2535,9259,78,460650,460728,451391,451469,451391
FCFS,8835,9261,55,460728,460783,451467,451522,451467
FCFS,6025,9261,34,460783,460817,451522,451556,451522
FCFS,2643,9262,92,460817,460909,451555,451647,451555
FCFS,5681,9265,37,460909,460946,451644,451681,451644
FCFS,6402,9266,75,460946,461021,451680,451755,451680
FCFS,8768,9266,66,461021,461087,451755,451821,451755
FCFS,8663,9267,23,461087,461110,451820,451843,451820
FCFS,9436,9268,4,461110,461114,451842,451846,451842
FCFS,8675,9268,44,461114,461158,451846,451890,451846
FCFS,8445,9268,31,461158,461189,451890,451921,451890
FCFS,78,9268,84,461189,461273,451921,452005,451921
FCFS,5851,9269,88,461273,461361,452004,452092,452004
FCFS,5157,9269,98,461361,461459,452092,452190,452092
FCFS,5771,9271,41,461459,461500,452188,452229,452188
FCFS,590,9273,97,461500,461597,452227,452324,452227
FCFS,9357,9274,35,461597,461632,452323,452358,452323
FCFS,23,9274,6,461632,461638,452358,452364,452358
FCFS,1661,9274,23,461638,461661,452364,452387,452364
FCFS,4654,9275,67,461661,461728,452386,452453,452386
FCFS,4283,9275,23,461728,461751,452453,452476,452453
FCFS,4018,9277,53,461751,461804,452474,452527,452474
FCFS,2728,9277,48,461804,461852,452527,452575,452527
FCFS,4482,9278,74,461852,461926,452574,452648,452574
FCFS,3733,9280,92,461926,462018,452646,452738,452646
FCFS,8936,9280,11,462018,462029,452738,452749,452738
FCFS,8138,9280,44,462029,462073,452749,452793,452749
FCFS,7428,9281,47,462073,462120,452792,452839,452792
FCFS,5375,9281,82,462120,462202,452839,452921,452839
FCFS,3748,9283,37,462202,462239,452919,452956,452919
FCFS,9913,9283,6,462239,462245,452956,452962,452956
FCFS,2521,9283,66,462245,462311,452962,453028,452962
FCFS,7517,9284,62,462311,462373,453027,453089,453027
FCFS,6731,9285,62,462373,462435,453088,453150,453088
FCFS,9214,9287,2,462435,462437,453148,453150,453148
FCFS,3965,9288,27,462437,462464,453149,453176,453149
FCFS,5145,9290,28,462464,462492,453174,453202,453174
FCFS,4179,9290,34,462492,462526,453202,453236,453202
FCFS,5472,9290,76,462526,462602,453236,453312,453236
FCFS,8767,9291,67,462602,462669,453311,453378,453311
FCFS,3598,9291,18,462669,462687,453378,453396,453378
FCFS,9437,9292,15,462687,462702,453395,453410,453395
FCFS,6070,9294,7,462702,462709,453408,453415,453408
FCFS,6534,9296,72,462709,462781,453413,453485,453413
FCFS,5709,9297,79,462781,462860,453484,453563,453484
FCFS,3203,9298,60,462860,462920,453562,453622,453562
FCFS,1629,9299,99,462920,463019,453621,453720,453621
FCFS,7859,9301,56,463019,463075,453718,453774,453718
FCFS,2768,9302,84,463075,463159,453773,453857,453773
FCFS,8609,9304,79,463159,463238,453855,453934,453855
FCFS,9989,9304,55,463238,463293,453934,453989,453934
FCFS,9046,9305,3,463293,463296,453988,453991,453988
FCFS,4123,9306,25,463296,463321,453990,454015,453990
FCFS,7060,9307,64,463321,463385,454014,454078,454014
FCFS,7771,9308,57,463385,463442,454077,454134,454077
FCFS,5971,9309,67,463442,463509,454133,454200,454133
FCFS,906,9310,23,463509,463532,454199,454222,454199
FCFS,5004,9311,89,463532,463621,454221,454310,454221
FCFS,2183,9312,11,463621,463632,454309,454320,454309
FCFS,7195,9314,77,463632,463709,454318,454395,454318
FCFS,5232,9316,84,463709,463793,454393,454477,454393
FCFS,7435,9316,34,463793,463827,454477,454511,454477
FCFS,6949,9318,84,463827,463911,454509,454593,454509
FCFS,7884,9319,73,463911,463984,454592,454665,454592
FCFS,8335,9321,18,463984,464002,454663,454681,454663
FCFS,8094,9321,64,464002,464066,454681,454745,454681
FCFS,6686,9322,26,464066,464092,454744,454770,454744
FCFS,1320,9323,13,464092,464105,454769,454782,454769
FCFS,4935,9323,12,464105,464117,454782,454794,454782
FCFS,7800,9324,75,464117,464192,454793,454868,454793
FCFS,2373,9324,35,464192,464227,454868,454903,454868
FCFS,2821,9324,47,464227,464274,454903,454950,454903
FCFS,2072,9325,54,464274,464328,454949,455003,454949
FCFS,2993,9326,17,464328,464345,455002,455019,455002
FCFS,3544,9327,94,464345,464439,455018,455112,455018
FCFS,6159,9327,88,464439,464527,455112,455200,455112
FCFS,9981,9328,17,464527,464544,455199,455216,455199
FCFS,1210,9328,22,464544,464566,455216,455238,455216
FCFS,9592,9329,50,464566,464616,455237,455287,455237
FCFS,7621,9330,50,464616,464666,455286,455336,455286
FCFS,314,9331,98,464666,464764,455335,455433,455335
FCFS,876,9333,97,464764,464861,455431,455528,455431
FCFS,6696,9335,59,464861,464920,455526,455585,455526
FCFS,2708,9335,98,464920,465018,455585,455683,455585
FCFS,7439,9336,70,465018,465088,455682,455752,455682
FCFS,632,9337,69,465088,465157,455751,455820,455751
FCFS,208,9339,37,465157,465194,455818,455855,455818
FCFS,9363,9340,96,465194,465290,455854,455950,455854
FCFS,9024,9341,97,465290,465387,455949,456046,455949
FCFS,2877,9342,34,465387,465421,456045,456079,456045
FCFS,4689,9343,58,465421,465479,456078,456136,456078
FCFS,6031,9344,78,465479,465557,456135,456213,456135
FCFS,6899,9344,48,465557,465605,456213,456261,456213
FCFS,2613,9346,47,465605,465652,456259,456306,456259
FCFS,8547,9346,73,465652,465725,456306,456379,456306
FCFS,574,9347,35,465725,465760,456378,456413,456378
FCFS,543,9348,56,465760,465816,456412,456468,456412
FCFS,5260,9350,37,465816,465853,456466,456503,456466
FCFS,6612,9350,43,465853,465896,456503,456546,456503
FCFS,8682,9350,98,465896,465994,456546,456644,456546
FCFS,7695,9351,55,465994,466049,456643,456698,456643
FCFS,856,9352,94,466049,466143,456697,456791,456697
FCFS,9342,9353,94,466143,466237,456790,456884,456790
FCFS,8173,9353,89,466237,466326,456884,456973,456884
FCFS,8346,9354,58,466326,466384,456972,457030,456972
FCFS,7492,9354,57,466384,466441,457030,457087,457030
FCFS,6058,9355,86,466441,466527,457086,457172,457086
FCFS,5352,9356,99,466527,466626,457171,457270,457171
FCFS,362,9358,19,466626,466645,457268,457287,457268
FCFS,3962,9359,34,466645,466679,457286,457320,457286
FCFS,834,9361,86,466679,466765,457318,457404,457318
FCFS,9297,9361,31,466765,466796,457404,457435,457404
FCFS,6605,9365,47,466796,466843,457431,457478,457431
FCFS,6502,9368,65,466843,466908,457475,457540,457475
FCFS,6004,9369,95,466908,467003,457539,457634,457539
FCFS,2520,9369,96,467003,467099,457634,457730,457634
FCFS,3735,9369,48,467099,467147,457730,457778,457730
FCFS,2940,9370,16,467147,467163,457777,457793,457777
FCFS,8775,9371,28,467163,467191,457792,457820,457792
FCFS,8858,9372,77,467191,467268,457819,457896,457819
FCFS,7544,9373,18,467268,467286,457895,457913,457895
FCFS,1304,9374,79,467286,467365,457912,457991,457912
FCFS,4898,9374,55,467365,467420,457991,458046,457991
FCFS,8257,9377,65,467420,467485,458043,458108,458043
FCFS,8164,9378,10,467485,467495,458107,458117,458107
FCFS,4861,9379,65,467495,467560,458116,458181,458116
FCFS,9040,9379,7,467560,467567,458181,458188,458181
FCFS,5551,9379,77,467567,467644,458188,458265,458188
FCFS,5625,9381,64,467644,467708,458263,458327,458263
FCFS,1965,9382,82,467708,467790,458326,458408,458326
FCFS,6665,9383,38,467790,467828,458407,458445,458407
FCFS,8998,9385,33,467828,467861,458443,458476,458443
FCFS,9054,9386,68,467861,467929,458475,458543,458475
FCFS,3250,9388,20,467929,467949,458541,458561,458541
FCFS,1022,9397,44,467949,467993,458552,458596,458552
FCFS,2381,9398,26,467993,468019,458595,458621,458595
FCFS,9254,9399,36,468019,468055,458620,458656,458620
FCFS,5632,9399,59,468055,468114,458656,458715,458656
FCFS,1771,9400,7,468114,468121,458714,458721,458714
FCFS,5265,9401,21,468121,468142,458720,458741,458720
FCFS,8991,9404,85,468142,468227,458738,458823,458738
FCFS,2792,9405,69,468227,468296,458822,458891,458822
FCFS,5579,9407,65,468296,468361,458889,458954,458889
FCFS,8647,9407,46,468361,468407,458954,459000,458954
FCFS,6457,9408,61,468407,468468,458999,459060,458999
FCFS,6496,9408,31,468468,468499,459060,459091,459060
FCFS,3480,9408,36,468499,468535,459091,459127,459091
FCFS,562,9409,6,468535,468541,459126,459132,459126
FCFS,7262,9410,60,468541,468601,459131,459191,459131
FCFS,9869,9411,85,468601,468686,459190,459275,459190
FCFS,5880,9413,82,468686,468768,459273,459355,459273
FCFS,4742,9417,3,468768,468771,459351,459354,459351
FCFS,7338,9420,74,468771,468845,459351,459425,459351
FCFS,4378,9421,31,468845,468876,459424,459455,459424
FCFS,9656,9422,86,468876,468962,459454,459540,459454
FCFS,4629,9424,44,468962,469006,459538,459582,459538
FCFS,1992,9424,53,469006,469059,459582,459635,459582
FCFS,8425,9425,87,469059,469146,459634,459721,459634
FCFS,4743,9427,17,469146,469163,459719,459736,459719
FCFS,3880,9428,73,469163,469236,459735,459808,459735
FCFS,2875,9428,60,469236,469296,459808,459868,459808
FCFS,3000,9429,13,469296,469309,459867,459880,459867
FCFS,2620,9433,70,469309,469379,459876,459946,459876
FCFS,9190,9433,29,469379,469408,459946,459975,459946
FCFS,3331,9433,24,469408,469432,459975,459999,459975
FCFS,8946,9434,31,469432,469463,459998,460029,459998
FCFS,588,9435,34,469463,469497,460028,460062,460028
FCFS,302,9435,59,469497,469556,460062,460121,460062
FCFS,428,9435,91,469556,469647,460121,460212,460121
FCFS,2439,9435,80,469647,469727,460212,460292,460212
FCFS,1915,9435,3,469727,469730,460292,460295,460292
FCFS,6292,9436,30,469730,469760,460294,460324,460294
FCFS,6891,9436,42,469760,469802,460324,460366,460324
FCFS,9918,9436,58,469802,469860,460366,460424,460366
FCFS,1477,9437,65,469860,469925,460423,460488,460423
FCFS,1473,9439,93,469925,470018,460486,460579,460486
FCFS,9197,9441,88,470018,470106,460577,460665,460577
FCFS,1212,9442,40,470106,470146,460664,460704,460664
FCFS,612,9442,14,470146,470160,460704,460718,460704
FCFS,924,9444,78,470160,470238,460716,460794,460716
FCFS,1711,9444,48,470238,470286,460794,460842,460794
FCFS,964,9446,5,470286,470291,460840,460845,460840
FCFS,9621,9447,32,470291,470323,460844,460876,460844
FCFS,3984,9447,17,470323,470340,460876,460893,460876
FCFS,4476,9448,45,470340,470385,460892,460937,460892
FCFS,8722,9449,51,470385,470436,460936,460987,460936
FCFS,2944,9449,20,470436,470456,460987,461007,460987
FCFS,9577,9450,38,470456,470494,461006,461044,461006
FCFS,1335,9454,68,470494,470562,461040,461108,461040
FCFS,4645,9454,79,470562,470641,461108,461187,461108
FCFS,7607,9455,18,470641,470659,461186,461204,461186
FCFS,3180,9456,84,470659,470743,461203,461287,461203
FCFS,5481,9456,20,470743,470763,461287,461307,461287
FCFS,4652,9460,15,470763,470778,461303,461318,461303
FCFS,1685,9461,14,470778,470792,461317,461331,461317
FCFS,4545,9461,8,470792,470800,461331,461339,461331
FCFS,5056,9462,33,470800,470833,461338,461371,461338
FCFS,9809,9464,46,470833,470879,461369,461415,461369
FCFS,6258,9465,52,470879,470931,461414,461466,461414
FCFS,1680,9465,18,470931,470949,461466,461484,461466
FCFS,69,9467,74,470949,471023,461482,461556,461482
FCFS,3391,9467,25,471023,471048,461556,461581,461556
FCFS,9488,9470,58,471048,471106,461578,461636,461578
FCFS,6592,9470,65,471106,471171,461636,461701,461636
FCFS,5701,9471,18,471171,471189,461700,461718,461700
FCFS,4019,9471,64,471189,471253,461718,461782,461718
FCFS,1725,9472,4,471253,471257,461781,461785,461781
FCFS,6839,9472,61,471257,471318,461785,461846,461785
FCFS,8612,9472,73,471318,471391,461846,461919,461846
FCFS,9219,9473,3,471391,471394,461918,461921,461918
FCFS,158,9474,58,471394,471452,461920,461978,461920
FCFS,9066,9475,23,471452,471475,461977,462000,461977
FCFS,7518,9475,58,471475,471533,462000,462058,462000
FCFS,3402,9475,30,471533,471563,462058,462088,462058
FCFS,8808,9476,89,471563,471652,462087,462176,462087
FCFS,2312,9476,48,471652,471700,462176,462224,462176
FCFS,1434,9477,47,471700,471747,462223,462270,462223
FCFS,7133,9479,52,471747,471799,462268,462320,462268
FCFS,4448,9480,26,471799,471825,462319,462345,462319
FCFS,4040,9480,15,471825,471840,462345,462360,462345
FCFS,8297,9481,45,471840,471885,462359,462404,462359
FCFS,6650,9484,13,471885,471898,462401,462414,462401
FCFS,5140,9484,60,471898,471958,462414,462474,462414
FCFS,7048,9485,8,471958,471966,462473,462481,462473
FCFS,4325,9486,25,471966,471991,462480,462505,462480
FCFS,7418,9487,86,471991,472077,462504,462590,462504
FCFS,5610,9488,48,472077,472125,462589,462637,462589
FCFS,7140,9490,36,472125,472161,462635,462671,462635
FCFS,8443,9491,33,472161,472194,462670,462703,462670
FCFS,8679,9491,28,472194,472222,462703,462731,462703
FCFS,7719,9491,2,472222,472224,462731,462733,462731
FCFS,2737,9491,79,472224,472303,462733,462812,462733
FCFS,271,9492,17,472303,472320,462811,462828,462811
FCFS,2968,9493,24,472320,472344,462827,462851,462827
FCFS,7197,9493,1,472344,472345,462851,462852,462851
FCFS,7687,9493,10,472345,472355,462852,462862,462852
FCFS,6244,9494,8,472355,472363,462861,462869,462861
FCFS,2990,9495,63,472363,472426,462868,462931,462868
FCFS,7679,9496,77,472426,472503,462930,463007,462930
FCFS,3151,9496,27,472503,472530,463007,463034,463007
FCFS,8255,9496,67,472530,472597,463034,463101,463034
FCFS,2303,9496,29,472597,472626,463101,463130,463101
FCFS,4527,9497,56,472626,472682,463129,463185,463129
FCFS,7588,9497,61,472682,472743,463185,463246,463185
FCFS,1733,9499,62,472743,472805,463244,463306,463244
FCFS,5623,9499,60,472805,472865,463306,463366,463306
FCFS,4697,9499,8,472865,472873,463366,463374,463366
FCFS,3082,9501,53,472873,472926,463372,463425,463372
FCFS,1120,9503,97,472926,473023,463423,463520,463423
FCFS,2251,9503,62,473023,473085,463520,463582,463520
FCFS,7424,9503,42,473085,473127,463582,463624,463582
FCFS,6560,9503,66,473127,473193,463624,463690,463624
FCFS,847,9504,57,473193,473250,463689,463746,463689
FCFS,7616,9505,21,473250,473271,463745,463766,463745
FCFS,927,9506,54,473271,473325,463765,463819,463765
FCFS,7334,9506,73,473325,473398,463819,463892,463819
FCFS,1752,9508,70,473398,473468,463890,463960,463890
FCFS,7880,9508,50,473468,473518,463960,464010,463960
FCFS,937,9510,94,473518,473612,464008,464102,464008
FCFS,7927,9510,30,473612,473642,464102,464132,464102
FCFS,6199,9513,17,473642,473659,464129,464146,464129
FCFS,1425,9516,23,473659,473682,464143,464166,464143
FCFS,4562,9517,67,473682,473749,464165,464232,464165
FCFS,4569,9518,80,473749,473829,464231,464311,464231
FCFS,2388,9518,1,473829,473830,464311,464312,464311
FCFS,1806,9519,38,473830,473868,464311,464349,464311
FCFS,3799,9519,28,473868,473896,464349,464377,464349
FCFS,720,9521,52,473896,473948,464375,464427,464375
FCFS,6171,9521,57,473948,474005,464427,464484,464427
FCFS,8507,9522,84,474005,474089,464483,464567,464483
FCFS,9118,9522,46,474089,474135,464567,464613,464567
FCFS,3592,9523,8,474135,474143,464612,464620,464612
FCFS,1033,9524,88,474143,474231,464619,464707,464619
FCFS,6359,9524,21,474231,474252,464707,464728,464707
FCFS,8532,9528,23,474252,474275,464724,464747,464724
FCFS,2660,9528,31,474275,474306,464747,464778,464747
FCFS,9439,9531,48,474306,474354,464775,464823,464775
FCFS,3706,9533,40,474354,474394,464821,464861,464821
FCFS,5964,9533,84,474394,474478,464861,464945,464861
FCFS,4457,9536,44,474478,474522,464942,464986,464942
FCFS,8985,9537,53,474522,474575,464985,465038,464985
FCFS,1822,9539,4,474575,474579,465036,465040,465036
FCFS,3950,9540,25,474579,474604,465039,465064,465039
FCFS,446,9540,82,474604,474686,465064,465146,465064
FCFS,7137,9544,98,474686,474784,465142,465240,465142
FCFS,6924,9546,10,474784,474794,465238,465248,465238
FCFS,8417,9546,23,474794,474817,465248,465271,465248
FCFS,1406,9547,70,474817,474887,465270,465340,465270
FCFS,4816,9548,54,474887,474941,465339,465393,465339
FCFS,7878,9549,17,474941,474958,465392,465409,465392
FCFS,6041,9549,18,474958,474976,465409,465427,465409
FCFS,4786,9549,91,474976,475067,465427,465518,465427
FCFS,6044,9549,10,475067,475077,465518,465528,465518
FCFS,7264,9549,49,475077,475126,465528,465577,465528
FCFS,729,9550,19,475126,475145,465576,465595,465576
FCFS,724,9550,93,475145,475238,465595,465688,465595
FCFS,3836,9550,65,475238,475303,465688,465753,465688
FCFS,7631,9551,76,475303,475379,465752,465828,465752
FCFS,8217,9552,40,475379,475419,465827,465867,465827
FCFS,9053,9553,64,475419,475483,465866,465930,465866
FCFS,8806,9554,23,475483,475506,465929,465952,465929
FCFS,9673,9554,61,475506,475567,465952,466013,465952
FCFS,6254,9554,1,475567,475568,466013,466014,466013
FCFS,47,9555,17,475568,475585,466013,466030,466013
FCFS,149,9555,40,475585,475625,466030,466070,466030
FCFS,4091,9555,31,475625,475656,466070,466101,466070
FCFS,1786,9556,8,475656,475664,466100,466108,466100
FCFS,2438,9557,18,475664,475682,466107,466125,466107
FCFS,2282,9560,69,475682,475751,466122,466191,466122
FCFS,399,9561,41,475751,475792,466190,466231,466190
FCFS,216,9561,45,475792,475837,466231,466276,466231
FCFS,5452,9562,89,475837,475926,466275,466364,466275
FCFS,2976,9569,81,475926,476007,466357,466438,466357
FCFS,8353,9569,46,476007,476053,466438,466484,466438
FCFS,7584,9569,42,476053,476095,466484,466526,466484
FCFS,4503,9570,32,476095,476127,466525,466557,466525
FCFS,6618,9573,57,476127,476184,466554,466611,466554
FCFS,7965,9574,58,476184,476242,466610,466668,466610
FCFS,8363,9574,27,476242,476269,466668,466695,466668
FCFS,594,9576,30,476269,476299,466693,466723,466693
FCFS,3971,9579,9,476299,476308,466720,466729,466720
FCFS,1672,9579,21,476308,476329,466729,466750,466729
FCFS,8594,9580,31,476329,476360,466749,466780,466749
FCFS,566,9580,73,476360,476433,466780,466853,466780
FCFS,8913,9581,67,476433,476500,466852,466919,466852
FCFS,3506,9582,78,476500,476578,466918,466996,466918
FCFS,6685,9582,70,476578,476648,466996,467066,466996
FCFS,9988,9582,30,476648,476678,467066,467096,467066
FCFS,6915,9583,52,476678,476730,467095,467147,467095
FCFS,3501,9583,5,476730,476735,467147,467152,467147
FCFS,8129,9587,28,476735,476763,467148,467176,467148
FCFS,2607,9587,73,476763,476836,467176,467249,467176
FCFS,619,9588,87,476836,476923,467248,467335,467248
FCFS,4959,9589,82,476923,477005,467334,467416,467334
FCFS,6747,9589,69,477005,477074,467416,467485,467416
FCFS,7708,9589,18,477074,477092,467485,467503,467485
FCFS,4519,9590,30,477092,477122,467502,467532,467502
FCFS,9995,9591,52,477122,477174,467531,467583,467531
FCFS,2933,9591,53,477174,477227,467583,467636,467583
FCFS,9538,9596,97,477227,477324,467631,467728,467631
FCFS,2345,9596,86,477324,477410,467728,467814,467728
FCFS,8479,9597,24,477410,477434,467813,467837,467813
FCFS,8055,9599,81,477434,477515,467835,467916,467835
FCFS,5810,9599,39,477515,477554,467916,467955,467916
FCFS,1907,9600,27,477554,477581,467954,467981,467954
FCFS,6113,9602,74,477581,477655,467979,468053,467979
FCFS,5526,9603,18,477655,477673,468052,468070,468052
FCFS,4666,9603,15,477673,477688,468070,468085,468070
FCFS,7311,9604,27,477688,477715,468084,468111,468084
FCFS,7789,9604,5,477715,477720,468111,468116,468111
FCFS,3698,9607,46,477720,477766,468113,468159,468113
FCFS,7721,9607,31,477766,477797,468159,468190,468159
FCFS,7085,9608,50,477797,477847,468189,468239,468189
FCFS,7640,9609,50,477847,477897,468238,468288,468238
FCFS,6868,9609,27,477897,477924,468288,468315,468288
FCFS,7205,9609,97,477924,478021,468315,468412,468315
FCFS,1408,9610,13,478021,478034,468411,468424,468411
FCFS,7958,9611,65,478034,478099,468423,468488,468423
FCFS,9116,9611,69,478099,478168,468488,468557,468488
FCFS,6273,9612,31,478168,478199,468556,468587,468556
FCFS,2463,9614,99,478199,478298,468585,468684,468585
FCFS,5011,9615,74,478298,478372,468683,468757,468683
FCFS,9572,9617,79,478372,478451,468755,468834,468755
FCFS,7244,9621,52,478451,478503,468830,468882,468830
FCFS,9681,9624,75,478503,478578,468879,468954,468879
FCFS,5280,9627,47,478578,478625,468951,468998,468951
FCFS,7491,9628,57,478625,478682,468997,469054,468997
FCFS,9406,9628,61,478682,478743,469054,469115,469054
FCFS,8426,9629,65,478743,478808,469114,469179,469114
FCFS,7546,9631,82,478808,478890,469177,469259,469177
FCFS,1622,9631,99,478890,478989,469259,469358,469259
FCFS,9489,9632,41,478989,479030,469357,469398,469357
FCFS,9120,9632,97,479030,479127,469398,469495,469398
FCFS,8891,9632,25,479127,479152,469495,469520,469495
FCFS,1682,9633,60,479152,479212,469519,469579,469519
FCFS,7897,9633,8,479212,479220,469579,469587,469579
FCFS,6356,9635,67,479220,479287,469585,469652,469585
FCFS,8984,9636,33,479287,479320,469651,469684,469651
FCFS,5750,9637,98,479320,479418,469683,469781,469683
FCFS,255,9637,53,479418,479471,469781,469834,469781
FCFS,7971,9638,10,479471,479481,469833,469843,469833
FCFS,9752,9638,12,479481,479493,469843,469855,469843
FCFS,2699,9641,56,479493,479549,469852,469908,469852
FCFS,5273,9641,43,479549,479592,469908,469951,469908
FCFS,5349,9642,62,479592,479654,469950,470012,469950
FCFS,5331,9643,16,479654,479670,470011,470027,470011
FCFS,5390,9643,38,479670,479708,470027,470065,470027
FCFS,7052,9644,35,479708,479743,470064,470099,470064
FCFS,1506,9645,5,479743,479748,470098,470103,470098
FCFS,7031,9648,15,479748,479763,470100,470115,470100
FCFS,2930,9649,89,479763,479852,470114,470203,470114
FCFS,9801,9650,37,479852,479889,470202,470239,470202
FCFS,1245,9650,89,479889,479978,470239,470328,470239
FCFS,9866,9650,11,479978,479989,470328,470339,470328
FCFS,2170,9651,21,479989,480010,470338,470359,470338
FCFS,3447,9653,73,480010,480083,470357,470430,470357
FCFS,5749,9654,29,480083,480112,470429,470458,470429
FCFS,5420,9654,27,480112,480139,470458,470485,470458
FCFS,1936,9654,29,480139,480168,470485,470514,470485
FCFS,1363,9655,96,480168,480264,470513,470609,470513
FCFS,2926,9655,34,480264,480298,470609,470643,470609
FCFS,8475,9657,72,480298,480370,470641,470713,470641
FCFS,2675,9658,52,480370,480422,470712,470764,470712
FCFS,6179,9661,10,480422,480432,470761,470771,470761
FCFS,418,9662,11,480432,480443,470770,470781,470770
FCFS,9210,9663,92,480443,480535,470780,470872,470780
FCFS,5116,9663,77,480535,480612,470872,470949,470872
FCFS,6861,9663,32,480612,480644,470949,470981,470949
FCFS,3679,9665,84,480644,480728,470979,471063,470979
FCFS,4481,9665,82,480728,480810,471063,471145,471063
FCFS,1905,9667,91,480810,480901,471143,471234,471143
FCFS,4753,9667,45,480901,480946,471234,471279,471234
FCFS,7103,9669,85,480946,481031,471277,471362,471277
FCFS,7960,9670,34,481031,481065,471361,471395,471361
FCFS,51,9670,62,481065,481127,471395,471457,471395
FCFS,4717,9673,69,481127,481196,471454,471523,471454
FCFS,9019,9677,63,481196,481259,471519,471582,471519
FCFS,4670,9677,76,481259,481335,471582,471658,471582
FCFS,7596,9677,36,481335,481371,471658,471694,471658
FCFS,2288,9678,40,481371,481411,471693,471733,471693
FCFS,9157,9678,88,481411,481499,471733,471821,471733
FCFS,9908,9679,10,481499,481509,471820,471830,471820
FCFS,837,9685,67,481509,481576,471824,471891,471824
FCFS,4050,9685,34,481576,481610,471891,471925,471891
FCFS,9089,9686,30,481610,481640,471924,471954,471924
FCFS,1994,9686,52,481640,481692,471954,472006,471954
FCFS,93,9687,61,481692,481753,472005,472066,472005
FCFS,3605,9689,79,481753,481832,472064,472143,472064
FCFS,9872,9691,48,481832,481880,472141,472189,472141
FCFS,62,9692,96,481880,481976,472188,472284,472188
FCFS,1083,9692,8,481976,481984,472284,472292,472284
FCFS,6668,9694,50,481984,482034,472290,472340,472290
FCFS,9352,9695,30,482034,482064,472339,472369,472339
FCFS,4031,9695,96,482064,482160,472369,472465,472369
FCFS,9697,9696,51,482160,482211,472464,472515,472464
FCFS,9164,9697,40,482211,482251,472514,472554,472514
FCFS,6948,9697,13,482251,482264,472554,472567,472554
FCFS,5839,9697,62,482264,482326,472567,472629,472567
FCFS,7116,9699,72,482326,482398,472627,472699,472627
FCFS,2128,9700,48,482398,482446,472698,472746,472698
FCFS,3017,9702,94,482446,482540,472744,472838,472744
FCFS,6299,9702,61,482540,482601,472838,472899,472838
FCFS,5333,9706,34,482601,482635,472895,472929,472895
FCFS,485,9708,45,482635,482680,472927,472972,472927
FCFS,5343,9709,21,482680,482701,472971,472992,472971
FCFS,1793,9710,86,482701,482787,472991,473077,472991
FCFS,4416,9712,86,482787,482873,473075,473161,473075
FCFS,5464,9713,25,482873,482898,473160,473185,473160
FCFS,6864,9713,41,482898,482939,473185,473226,473185
FCFS,2987,9714,27,482939,482966,473225,473252,473225
FCFS,5820,9714,76,482966,483042,473252,473328,473252
FCFS,2025,9715,23,483042,483065,473327,473350,473327
FCFS,7864,9716,23,483065,483088,473349,473372,473349
FCFS,7246,9718,68,483088,483156,473370,473438,473370
FCFS,4328,9718,92,483156,483248,473438,473530,473438
FCFS,7489,9719,52,483248,483300,473529,473581,473529
FCFS,274,9719,90,483300,483390,473581,473671,473581
FCFS,8226,9719,18,483390,483408,473671,473689,473671
FCFS,8248,9721,67,483408,483475,473687,473754,473687
FCFS,152,9721,7,483475,483482,473754,473761,473754
FCFS,8022,9724,93,483482,483575,473758,473851,473758
FCFS,5049,9726,99,483575,483674,473849,473948,473849
FCFS,6080,9727,23,483674,483697,473947,473970,473947
FCFS,7928,9727,94,483697,483791,473970,474064,473970
FCFS,3645,9729,6,483791,483797,474062,474068,474062
FCFS,7108,9730,7,483797,483804,474067,474074,474067
FCFS,4104,9732,37,483804,483841,474072,474109,474072
FCFS,2012,9732,90,483841,483931,474109,474199,474109
FCFS,5366,9733,36,483931,483967,474198,474234,474198
FCFS,8272,9735,4,483967,483971,474232,474236,474232
FCFS,8800,9735,41,483971,484012,474236,474277,474236
FCFS,7875,9735,34,484012,484046,474277,474311,474277
FCFS,7209,9736,58,484046,484104,474310,474368,474310
FCFS,1947,9738,5,484104,484109,474366,474371,474366
FCFS,3388,9738,84,484109,484193,474371,474455,474371
FCFS,1462,9739,23,484193,484216,474454,474477,474454
FCFS,5239,9739,71,484216,484287,474477,474548,474477
FCFS,3686,9741,23,484287,484310,474546,474569,474546
FCFS,5848,9743,47,484310,484357,474567,474614,474567
FCFS,6528,9744,90,484357,484447,474613,474703,474613
FCFS,3340,9744,78,484447,484525,474703,474781,474703
FCFS,7401,9746,46,484525,484571,474779,474825,474779
FCFS,7053,9747,43,484571,484614,474824,474867,474824
FCFS,2982,9748,40,484614,484654,474866,474906,474866
FCFS,6987,9749,51,484654,484705,474905,474956,474905
FCFS,1407,9752,66,484705,484771,474953,475019,474953
FCFS,7318,9752,44,484771,484815,475019,475063,475019
FCFS,2600,9752,60,484815,484875,475063,475123,475063
FCFS,8752,9753,99,484875,484974,475122,475221,475122
FCFS,5249,9756,68,484974,485042,475218,475286,475218
FCFS,7261,9756,51,485042,485093,475286,475337,475286
FCFS,1579,9759,48,485093,485141,475334,475382,475334
FCFS,4379,9759,27,485141,485168,475382,475409,475382
FCFS,8334,9759,81,485168,485249,475409,475490,475409
FCFS,2266,9759,14,485249,485263,475490,475504,475490
FCFS,457,9760,57,485263,485320,475503,475560,475503
FCFS,7967,9761,55,485320,485375,475559,475614,475559
FCFS,110,9762,88,485375,485463,475613,475701,475613
FCFS,916,9762,69,485463,485532,475701,475770,475701
FCFS,3875,9763,74,485532,485606,475769,475843,475769
FCFS,8274,9763,49,485606,485655,475843,475892,475843
FCFS,8965,9764,98,485655,485753,475891,475989,475891
FCFS,3093,9764,17,485753,485770,475989,476006,475989
FCFS,883,9765,24,485770,485794,476005,476029,476005
FCFS,7829,9765,90,485794,485884,476029,476119,476029
FCFS,4489,9765,24,485884,485908,476119,476143,476119
FCFS,3803,9765,89,485908,485997,476143,476232,476143
FCFS,2224,9765,21,485997,486018,476232,476253,476232
FCFS,2756,9765,53,486018,486071,476253,476306,476253
FCFS,1458,9766,95,486071,486166,476305,476400,476305
FCFS,700,9766,53,486166,486219,476400,476453,476400
FCFS,1589,9768,62,486219,486281,476451,476513,476451
FCFS,1958,9769,59,486281,486340,476512,476571,476512
FCFS,8358,9769,92,486340,486432,476571,476663,476571
FCFS,1741,9771,56,486432,486488,476661,476717,476661
FCFS,4704,9772,50,486488,486538,476716,476766,476716
FCFS,6771,9774,55,486538,486593,476764,476819,476764
FCFS,5668,9775,40,486593,486633,476818,476858,476818
FCFS,8916,9776,19,486633,486652,476857,476876,476857
FCFS,1937,9776,48,486652,486700,476876,476924,476876
FCFS,8125,9777,12,486700,486712,476923,476935,476923
FCFS,9320,9777,81,486712,486793,476935,477016,476935
FCFS,2733,9777,82,486793,486875,477016,477098,477016
FCFS,1983,9777,78,486875,486953,477098,477176,477098
FCFS,3160,9779,41,486953,486994,477174,477215,477174
FCFS,8531,9779,48,486994,487042,477215,477263,477215
FCFS,9432,9781,40,487042,487082,477261,477301,477261
FCFS,5276,9782,3,487082,487085,477300,477303,477300
FCFS,4468,9783,41,487085,487126,477302,477343,477302
FCFS,2911,9783,39,487126,487165,477343,477382,477343
FCFS,9249,9784,31,487165,487196,477381,477412,477381
FCFS,3359,9784,25,487196,487221,477412,477437,477412
FCFS,2596,9786,46,487221,487267,477435,477481,477435
FCFS,4148,9788,1,487267,487268,477479,477480,477479
FCFS,7997,9788,57,487268,487325,477480,477537,477480
FCFS,1386,9788,78,487325,487403,477537,477615,477537
FCFS,146,9789,64,487403,487467,477614,477678,477614
FCFS,9892,9793,34,487467,487501,477674,477708,477674
FCFS,2031,9793,97,487501,487598,477708,477805,477708
FCFS,4547,9793,62,487598,487660,477805,477867,477805
FCFS,6908,9793,51,487660,487711,477867,477918,477867
FCFS,2652,9794,86,487711,487797,477917,478003,477917
FCFS,8778,9795,51,487797,487848,478002,478053,478002
FCFS,830,9795,12,487848,487860,478053,478065,478053
FCFS,5686,9797,39,487860,487899,478063,478102,478063
FCFS,3390,9797,40,487899,487939,478102,478142,478102
FCFS,6835,9799,94,487939,488033,478140,478234,478140
FCFS,6582,9799,61,488033,488094,478234,478295,478234
FCFS,6740,9799,25,488094,488119,478295,478320,478295
FCFS,3032,9802,97,488119,488216,478317,478414,478317
FCFS,4221,9802,99,488216,488315,478414,478513,478414
FCFS,4617,9803,10,488315,488325,478512,478522,478512
FCFS,8388,9804,16,488325,488341,478521,478537,478521
FCFS,2235,9805,41,488341,488382,478536,478577,478536
FCFS,6973,9807,82,488382,488464,478575,478657,478575
FCFS,7606,9810,21,488464,488485,478654,478675,478654
FCFS,3970,9813,71,488485,488556,478672,478743,478672
FCFS,1838,9816,51,488556,488607,478740,478791,478740
FCFS,2421,9817,5,488607,488612,478790,478795,478790
FCFS,7833,9817,41,488612,488653,478795,478836,478795
FCFS,476,9817,80,488653,488733,478836,478916,478836
FCFS,7998,9819,45,488733,488778,478914,478959,478914
FCFS,3460,9821,44,488778,488822,478957,479001,478957
FCFS,8058,9821,20,488822,488842,479001,479021,479001
FCFS,3220,9821,31,488842,488873,479021,479052,479021
FCFS,4901,9822,17,488873,488890,479051,479068,479051
FCFS,444,9823,65,488890,488955,479067,479132,479067
FCFS,5752,9824,30,488955,488985,479131,479161,479131
FCFS,7134,9825,14,488985,488999,479160,479174,479160
FCFS,434,9827,92,488999,489091,479172,479264,479172
FCFS,7475,9828,21,489091,489112,479263,479284,479263
FCFS,4622,9828,30,489112,489142,479284,479314,479284
FCFS,1251,9828,49,489142,489191,479314,479363,479314
FCFS,1825,9829,59,489191,489250,479362,479421,479362
FCFS,5326,9829,30,489250,489280,479421,479451,479421
FCFS,5561,9830,1,489280,489281,479450,479451,479450
FCFS,1001,9831,6,489281,489287,479450,479456,479450
FCFS,2236,9832,5,489287,489292,479455,479460,479455
FCFS,2448,9833,44,489292,489336,479459,479503,479459
FCFS,9030,9834,85,489336,489421,479502,479587,479502
FCFS,5640,9836,68,489421,489489,479585,479653,479585
FCFS,2780,9836,49,489489,489538,479653,479702,479653
FCFS,5335,9837,13,489538,489551,479701,479714,479701
FCFS,9057,9840,89,489551,489640,479711,479800,479711
FCFS,8966,9840,11,489640,489651,479800,479811,479800
FCFS,7934,9843,88,489651,489739,479808,479896,479808
FCFS,5283,9846,58,489739,489797,479893,479951,479893
FCFS,1740,9847,44,489797,489841,479950,479994,479950
FCFS,7320,9848,31,489841,489872,479993,480024,479993
FCFS,7885,9850,61,489872,489933,480022,480083,480022
FCFS,8759,9850,78,489933,490011,480083,480161,480083
FCFS,1920,9852,81,490011,490092,480159,480240,480159
FCFS,8497,9852,74,490092,490166,480240,480314,480240
FCFS,9754,9855,66,490166,490232,480311,480377,480311
FCFS,8148,9856,6,490232,490238,480376,480382,480376
FCFS,5498,9856,56,490238,490294,480382,480438,480382
FCFS,8566,9858,2,490294,490296,480436,480438,480436
FCFS,7894,9858,81,490296,490377,480438,480519,480438
FCFS,680,9860,65,490377,490442,480517,480582,480517
FCFS,894,9865,72,490442,490514,480577,480649,480577
FCFS,3527,9865,94,490514,490608,480649,480743,480649
FCFS,3801,9865,64,490608,490672,480743,480807,480743
FCFS,2216,9866,74,490672,490746,480806,480880,480806
FCFS,7194,9867,97,490746,490843,480879,480976,480879
FCFS,4120,9867,9,490843,490852,480976,480985,480976
FCFS,569,9872,21,490852,490873,480980,481001,480980
FCFS,1889,9873,39,490873,490912,481000,481039,481000
FCFS,7034,9873,92,490912,491004,481039,481131,481039
FCFS,5535,9873,11,491004,491015,481131,481142,481131
FCFS,394,9874,60,491015,491075,481141,481201,481141
FCFS,246,9874,91,491075,491166,481201,481292,481201
FCFS,9972,9877,24,491166,491190,481289,481313,481289
FCFS,4576,9878,44,491190,491234,481312,481356,481312
FCFS,2494,9879,34,491234,491268,481355,481389,481355
FCFS,502,9879,13,491268,491281,481389,481402,481389
FCFS,1465,9882,2,491281,491283,481399,481401,481399
FCFS,9935,9883,92,491283,491375,481400,481492,481400
FCFS,1884,9884,82,491375,491457,481491,481573,481491
FCFS,9734,9884,42,491457,491499,481573,481615,481573
FCFS,2730,9885,36,491499,491535,481614,481650,481614
FCFS,4983,9886,49,491535,491584,481649,481698,481649
FCFS,252,9888,37,491584,491621,481696,481733,481696
FCFS,3301,9889,28,491621,491649,481732,481760,481732
FCFS,4679,9890,31,491649,491680,481759,481790,481759
FCFS,2623,9890,90,491680,491770,481790,481880,481790
FCFS,9614,9891,83,491770,491853,481879,481962,481879
FCFS,9582,9894,78,491853,491931,481959,482037,481959
FCFS,7801,9894,73,491931,492004,482037,482110,482037
FCFS,7324,9896,17,492004,492021,482108,482125,482108
FCFS,4054,9897,9,492021,492030,482124,482133,482124
FCFS,5261,9898,50,492030,492080,482132,482182,482132
FCFS,9174,9900,52,492080,492132,482180,482232,482180
FCFS,1910,9900,88,492132,492220,482232,482320,482232
FCFS,5000,9900,53,492220,492273,482320,482373,482320
FCFS,1191,9900,12,492273,492285,482373,482385,482373
FCFS,7176,9903,68,492285,492353,482382,482450,482382
FCFS,7688,9903,13,492353,492366,482450,482463,482450
FCFS,4541,9903,67,492366,492433,482463,482530,482463
FCFS,1419,9903,64,492433,492497,482530,482594,482530
FCFS,8804,9904,65,492497,492562,482593,482658,482593
FCFS,1627,9905,33,492562,492595,482657,482690,482657
FCFS,5314,9906,40,492595,492635,482689,482729,482689
FCFS,372,9907,53,492635,492688,482728,482781,482728
FCFS,6109,9908,19,492688,492707,482780,482799,482780
FCFS,1444,9908,21,492707,492728,482799,482820,482799
FCFS,9065,9908,50,492728,492778,482820,482870,482820
FCFS,2248,9908,65,492778,492843,482870,482935,482870
FCFS,3822,9909,46,492843,492889,482934,482980,482934
FCFS,6903,9909,3,492889,492892,482980,482983,482980
FCFS,9289,9910,80,492892,492972,482982,483062,482982
FCFS,9625,9911,32,492972,493004,483061,483093,483061
FCFS,761,9911,78,493004,493082,483093,483171,483093
FCFS,2455,9911,54,493082,493136,483171,483225,483171
FCFS,143,9914,18,493136,493154,483222,483240,483222
FCFS,5341,9915,3,493154,493157,483239,483242,483239
FCFS,3358,9915,83,493157,493240,483242,483325,483242
FCFS,9148,9916,50,493240,493290,483324,483374,483324
FCFS,1070,9916,21,493290,493311,483374,483395,483374
FCFS,5700,9916,46,493311,493357,483395,483441,483395
FCFS,2038,9917,65,493357,493422,483440,483505,483440
FCFS,7501,9918,33,493422,493455,483504,483537,483504
FCFS,8403,9920,93,493455,493548,483535,483628,483535
FCFS,8385,9921,38,493548,493586,483627,483665,483627
FCFS,191,9925,16,493586,493602,483661,483677,483661
FCFS,5229,9927,51,493602,493653,483675,483726,483675
FCFS,3915,9928,14,493653,493667,483725,483739,483725
FCFS,5738,9928,66,493667,493733,483739,483805,483739
FCFS,7555,9930,55,493733,493788,483803,483858,483803
FCFS,8515,9933,49,493788,493837,483855,483904,483855
FCFS,8549,9937,53,493837,493890,483900,483953,483900
FCFS,4465,9940,61,493890,493951,483950,484011,483950
FCFS,4193,9941,56,493951,494007,484010,484066,484010
FCFS,8872,9941,60,494007,494067,484066,484126,484066
FCFS,5391,9943,92,494067,494159,484124,484216,484124
FCFS,4992,9943,2,494159,494161,484216,484218,484216
FCFS,6063,9943,73,494161,494234,484218,484291,484218
FCFS,3569,9944,50,494234,494284,484290,484340,484290
FCFS,781,9945,38,494284,494322,484339,484377,484339
FCFS,6941,9945,1,494322,494323,484377,484378,484377
FCFS,5607,9947,8,494323,494331,484376,484384,484376
FCFS,6314,9947,56,494331,494387,484384,484440,484384
FCFS,4367,9949,70,494387,494457,484438,484508,484438
FCFS,436,9949,61,494457,494518,484508,484569,484508
FCFS,9096,9950,38,494518,494556,484568,484606,484568
FCFS,7450,9951,79,494556,494635,484605,484684,484605
FCFS,2278,9951,45,494635,494680,484684,484729,484684
FCFS,5919,9951,25,494680,494705,484729,484754,484729
FCFS,7751,9952,52,494705,494757,484753,484805,484753
FCFS,5491,9953,87,494757,494844,484804,484891,484804
FCFS,9317,9954,34,494844,494878,484890,484924,484890
FCFS,2134,9956,71,494878,494949,484922,484993,484922
FCFS,7603,9957,36,494949,494985,484992,485028,484992
FCFS,2021,9958,30,494985,495015,485027,485057,485027
FCFS,5425,9959,60,495015,495075,485056,485116,485056
FCFS,6676,9959,3,495075,495078,485116,485119,485116
FCFS,3097,9959,93,495078,495171,485119,485212,485119
FCFS,4006,9961,80,495171,495251,485210,485290,485210
FCFS,5262,9963,84,495251,495335,485288,485372,485288
FCFS,7930,9964,88,495335,495423,485371,485459,485371
FCFS,7394,9965,78,495423,495501,485458,485536,485458
FCFS,8162,9965,59,495501,495560,485536,485595,485536
FCFS,8456,9967,50,495560,495610,485593,485643,485593
FCFS,4650,9968,48,495610,495658,485642,485690,485642
FCFS,3364,9968,84,495658,495742,485690,485774,485690
FCFS,8331,9969,39,495742,495781,485773,485812,485773
FCFS,7170,9969,85,495781,495866,485812,485897,485812
FCFS,9106,9971,3,495866,495869,485895,485898,485895
FCFS,5520,9971,61,495869,495930,485898,485959,485898
FCFS,8336,9972,21,495930,495951,485958,485979,485958
FCFS,2581,9973,79,495951,496030,485978,486057,485978
FCFS,5558,9973,38,496030,496068,486057,486095,486057
FCFS,5248,9974,83,496068,496151,486094,486177,486094
FCFS,1221,9977,84,496151,496235,486174,486258,486174
FCFS,6738,9979,25,496235,496260,486256,486281,486256
FCFS,7414,9980,28,496260,496288,486280,486308,486280
FCFS,1073,9984,49,496288,496337,486304,486353,486304
FCFS,9689,9984,63,496337,496400,486353,486416,486353
FCFS,2767,9984,26,496400,496426,486416,486442,486416
FCFS,8119,9986,74,496426,496500,486440,486514,486440
FCFS,211,9986,40,496500,496540,486514,486554,486514
FCFS,9314,9988,63,496540,496603,486552,486615,486552
FCFS,1683,9989,37,496603,496640,486614,486651,486614
FCFS,9883,9990,37,496640,496677,486650,486687,486650
FCFS,4411,9991,18,496677,496695,486686,486704,486686
FCFS,1789,9991,27,496695,496722,486704,486731,486704
FCFS,4789,9993,70,496722,496792,486729,486799,486729
FCFS,9505,9996,63,496792,496855,486796,486859,486796
FCFS,1326,9996,94,496855,496949,486859,486953,486859
FCFS,29,9998,88,496949,497037,486951,487039,486951
FCFS,8290,9998,60,497037,497097,487039,487099,487039
scheduler,id,arrival,burst,start,exit,waiting,turnaround,response
SRTF,1696,1,38,70812,70850,70811,70849,70811
SRTF,1599,1,52,135575,135627,135574,135626,135574
SRTF,5869,1,32,1,33,0,32,0
SRTF,8432,2,4,34,38,32,36,32
SRTF,4007,2,65,211188,211253,211186,211251,211186
SRTF,379,4,6,38,44,34,40,34
SRTF,6252,4,67,225203,225270,225199,225266,225199
SRTF,863,5,19,18195,18214,18190,18209,18190
SRTF,2908,6,46,104225,104271,104219,104265,104219
SRTF,9782,7,58,168701,168759,168694,168752,168694
SRTF,2547,7,13,76,89,69,82,69
SRTF,657,9,17,14170,14187,14161,14178,14161
SRTF,891,9,72,258239,258311,258230,258302,258230
SRTF,1918,9,28,39144,39172,39135,39163,39135
SRTF,8657,10,79,310472,310551,310462,310541,310462
SRTF,4942,11,65,211253,211318,211242,211307,211242
SRTF,1860,11,24,29050,29074,29039,29063,29039
SRTF,9848,11,92,425226,425318,425215,425307,425215
SRTF,7329,12,72,258311,258383,258299,258371,258299
SRTF,8573,12,13,96,109,84,97,84
SRTF,1702,13,15,123,138,110,125,110
SRTF,2175,16,33,53956,53989,53940,53973,53940
SRTF,4829,16,99,488088,488187,488072,488171,488072
SRTF,6144,18,22,24927,24949,24909,24931,24909
SRTF,3675,18,60,180281,180341,180263,180323,180263
SRTF,3929,18,1,33,34,15,16,15
SRTF,1635,21,83,343938,344021,343917,344000,343917
SRTF,7748,21,91,415671,415762,415650,415741,415650
SRTF,8079,22,36,63473,63509,63451,63487,63451
SRTF,2299,22,6,44,50,22,28,22
SRTF,3092,24,35,60603,60638,60579,60614,60579
SRTF,9852,25,40,78808,78848,78783,78823,78783
SRTF,3343,25,49,120197,120246,120172,120221,120172
SRTF,5889,26,68,231769,231837,231743,231811,231743
SRTF,7247,28,63,198044,198107,198016,198079,198016
SRTF,7968,28,80,319478,319558,319450,319530,319450
SRTF,8535,32,7,50,57,18,25,18
SRTF,8889,37,62,191224,191286,191187,191249,191187
SRTF,2268,38,86,368542,368628,368504,368590,368504
SRTF,1511,38,10,57,67,19,29,19
SRTF,2716,40,85,360382,360467,360342,360427,360342
SRTF,4869,44,20,20342,20362,20298,20318,20298
SRTF,8925,45,49,120246,120295,120201,120250,120201
SRTF,6823,48,73,265655,265728,265607,265680,265607
SRTF,3672,49,18,16125,16143,16076,16094,16076
SRTF,4366,52,36,63509,63545,63457,63493,63457
SRTF,4058,53,86,368628,368714,368575,368661,368575
SRTF,1103,54,18,16143,16161,16089,16107,16089
SRTF,8183,55,40,78848,78888,78793,78833,78793
SRTF,795,55,66,218273,218339,218218,218284,218218
SRTF,8066,56,90,405951,406041,405895,405985,405895
SRTF,7486,58,15,217,232,159,174,159
SRTF,1237,60,64,204596,204660,204536,204600,204536
SRTF,3870,60,77,293650,293727,293590,293667,293590
SRTF,5850,60,55,152728,152783,152668,152723,152668
SRTF,3839,62,1,67,68,5,6,5
SRTF,87,64,84,352570,352654,352506,352590,352506
SRTF,7718,64,34,56761,56795,56697,56731,56697
SRTF,9947,65,62,191286,191348,191221,191283,191221
SRTF,5545,66,4,68,72,2,6,2
SRTF,9144,66,21,22302,22323,22236,22257,22236
SRTF,6904,66,4,72,76,6,10,6
SRTF,6053,67,26,33820,33846,33753,33779,33753
SRTF,4147,67,34,56795,56829,56728,56762,56728
SRTF,6188,69,82,336312,336394,336243,336325,336243
SRTF,8995,71,42,86739,86781,86668,86710,86668
SRTF,4646,71,29,41944,41973,41873,41902,41873
SRTF,1969,72,57,162944,163001,162872,162929,162872
SRTF,9923,73,82,336394,336476,336321,336403,336321
SRTF,7047,74,75,280210,280285,280136,280211,280136
SRTF,1174,74,13,110,123,36,49,36
SRTF,7281,75,97,470446,470543,470371,470468,470371
SRTF,4815,75,78,301658,301736,301583,301661,301583
SRTF,8465,76,60,180341,180401,180265,180325,180265
SRTF,931,77,63,198107,198170,198030,198093,198030
SRTF,2196,78,99,488187,488286,488109,488208,488109
SRTF,7210,78,56,157568,157624,157490,157546,157490
SRTF,8975,80,71,250997,251068,250917,250988,250917
SRTF,9703,80,73,265728,265801,265648,265721,265648
SRTF,9845,81,52,135627,135679,135546,135598,135546
SRTF,3752,82,38,70850,70888,70768,70806,70768
SRTF,3888,86,7,89,96,3,10,3
SRTF,6611,87,51,129914,129965,129827,129878,129827
SRTF,1607,89,48,113669,113717,113580,113628,113580
SRTF,4835,89,96,460750,460846,460661,460757,460661
SRTF,4572,90,67,225270,225337,225180,225247,225180
SRTF,8005,91,90,406041,406131,405950,406040,405950
SRTF,8454,93,45,99410,99455,99317,99362,99317
SRTF,987,94,17,14187,14204,14093,14110,14093
SRTF,9264,96,22,24949,24971,24853,24875,24853
SRTF,2508,97,92,425318,425410,425221,425313,425221
SRTF,260,98,62,191348,191410,191250,191312,191250
SRTF,6319,98,40,78888,78928,78790,78830,78790
SRTF,7004,100,29,41973,42002,41873,41902,41873
SRTF,8684,104,1,109,110,5,6,5
SRTF,8201,104,15,505,520,401,416,401
SRTF,7181,105,17,14204,14221,14099,14116,14099
SRTF,1610,105,97,470543,470640,470438,470535,470438
SRTF,1887,105,27,36498,36525,36393,36420,36393
SRTF,8186,105,62,191410,191472,191305,191367,191305
SRTF,8702,108,31,47759,47790,47651,47682,47651
SRTF,8193,109,27,36525,36552,36416,36443,36416
SRTF,3658,112,91,415762,415853,415650,415741,415650
SRTF,3053,115,88,388700,388788,388585,388673,388585
SRTF,1569,116,17,14221,14238,14105,14122,14105
SRTF,8742,117,25,31570,31595,31453,31478,31453
SRTF,869,117,89,397852,397941,397735,397824,397735
SRTF,6631,118,87,378260,378347,378142,378229,378142
SRTF,7230,120,49,120295,120344,120175,120224,120175
SRTF,6837,122,34,56829,56863,56707,56741,56707
SRTF,4772,124,99,488286,488385,488162,488261,488162
SRTF,825,125,97,470640,470737,470515,470612,470515
SRTF,1769,125,22,24971,24993,24846,24868,24846
SRTF,5408,126,83,344021,344104,343895,343978,343895
SRTF,1008,126,41,83008,83049,82882,82923,82882
SRTF,4544,128,88,388788,388876,388660,388748,388660
SRTF,4907,129,1,138,139,9,10,9
SRTF,1309,130,73,265801,265874,265671,265744,265671
SRTF,7867,132,53,141607,141660,141475,141528,141475
SRTF,604,133,12,139,151,6,18,6
SRTF,3882,136,88,388876,388964,388740,388828,388740
SRTF,738,137,91,415853,415944,415716,415807,415716
SRTF,2984,138,52,135679,135731,135541,135593,135541
SRTF,6234,138,63,198170,198233,198032,198095,198032
SRTF,3661,139,38,70888,70926,70749,70787,70749
SRTF,1877,140,8,151,159,11,19,11
SRTF,4827,140,79,310551,310630,310411,310490,310411
SRTF,2680,141,9,181,190,40,49,40
SRTF,4435,142,68,231837,231905,231695,231763,231695
SRTF,6106,142,35,60638,60673,60496,60531,60496
SRTF,6035,143,43,90561,90604,90418,90461,90418
SRTF,4912,143,17,14238,14255,14095,14112,14095
SRTF,9885,144,41,83049,83090,82905,82946,82905
SRTF,1348,145,52,135731,135783,135586,135638,135586
SRTF,8203,145,53,141660,141713,141515,141568,141515
SRTF,1933,145,20,20362,20382,20217,20237,20217
SRTF,5789,145,79,310630,310709,310485,310564,310485
SRTF,3919,146,96,460846,460942,460700,460796,460700
SRTF,2213,147,22,24993,25015,24846,24868,24846
SRTF,2017,148,68,231905,231973,231757,231825,231757
SRTF,6847,148,52,135783,135835,135635,135687,135635
SRTF,8770,148,83,344104,344187,343956,344039,343956
SRTF,5977,151,43,90604,90647,90453,90496,90453
SRTF,6661,151,20,20382,20402,20231,20251,20231
SRTF,3565,152,71,251068,251139,250916,250987,250916
SRTF,9384,153,22,25015,25037,24862,24884,24862
SRTF,6005,153,75,280285,280360,280132,280207,280132
SRTF,1229,153,7,170,177,17,24,17
SRTF,5999,154,6,159,165,5,11,5
SRTF,336,154,11,190,201,36,47,36
SRTF,9567,154,54,147490,147544,147336,147390,147336
SRTF,2642,155,25,31595,31620,31440,31465,31440
SRTF,5989,156,45,99455,99500,99299,99344,99299
SRTF,1668,158,20,20402,20422,20244,20264,20244
SRTF,3162,159,11,201,212,42,53,42
SRTF,4095,160,67,225337,225404,225177,225244,225177
SRTF,65,161,33,53989,54022,53828,53861,53828
SRTF,2367,161,78,301736,301814,301575,301653,301575
SRTF,6757,162,45,99500,99545,99338,99383,99338
SRTF,2441,162,43,90647,90690,90485,90528,90485
SRTF,2155,163,5,165,170,2,7,2
SRTF,6429,164,69,238501,238570,238337,238406,238337
SRTF,4638,165,47,108687,108734,108522,108569,108522
SRTF,4136,165,46,104271,104317,104106,104152,104106
SRTF,3581,166,27,36552,36579,36386,36413,36386
SRTF,5257,171,55,152783,152838,152612,152667,152612
SRTF,6703,172,4,177,181,5,9,5
SRTF,3600,174,51,129965,130016,129791,129842,129791
SRTF,6955,175,25,31620,31645,31445,31470,31445
SRTF,5563,178,81,327078,327159,326900,326981,326900
SRTF,5845,178,49,120344,120393,120166,120215,120166
SRTF,8730,179,50,124264,124314,124085,124135,124085
SRTF,2809,182,68,231973,232041,231791,231859,231791
SRTF,3152,182,19,18214,18233,18032,18051,18032
SRTF,4515,183,36,63545,63581,63362,63398,63362
SRTF,4346,186,58,168759,168817,168573,168631,168573
SRTF,3116,187,70,245677,245747,245490,245560,245490
SRTF,9499,187,88,388964,389052,388777,388865,388777
SRTF,30,189,25,31645,31670,31456,31481,31456
SRTF,5643,190,92,425410,425502,425220,425312,425220
SRTF,315,190,92,425502,425594,425312,425404,425312
SRTF,4279,191,77,293727,293804,293536,293613,293536
SRTF,7754,191,57,163001,163058,162810,162867,162810
SRTF,4472,191,32,51076,51108,50885,50917,50885
SRTF,3954,192,82,336476,336558,336284,336366,336284
SRTF,5792,192,25,31670,31695,31478,31503,31478
SRTF,2763,193,94,443353,443447,443160,443254,443160
SRTF,6235,193,48,113717,113765,113524,113572,113524
SRTF,4943,194,42,86781,86823,86587,86629,86587
SRTF,3864,195,90,406131,406221,405936,406026,405936
SRTF,203,197,50,124314,124364,124117,124167,124117
SRTF,5557,198,65,211318,211383,211120,211185,211120
SRTF,3702,201,95,451155,451250,450954,451049,450954
SRTF,2854,201,57,163058,163115,162857,162914,162857
SRTF,195,202,76,286810,286886,286608,286684,286608
SRTF,6542,203,5,212,217,9,14,9
SRTF,4094,203,38,70926,70964,70723,70761,70723
SRTF,3942,204,91,415944,416035,415740,415831,415740
SRTF,2450,204,89,397941,398030,397737,397826,397737
SRTF,3545,205,74,272736,272810,272531,272605,272531
SRTF,121,206,86,368714,368800,368508,368594,368508
SRTF,4202,206,98,479758,479856,479552,479650,479552
SRTF,9743,207,32,51108,51140,50901,50933,50901
SRTF,1999,207,22,25037,25059,24830,24852,24830
SRTF,1633,207,24,29074,29098,28867,28891,28867
SRTF,9381,209,95,451250,451345,451041,451136,451041
SRTF,7622,209,31,47790,47821,47581,47612,47581
SRTF,7348,211,28,39172,39200,38961,38989,38961
SRTF,7637,212,48,113765,113813,113553,113601,113553
SRTF,1587,213,34,56863,56897,56650,56684,56650
SRTF,3356,215,30,44699,44729,44484,44514,44484
SRTF,5756,215,67,225404,225471,225189,225256,225189
SRTF,5492,220,15,617,632,397,412,397
SRTF,7845,223,17,14255,14272,14032,14049,14032
SRTF,6780,223,95,451345,451440,451122,451217,451122
SRTF,7655,224,61,186161,186222,185937,185998,185937
SRTF,878,224,76,286886,286962,286662,286738,286662
SRTF,4768,224,95,451440,451535,451216,451311,451216
SRTF,290,225,16,12730,12746,12505,12521,12505
SRTF,7850,225,10,232,242,7,17,7
SRTF,2350,226,27,36579,36606,36353,36380,36353
SRTF,4342,226,62,191472,191534,191246,191308,191246
SRTF,2605,226,92,425594,425686,425368,425460,425368
SRTF,9524,227,91,416035,416126,415808,415899,415808
SRTF,5775,228,68,232041,232109,231813,231881,231813
SRTF,6819,229,95,451535,451630,451306,451401,451306
SRTF,6211,231,66,218339,218405,218108,218174,218108
SRTF,3339,232,49,120393,120442,120161,120210,120161
SRTF,833,232,74,272810,272884,272578,272652,272578
SRTF,9616,232,73,265874,265947,265642,265715,265642
SRTF,7937,233,3,246,249,13,16,13
SRTF,9619,233,54,147544,147598,147311,147365,147311
SRTF,7626,233,67,225471,225538,225238,225305,225238
SRTF,9696,234,80,319558,319638,319324,319404,319324
SRTF,3265,234,28,39200,39228,38966,38994,38966
SRTF,3213,234,29,42002,42031,41768,41797,41768
SRTF,7657,235,2,242,244,7,9,7
SRTF,909,235,2,244,246,9,11,9
SRTF,2008,236,91,416126,416217,415890,415981,415890
SRTF,7008,237,34,56897,56931,56660,56694,56660
SRTF,3941,238,47,108734,108781,108496,108543,108496
SRTF,8222,238,78,301814,301892,301576,301654,301576
SRTF,5807,240,10,262,272,22,32,22
SRTF,3860,241,52,135835,135887,135594,135646,135594
SRTF,5083,242,37,67001,67038,66759,66796,66759
SRTF,9678,242,81,327159,327240,326917,326998,326917
SRTF,8749,243,14,456,470,213,227,213
SRTF,4915,244,90,406221,406311,405977,406067,405977
SRTF,8476,244,62,191534,191596,191290,191352,191290
SRTF,6396,246,6,250,256,4,10,4
SRTF,8930,246,17,14272,14289,14026,14043,14026
SRTF,701,249,1,249,250,0,1,0
SRTF,4558,249,6,256,262,7,13,7
SRTF,4026,249,37,67038,67075,66789,66826,66789
SRTF,7208,250,78,301892,301970,301642,301720,301642
SRTF,6380,250,65,211383,211448,211133,211198,211133
SRTF,9366,253,90,406311,406401,406058,406148,406058
SRTF,654,255,73,265947,266020,265692,265765,265692
SRTF,8887,256,26,33846,33872,33590,33616,33590
SRTF,8902,256,18,16161,16179,15905,15923,15905
SRTF,8624,256,52,135887,135939,135631,135683,135631
SRTF,2566,258,96,460942,461038,460684,460780,460684
SRTF,892,260,64,204660,204724,204400,204464,204400
SRTF,6481,261,87,378347,378434,378086,378173,378086
SRTF,235,262,13,381,394,119,132,119
SRTF,5128,262,87,378434,378521,378172,378259,378172
SRTF,2606,264,71,251139,251210,250875,250946,250875
SRTF,9971,264,93,434518,434611,434254,434347,434254
SRTF,2713,264,48,113813,113861,113549,113597,113549
SRTF,4649,268,36,63581,63617,63313,63349,63313
SRTF,1721,269,16,12746,12762,12477,12493,12477
SRTF,4355,269,43,90690,90733,90421,90464,90421
SRTF,8118,270,9,272,281,2,11,2
SRTF,4534,270,28,39228,39256,38958,38986,38958
SRTF,3504,270,80,319638,319718,319368,319448,319368
SRTF,8542,271,59,174617,174676,174346,174405,174346
SRTF,5527,271,53,141713,141766,141442,141495,141442
SRTF,1332,271,51,130016,130067,129745,129796,129745
SRTF,5163,272,84,352654,352738,352382,352466,352382
SRTF,3076,276,52,135939,135991,135663,135715,135663
SRTF,6089,277,7,281,288,4,11,4
SRTF,9946,277,86,368800,368886,368523,368609,368523
SRTF,1479,277,48,113861,113909,113584,113632,113584
SRTF,3338,277,53,141766,141819,141489,141542,141489
SRTF,4890,277,91,416217,416308,415940,416031,415940
SRTF,3515,278,26,33872,33898,33594,33620,33594
SRTF,4988,279,12,300,312,21,33,21
SRTF,1754,281,48,113909,113957,113628,113676,113628
SRTF,6894,282,26,33898,33924,33616,33642,33616
SRTF,2567,282,93,434611,434704,434329,434422,434329
SRTF,5937,283,8,292,300,9,17,9
SRTF,2016,285,4,288,292,3,7,3
SRTF,2712,285,15,761,776,476,491,476
SRTF,4902,287,78,301970,302048,301683,301761,301683
SRTF,3509,289,34,56931,56965,56642,56676,56642
SRTF,7933,292,47,108781,108828,108489,108536,108489
SRTF,1463,294,70,245747,245817,245453,245523,245453
SRTF,5777,294,46,104317,104363,104023,104069,104023
SRTF,3818,294,64,204724,204788,204430,204494,204430
SRTF,7505,294,19,18233,18252,17939,17958,17939
SRTF,8816,295,79,310709,310788,310414,310493,310414
SRTF,9774,296,78,302048,302126,301752,301830,301752
SRTF,4954,297,91,416308,416399,416011,416102,416011
SRTF,8205,298,32,51140,51172,50842,50874,50842
SRTF,5103,298,74,272884,272958,272586,272660,272586
SRTF,6048,300,55,152838,152893,152538,152593,152538
SRTF,2274,301,66,218405,218471,218104,218170,218104
SRTF,309,301,80,319718,319798,319417,319497,319417
SRTF,793,302,4,312,316,10,14,10
SRTF,1800,302,81,327240,327321,326938,327019,326938
SRTF,5340,305,31,47821,47852,47516,47547,47516
SRTF,1653,306,12,318,330,12,24,12
SRTF,8191,307,42,86823,86865,86516,86558,86516
SRTF,4388,307,15,802,817,495,510,495
SRTF,4494,307,92,425686,425778,425379,425471,425379
SRTF,6230,308,38,70964,71002,70656,70694,70656
SRTF,4590,310,21,22323,22344,22013,22034,22013
SRTF,7110,312,33,54022,54055,53710,53743,53710
SRTF,6522,314,2,316,318,2,4,2
SRTF,4412,314,25,31695,31720,31381,31406,31381
SRTF,1426,317,79,310788,310867,310471,310550,310471
SRTF,6625,317,59,174676,174735,174359,174418,174359
SRTF,7559,320,9,338,347,18,27,18
SRTF,4929,320,75,280360,280435,280040,280115,280040
SRTF,6658,324,12,355,367,31,43,31
SRTF,8821,324,71,251210,251281,250886,250957,250886
SRTF,7987,325,62,191596,191658,191271,191333,191271
SRTF,5048,325,73,266020,266093,265695,265768,265695
SRTF,7226,328,5,330,335,2,7,2
SRTF,8405,329,84,352738,352822,352409,352493,352409
SRTF,9407,329,55,152893,152948,152564,152619,152564
SRTF,1256,329,54,147598,147652,147269,147323,147269
SRTF,7352,331,3,335,338,4,7,4
SRTF,9930,331,80,319798,319878,319467,319547,319467
SRTF,2847,331,31,47852,47883,47521,47552,47521
SRTF,4399,336,92,425778,425870,425442,425534,425442
SRTF,1262,338,77,293804,293881,293466,293543,293466
SRTF,7314,340,97,470737,470834,470397,470494,470397
SRTF,2033,340,80,319878,319958,319538,319618,319538
SRTF,2797,340,2,348,350,8,10,8
SRTF,2980,340,81,327321,327402,326981,327062,326981
SRTF,1183,341,38,71002,71040,70661,70699,70661
SRTF,2748,342,93,434704,434797,434362,434455,434362
SRTF,6555,343,80,319958,320038,319615,319695,319615
SRTF,5957,343,56,157624,157680,157281,157337,157281
SRTF,995,345,1,347,348,2,3,2
SRTF,4385,348,91,416399,416490,416051,416142,416051
SRTF,8333,349,5,350,355,1,6,1
SRTF,6782,350,44,94130,94174,93780,93824,93780
SRTF,8736,352,27,36606,36633,36254,36281,36254
SRTF,1665,352,88,389052,389140,388700,388788,388700
SRTF,6678,354,91,416490,416581,416136,416227,416136
SRTF,7245,355,70,245817,245887,245462,245532,245462
SRTF,7917,356,68,232109,232177,231753,231821,231753
SRTF,2985,358,32,51172,51204,50814,50846,50814
SRTF,9399,358,3,367,370,9,12,9
SRTF,7989,358,85,360467,360552,360109,360194,360109
SRTF,2901,359,67,225538,225605,225179,225246,225179
SRTF,1442,362,24,29098,29122,28736,28760,28736
SRTF,6127,363,51,130067,130118,129704,129755,129704
SRTF,3049,364,41,83090,83131,82726,82767,82726
SRTF,6440,364,64,204788,204852,204424,204488,204424
SRTF,8723,364,17,14289,14306,13925,13942,13925
SRTF,799,364,80,320038,320118,319674,319754,319674
SRTF,8830,364,37,67075,67112,66711,66748,66711
SRTF,4111,365,72,258383,258455,258018,258090,258018
SRTF,2215,365,40,78928,78968,78563,78603,78563
SRTF,7723,368,68,232177,232245,231809,231877,231809
SRTF,3761,369,73,266093,266166,265724,265797,265724
SRTF,4072,370,69,238570,238639,238200,238269,238200
SRTF,8213,370,11,370,381,0,11,0
SRTF,5030,371,58,168817,168875,168446,168504,168446
SRTF,5670,371,31,47883,47914,47512,47543,47512
SRTF,8640,372,16,12762,12778,12390,12406,12390
SRTF,1697,374,83,344187,344270,343813,343896,343813
SRTF,5127,375,17,14306,14323,13931,13948,13931
SRTF,5646,378,87,378521,378608,378143,378230,378143
SRTF,7650,378,77,293881,293958,293503,293580,293503
SRTF,2981,382,80,320118,320198,319736,319816,319736
SRTF,5665,382,55,152948,153003,152566,152621,152566
SRTF,8956,382,98,479856,479954,479474,479572,479474
SRTF,4076,383,65,211448,211513,211065,211130,211065
SRTF,676,384,37,67112,67149,66728,66765,66728
SRTF,8171,386,10,407,417,21,31,21
SRTF,9287,386,75,280435,280510,280049,280124,280049
SRTF,2864,386,31,47914,47945,47528,47559,47528
SRTF,6827,386,79,310867,310946,310481,310560,310481
SRTF,3632,389,39,75220,75259,74831,74870,74831
SRTF,9613,390,58,168875,168933,168485,168543,168485
SRTF,1283,390,29,42031,42060,41641,41670,41641
SRTF,5178,390,78,302126,302204,301736,301814,301736
SRTF,7805,391,70,245887,245957,245496,245566,245496
SRTF,97,391,7,394,401,3,10,3
SRTF,2667,392,12,432,444,40,52,40
SRTF,7289,392,71,251281,251352,250889,250960,250889
SRTF,2177,392,90,406401,406491,406009,406099,406009
SRTF,7861,393,42,86865,86907,86472,86514,86472
SRTF,7473,395,6,401,407,6,12,6
SRTF,517,395,68,232245,232313,231850,231918,231850
SRTF,6056,397,22,25059,25081,24662,24684,24662
SRTF,8063,400,75,280510,280585,280110,280185,280110
SRTF,6433,402,30,44729,44759,44327,44357,44327
SRTF,6607,403,36,63617,63653,63214,63250,63214
SRTF,5246,404,80,320198,320278,319794,319874,319794
SRTF,677,404,65,211513,211578,211109,211174,211109
SRTF,7713,404,21,22344,22365,21940,21961,21940
SRTF,2754,405,79,310946,311025,310541,310620,310541
SRTF,1869,406,96,461038,461134,460632,460728,460632
SRTF,3580,406,19,18252,18271,17846,17865,17846
SRTF,4656,406,74,272958,273032,272552,272626,272552
SRTF,486,412,64,204852,204916,204440,204504,204440
SRTF,9209,415,9,423,432,8,17,8
SRTF,477,417,6,417,423,0,6,0
SRTF,6564,418,92,425870,425962,425452,425544,425452
SRTF,9485,419,14,477,491,58,72,58
SRTF,966,419,46,104363,104409,103944,103990,103944
SRTF,2124,419,75,280585,280660,280166,280241,280166
SRTF,8161,421,68,232313,232381,231892,231960,231892
SRTF,5263,421,72,258455,258527,258034,258106,258034
SRTF,4720,422,91,416581,416672,416159,416250,416159
SRTF,2689,423,76,286962,287038,286539,286615,286539
SRTF,9626,427,62,191658,191720,191231,191293,191231
SRTF,9528,430,16,12778,12794,12348,12364,12348
SRTF,8895,432,80,320278,320358,319846,319926,319846
SRTF,3146,436,48,113957,114005,113521,113569,113521
SRTF,9509,437,47,108828,108875,108391,108438,108391
SRTF,6849,437,58,168933,168991,168496,168554,168496
SRTF,5877,437,14,491,505,54,68,54
SRTF,8246,440,6,444,450,4,10,4
SRTF,2654,441,48,114005,114053,113564,113612,113564
SRTF,5223,441,20,20422,20442,19981,20001,19981
SRTF,2935,442,72,258527,258599,258085,258157,258085
SRTF,9719,444,66,218471,218537,218027,218093,218027
SRTF,6474,445,64,204916,204980,204471,204535,204471
SRTF,4337,446,77,293958,294035,293512,293589,293512
SRTF,8701,446,6,450,456,4,10,4
SRTF,5676,446,36,63653,63689,63207,63243,63207
SRTF,2314,448,79,311025,311104,310577,310656,310577
SRTF,3644,451,15,848,863,397,412,397
SRTF,6450,452,46,104409,104455,103957,104003,103957
SRTF,7323,453,76,287038,287114,286585,286661,286585
SRTF,1837,454,16,12794,12810,12340,12356,12340
SRTF,9269,456,72,258599,258671,258143,258215,258143
SRTF,1632,458,75,280660,280735,280202,280277,280202
SRTF,2664,459,87,378608,378695,378149,378236,378149
SRTF,7777,462,19,18271,18290,17809,17828,17809
SRTF,5652,463,63,198233,198296,197770,197833,197770
SRTF,4830,464,7,470,477,6,13,6
SRTF,4246,464,41,83131,83172,82667,82708,82667
SRTF,7,466,54,147652,147706,147186,147240,147186
SRTF,7084,470,90,406491,406581,406021,406111,406021
SRTF,6121,471,60,180401,180461,179930,179990,179930
SRTF,3018,475,87,378695,378782,378220,378307,378220
SRTF,2550,475,57,163115,163172,162640,162697,162640
SRTF,9747,477,70,245957,246027,245480,245550,245480
SRTF,5522,478,67,225605,225672,225127,225194,225127
SRTF,9551,480,19,18290,18309,17810,17829,17810
SRTF,1228,481,98,479954,480052,479473,479571,479473
SRTF,8743,481,84,352822,352906,352341,352425,352341
SRTF,1938,482,93,434797,434890,434315,434408,434315
SRTF,8214,486,32,51204,51236,50718,50750,50718
SRTF,1820,488,70,246027,246097,245539,245609,245539
SRTF,3813,489,15,2421,2436,1932,1947,1932
SRTF,4048,489,46,104455,104501,103966,104012,103966
SRTF,8904,489,44,94174,94218,93685,93729,93685
SRTF,5434,490,81,327402,327483,326912,326993,326912
SRTF,7128,490,35,60673,60708,60183,60218,60183
SRTF,3384,492,66,218537,218603,218045,218111,218045
SRTF,9730,493,68,232381,232449,231888,231956,231888
SRTF,9843,493,41,83172,83213,82679,82720,82679
SRTF,5380,494,16,12810,12826,12316,12332,12316
SRTF,7452,495,16,12826,12842,12331,12347,12331
SRTF,5982,495,26,33924,33950,33429,33455,33429
SRTF,8637,496,96,461134,461230,460638,460734,460638
SRTF,9726,496,48,114053,114101,113557,113605,113557
SRTF,4428,497,87,378782,378869,378285,378372,378285
SRTF,5782,498,84,352906,352990,352408,352492,352408
SRTF,9074,500,99,488385,488484,487885,487984,487885
SRTF,6822,501,60,180461,180521,179960,180020,179960
SRTF,116,502,53,141819,141872,141317,141370,141317
SRTF,9438,502,76,287114,287190,286612,286688,286612
SRTF,597,504,36,63689,63725,63185,63221,63185
SRTF,3969,504,68,232449,232517,231945,232013,231945
SRTF,5169,506,50,124364,124414,123858,123908,123858
SRTF,5202,507,71,251352,251423,250845,250916,250845
SRTF,3582,508,48,114101,114149,113593,113641,113593
SRTF,6646,508,66,218603,218669,218095,218161,218095
SRTF,5755,512,16,12842,12858,12330,12346,12330
SRTF,410,512,51,130118,130169,129606,129657,129606
SRTF,2313,514,10,520,530,6,16,6
SRTF,1638,514,54,147706,147760,147192,147246,147192
SRTF,5523,515,84,352990,353074,352475,352559,352475
SRTF,3704,517,50,124414,124464,123897,123947,123897
SRTF,8044,519,49,120442,120491,119923,119972,119923
SRTF,2253,521,38,71040,71078,70519,70557,70519
SRTF,3217,522,19,18309,18328,17787,17806,17787
SRTF,6091,523,50,124464,124514,123941,123991,123941
SRTF,778,523,78,302204,302282,301681,301759,301681
SRTF,6844,524,67,225672,225739,225148,225215,225148
SRTF,1694,525,90,406581,406671,406056,406146,406056
SRTF,9495,526,45,99545,99590,99019,99064,99019
SRTF,2752,526,13,530,543,4,17,4
SRTF,1559,526,42,86907,86949,86381,86423,86381
SRTF,9172,527,50,124514,124564,123987,124037,123987
SRTF,4320,529,28,39256,39284,38727,38755,38727
SRTF,1688,529,60,180521,180581,179992,180052,179992
SRTF,4003,531,74,273032,273106,272501,272575,272501
SRTF,6108,534,53,141872,141925,141338,141391,141338
SRTF,5856,534,32,51236,51268,50702,50734,50702
SRTF,2084,536,31,47945,47976,47409,47440,47409
SRTF,1040,536,32,51268,51300,50732,50764,50732
SRTF,346,537,87,378869,378956,378332,378419,378332
SRTF,9694,537,23,26819,26842,26282,26305,26282
SRTF,3261,539,69,238639,238708,238100,238169,238100
SRTF,637,539,41,83213,83254,82674,82715,82674
SRTF,8299,539,21,22365,22386,21826,21847,21826
SRTF,7021,540,15,2628,2643,2088,2103,2088
SRTF,2374,541,14,543,557,2,16,2
SRTF,7072,541,15,2643,2658,2102,2117,2102
SRTF,6333,544,78,302282,302360,301738,301816,301738
SRTF,9255,544,40,78968,79008,78424,78464,78424
SRTF,1324,545,6,557,563,12,18,12
SRTF,6249,545,58,168991,169049,168446,168504,168446
SRTF,6129,545,60,180581,180641,180036,180096,180036
SRTF,6966,546,96,461230,461326,460684,460780,460684
SRTF,5893,547,29,42060,42089,41513,41542,41513
SRTF,5554,548,60,180641,180701,180093,180153,180093
SRTF,8103,550,52,135991,136043,135441,135493,135441
SRTF,6501,551,83,344270,344353,343719,343802,343719
SRTF,1623,552,76,287190,287266,286638,286714,286638
SRTF,7274,555,7,563,570,8,15,8
SRTF,7561,555,71,251423,251494,250868,250939,250868
SRTF,5984,556,48,114149,114197,113593,113641,113593
SRTF,1450,556,60,180701,180761,180145,180205,180145
SRTF,9048,556,92,425962,426054,425406,425498,425406
SRTF,5315,556,29,42089,42118,41533,41562,41533
SRTF,8199,556,18,16179,16197,15623,15641,15623
SRTF,3023,557,18,16197,16215,15640,15658,15640
SRTF,8882,559,9,570,579,11,20,11
SRTF,413,559,32,51300,51332,50741,50773,50741
SRTF,8506,560,15,2678,2693,2118,2133,2118
SRTF,9771,560,29,42118,42147,41558,41587,41558
SRTF,2050,560,35,60708,60743,60148,60183,60148
SRTF,7495,561,35,60743,60778,60182,60217,60182
SRTF,6907,564,9,601,610,37,46,37
SRTF,6772,564,55,153003,153058,152439,152494,152439
SRTF,9035,565,34,56965,56999,56400,56434,56400
SRTF,9584,565,55,153058,153113,152493,152548,152493
SRTF,326,569,52,136043,136095,135474,135526,135474
SRTF,4184,570,56,157680,157736,157110,157166,157110
SRTF,2180,571,59,174735,174794,174164,174223,174164
SRTF,1475,571,47,108875,108922,108304,108351,108304
SRTF,5559,571,83,344353,344436,343782,343865,343782
SRTF,2495,572,57,163172,163229,162600,162657,162600
SRTF,4153,572,20,20442,20462,19870,19890,19870
SRTF,6358,572,65,211578,211643,211006,211071,211006
SRTF,7983,572,94,443447,443541,442875,442969,442875
SRTF,6527,574,8,579,587,5,13,5
SRTF,367,574,93,434890,434983,434316,434409,434316
SRTF,1813,574,57,163229,163286,162655,162712,162655
SRTF,1730,575,80,320358,320438,319783,319863,319783
SRTF,9522,577,58,169049,169107,168472,168530,168472
SRTF,6443,579,68,232517,232585,231938,232006,231938
SRTF,419,580,53,141925,141978,141345,141398,141345
SRTF,3516,580,43,90733,90776,90153,90196,90153
SRTF,7866,581,6,587,593,6,12,6
SRTF,2451,581,80,320438,320518,319857,319937,319857
SRTF,8337,583,86,368886,368972,368303,368389,368303
SRTF,1572,583,37,67149,67186,66566,66603,66566
SRTF,4594,584,76,287266,287342,286682,286758,286682
SRTF,5854,585,89,398030,398119,397445,397534,397445
SRTF,2614,587,79,311104,311183,310517,310596,310517
SRTF,5306,588,69,238708,238777,238120,238189,238120
SRTF,4640,589,48,114197,114245,113608,113656,113608
SRTF,9494,591,41,83254,83295,82663,82704,82663
SRTF,2167,593,8,593,601,0,8,0
SRTF,2843,593,37,67186,67223,66593,66630,66593
SRTF,2368,593,47,108922,108969,108329,108376,108329
SRTF,9861,594,77,294035,294112,293441,293518,293441
SRTF,7405,595,47,108969,109016,108374,108421,108374
SRTF,3901,596,86,368972,369058,368376,368462,368376
SRTF,5731,596,75,280735,280810,280139,280214,280139
SRTF,2491,597,39,75259,75298,74662,74701,74662
SRTF,8021,597,65,211643,211708,211046,211111,211046
SRTF,8048,597,30,44759,44789,44162,44192,44162
SRTF,9138,598,97,470834,470931,470236,470333,470236
SRTF,5137,599,92,426054,426146,425455,425547,425455
SRTF,9080,600,42,86949,86991,86349,86391,86349
SRTF,7203,600,58,169107,169165,168507,168565,168507
SRTF,934,600,48,114245,114293,113645,113693,113645
SRTF,3810,602,88,389140,389228,388538,388626,388538
SRTF,8754,603,54,147760,147814,147157,147211,147157
SRTF,8015,604,72,258671,258743,258067,258139,258067
SRTF,6865,604,75,280810,280885,280206,280281,280206
SRTF,310,606,6,611,617,5,11,5
SRTF,4739,607,50,124564,124614,123957,124007,123957
SRTF,5027,609,27,36633,36660,36024,36051,36024
SRTF,2515,610,1,610,611,0,1,0
SRTF,2574,612,18,16215,16233,15603,15621,15603
SRTF,3502,614,68,232585,232653,231971,232039,231971
SRTF,1301,614,79,311183,311262,310569,310648,310569
SRTF,7985,614,93,434983,435076,434369,434462,434369
SRTF,4192,615,78,302360,302438,301745,301823,301745
SRTF,4060,615,46,104501,104547,103886,103932,103886
SRTF,7121,615,68,232653,232721,232038,232106,232038
SRTF,5032,615,73,266166,266239,265551,265624,265551
SRTF,5649,615,93,435076,435169,434461,434554,434461
SRTF,5915,616,49,120491,120540,119875,119924,119875
SRTF,6979,618,57,163286,163343,162668,162725,162668
SRTF,1746,619,33,54055,54088,53436,53469,53436
SRTF,3403,619,19,18328,18347,17709,17728,17709
SRTF,5536,622,34,56999,57033,56377,56411,56377
SRTF,9442,623,35,60778,60813,60155,60190,60155
SRTF,8849,625,93,435169,435262,434544,434637,434544
SRTF,5429,626,45,99590,99635,98964,99009,98964
SRTF,4552,627,16,12858,12874,12231,12247,12231
SRTF,3459,628,38,71078,71116,70450,70488,70450
SRTF,1720,629,7,634,641,5,12,5
SRTF,3335,630,23,26842,26865,26212,26235,26212
SRTF,1941,630,2,632,634,2,4,2
SRTF,2445,631,38,71116,71154,70485,70523,70485
SRTF,9238,632,22,25081,25103,24449,24471,24449
SRTF,2003,632,60,180761,180821,180129,180189,180129
SRTF,9993,634,12,641,653,7,19,7
SRTF,4005,634,29,42147,42176,41513,41542,41513
SRTF,1617,634,78,302438,302516,301804,301882,301804
SRTF,392,635,87,378956,379043,378321,378408,378321
SRTF,8933,636,53,141978,142031,141342,141395,141342
SRTF,794,638,55,153113,153168,152475,152530,152475
SRTF,6702,639,19,18347,18366,17708,17727,17708
SRTF,6145,641,50,124614,124664,123973,124023,123973
SRTF,5188,643,32,51332,51364,50689,50721,50689
SRTF,3856,644,74,273106,273180,272462,272536,272462
SRTF,1186,645,14,653,667,8,22,8
SRTF,2608,645,86,369058,369144,368413,368499,368413
SRTF,2277,646,75,280885,280960,280239,280314,280239
SRTF,9690,646,64,204980,205044,204334,204398,204334
SRTF,7362,648,74,273180,273254,272532,272606,272532
SRTF,4284,649,97,470931,471028,470282,470379,470282
SRTF,4159,650,47,109016,109063,108366,108413,108366
SRTF,8582,652,57,163343,163400,162691,162748,162691
SRTF,6278,654,40,79008,79048,78354,78394,78354
SRTF,6339,654,72,258743,258815,258089,258161,258089
SRTF,9311,656,98,480052,480150,479396,479494,479396
SRTF,9737,658,80,320518,320598,319860,319940,319860
SRTF,3976,658,43,90776,90819,90118,90161,90118
SRTF,212,659,54,147814,147868,147155,147209,147155
SRTF,7317,659,92,426146,426238,425487,425579,425487
SRTF,2392,659,11,724,735,65,76,65
SRTF,2735,660,60,180821,180881,180161,180221,180161
SRTF,3486,660,79,311262,311341,310602,310681,310602
SRTF,9793,660,85,360552,360637,359892,359977,359892
SRTF,1996,661,8,674,682,13,21,13
SRTF,1657,661,3,667,670,6,9,6
SRTF,3886,661,71,251494,251565,250833,250904,250833
SRTF,5007,662,66,218669,218735,218007,218073,218007
SRTF,165,663,39,75298,75337,74635,74674,74635
SRTF,2372,663,24,29122,29146,28459,28483,28459
SRTF,8032,665,73,266239,266312,265574,265647,265574
SRTF,5936,666,27,36660,36687,35994,36021,35994
SRTF,765,666,4,670,674,4,8,4
SRTF,630,667,42,86991,87033,86324,86366,86324
SRTF,7790,667,93,435262,435355,434595,434688,434595
SRTF,8981,667,51,130169,130220,129502,129553,129502
SRTF,8188,669,45,99635,99680,98966,99011,98966
SRTF,2589,669,86,369144,369230,368475,368561,368475
SRTF,4020,670,45,99680,99725,99010,99055,99010
SRTF,2154,671,66,218735,218801,218064,218130,218064
SRTF,767,671,90,406671,406761,406000,406090,406000
SRTF,9058,671,10,705,715,34,44,34
SRTF,2464,671,44,94218,94262,93547,93591,93547
SRTF,8903,671,47,109063,109110,108392,108439,108392
SRTF,9717,672,88,389228,389316,388556,388644,388556
SRTF,3280,674,33,54088,54121,53414,53447,53414
SRTF,7180,677,15,10840,10855,10163,10178,10163
SRTF,6580,678,71,251565,251636,250887,250958,250887
SRTF,3833,679,36,63725,63761,63046,63082,63046
SRTF,8818,680,32,51364,51396,50684,50716,50684
SRTF,3586,680,7,682,689,2,9,2
SRTF,8380,680,82,336558,336640,335878,335960,335878
SRTF,7041,681,84,353074,353158,352393,352477,352393
SRTF,5447,681,59,174794,174853,174113,174172,174113
SRTF,9520,684,49,120540,120589,119856,119905,119856
SRTF,2263,685,32,51396,51428,50711,50743,50711
SRTF,2428,685,16,12874,12890,12189,12205,12189
SRTF,1495,686,38,71154,71192,70468,70506,70468
SRTF,7916,686,57,163400,163457,162714,162771,162714
SRTF,5630,687,19,18366,18385,17679,17698,17679
SRTF,2575,687,58,169165,169223,168478,168536,168478
SRTF,4319,687,62,191720,191782,191033,191095,191033
SRTF,6666,687,22,25103,25125,24416,24438,24416
SRTF,1065,688,5,693,698,5,10,5
SRTF,2461,689,4,689,693,0,4,0
SRTF,2105,689,53,142031,142084,141342,141395,141342
SRTF,9292,689,53,142084,142137,141395,141448,141395
SRTF,4108,689,96,461326,461422,460637,460733,460637
SRTF,9192,690,68,232721,232789,232031,232099,232031
SRTF,3811,690,80,320598,320678,319908,319988,319908
SRTF,4876,691,21,22386,22407,21695,21716,21695
SRTF,3469,692,43,90819,90862,90127,90170,90127
SRTF,5219,692,49,120589,120638,119897,119946,119897
SRTF,6490,693,92,426238,426330,425545,425637,425545
SRTF,9346,694,57,163457,163514,162763,162820,162763
SRTF,3081,695,15,10855,10870,10160,10175,10160
SRTF,2343,697,77,294112,294189,293415,293492,293415
SRTF,4381,698,25,31720,31745,31022,31047,31022
SRTF,515,698,1,698,699,0,1,0
SRTF,180,698,83,344436,344519,343738,343821,343738
SRTF,3489,699,6,699,705,0,6,0
SRTF,312,699,85,360637,360722,359938,360023,359938
SRTF,7149,701,83,344519,344602,343818,343901,343818
SRTF,1811,703,91,416672,416763,415969,416060,415969
SRTF,2800,703,71,251636,251707,250933,251004,250933
SRTF,6414,706,6,715,721,9,15,9
SRTF,1973,707,45,99725,99770,99018,99063,99018
SRTF,6632,709,11,735,746,26,37,26
SRTF,9201,710,46,104547,104593,103837,103883,103837
SRTF,7658,711,45,99770,99815,99059,99104,99059
SRTF,8938,712,15,10870,10885,10158,10173,10158
SRTF,8111,712,87,379043,379130,378331,378418,378331
SRTF,8883,713,74,273254,273328,272541,272615,272541
SRTF,8030,716,98,480150,480248,479434,479532,479434
SRTF,693,716,15,10885,10900,10169,10184,10169
SRTF,9607,716,35,60813,60848,60097,60132,60097
SRTF,3974,717,98,480248,480346,479531,479629,479531
SRTF,523,717,3,721,724,4,7,4
SRTF,4781,717,91,416763,416854,416046,416137,416046
SRTF,4373,719,94,443541,443635,442822,442916,442822
SRTF,3311,719,70,246097,246167,245378,245448,245378
SRTF,7046,719,16,12890,12906,12171,12187,12171
SRTF,4422,721,96,461422,461518,460701,460797,460701
SRTF,6551,722,35,60848,60883,60126,60161,60126
SRTF,6049,723,46,104593,104639,103870,103916,103870
SRTF,4756,725,29,42176,42205,41451,41480,41451
SRTF,2833,726,14,746,760,20,34,20
SRTF,1383,726,48,114293,114341,113567,113615,113567
SRTF,6890,726,51,130220,130271,129494,129545,129494
SRTF,7359,727,87,379130,379217,378403,378490,378403
SRTF,2746,727,81,327483,327564,326756,326837,326756
SRTF,512,728,40,79048,79088,78320,78360,78320
SRTF,489,728,94,443635,443729,442907,443001,442907
SRTF,8556,730,17,14323,14340,13593,13610,13593
SRTF,5575,731,65,211708,211773,210977,211042,210977
SRTF,9627,731,37,67223,67260,66492,66529,66492
SRTF,5566,734,15,10900,10915,10166,10181,10166
SRTF,9237,734,17,14340,14357,13606,13623,13606
SRTF,6208,737,73,266312,266385,265575,265648,265575
SRTF,7656,737,56,157736,157792,156999,157055,156999
SRTF,6157,739,97,471028,471125,470289,470386,470289
SRTF,7776,743,35,60883,60918,60140,60175,60140
SRTF,9624,745,53,142137,142190,141392,141445,141392
SRTF,8521,745,37,67260,67297,66515,66552,66515
SRTF,5153,746,56,157792,157848,157046,157102,157046
SRTF,7665,748,84,353158,353242,352410,352494,352410
SRTF,7177,752,21,22407,22428,21655,21676,21655
SRTF,7254,754,52,136095,136147,135341,135393,135341
SRTF,7016,754,72,258815,258887,258061,258133,258061
SRTF,6196,755,64,205044,205108,204289,204353,204289
SRTF,9751,755,95,451630,451725,450875,450970,450875
SRTF,9706,756,77,294189,294266,293433,293510,293433
SRTF,4700,757,70,246167,246237,245410,245480,245410
SRTF,6280,759,93,435355,435448,434596,434689,434596
SRTF,753,760,1,760,761,0,1,0
SRTF,9860,760,53,142190,142243,141430,141483,141430
SRTF,8825,760,85,360722,360807,359962,360047,359962
SRTF,9850,761,75,280960,281035,280199,280274,280199
SRTF,9022,765,26,33950,33976,33185,33211,33185
SRTF,7443,766,90,406761,406851,405995,406085,405995
SRTF,2131,767,83,344602,344685,343835,343918,343835
SRTF,7097,767,98,480346,480444,479579,479677,479579
SRTF,1088,768,46,104639,104685,103871,103917,103871
SRTF,9536,768,54,147868,147922,147100,147154,147100
SRTF,9389,768,68,232789,232857,232021,232089,232021
SRTF,2246,769,28,39284,39312,38515,38543,38515
SRTF,7534,769,41,83295,83336,82526,82567,82526
SRTF,12,769,99,488484,488583,487715,487814,487715
SRTF,1955,769,25,31745,31770,30976,31001,30976
SRTF,703,770,58,169223,169281,168453,168511,168453
SRTF,2861,770,59,174853,174912,174083,174142,174083
SRTF,9921,770,56,157848,157904,157078,157134,157078
SRTF,2760,771,28,39312,39340,38541,38569,38541
SRTF,8734,773,87,379217,379304,378444,378531,378444
SRTF,6150,773,10,776,786,3,13,3
SRTF,9154,774,40,79088,79128,78314,78354,78314
SRTF,2192,775,47,109110,109157,108335,108382,108335
SRTF,52,775,90,406851,406941,406076,406166,406076
SRTF,4317,776,31,47976,48007,47200,47231,47200
SRTF,9059,777,8,786,794,9,17,9
SRTF,1586,778,56,157904,157960,157126,157182,157126
SRTF,2732,778,33,54121,54154,53343,53376,53343
SRTF,7742,779,44,94262,94306,93483,93527,93483
SRTF,8651,780,81,327564,327645,326784,326865,326784
SRTF,2247,780,27,36687,36714,35907,35934,35907
SRTF,2525,781,30,44789,44819,44008,44038,44008
SRTF,9428,781,42,87033,87075,86252,86294,86252
SRTF,8211,783,18,16233,16251,15450,15468,15450
SRTF,338,784,24,29146,29170,28362,28386,28362
SRTF,2958,785,27,36714,36741,35929,35956,35929
SRTF,6010,786,88,389316,389404,388530,388618,388530
SRTF,5533,787,1,794,795,7,8,7
SRTF,8350,788,87,379304,379391,378516,378603,378516
SRTF,8146,789,1,795,796,6,7,6
SRTF,5560,790,52,136147,136199,135357,135409,135357
SRTF,1535,791,42,87075,87117,86284,86326,86284
SRTF,7627,792,94,443729,443823,442937,443031,442937
SRTF,990,793,52,136199,136251,135406,135458,135406
SRTF,9891,793,6,796,802,3,9,3
SRTF,9564,797,48,114341,114389,113544,113592,113544
SRTF,5568,798,48,114389,114437,113591,113639,113591
SRTF,9182,798,65,211773,211838,210975,211040,210975
SRTF,9628,799,96,461518,461614,460719,460815,460719
SRTF,8327,801,25,31770,31795,30969,30994,30969
SRTF,3862,802,24,29170,29194,28368,28392,28368
SRTF,1148,804,57,163514,163571,162710,162767,162710
SRTF,6913,804,14,826,840,22,36,22
SRTF,8082,804,49,120638,120687,119834,119883,119834
SRTF,1362,806,65,211838,211903,211032,211097,211032
SRTF,4693,807,62,191782,191844,190975,191037,190975
SRTF,4754,808,72,258887,258959,258079,258151,258079
SRTF,7088,808,74,273328,273402,272520,272594,272520
SRTF,7809,809,15,10915,10930,10106,10121,10106
SRTF,7113,810,17,14357,14374,13547,13564,13547
SRTF,5361,813,87,379391,379478,378578,378665,378578
SRTF,994,814,82,336640,336722,335826,335908,335826
SRTF,9813,815,91,416854,416945,416039,416130,416039
SRTF,6103,815,9,817,826,2,11,2
SRTF,3749,816,42,87117,87159,86301,86343,86301
SRTF,3952,816,79,311341,311420,310525,310604,310525
SRTF,7327,818,80,320678,320758,319860,319940,319860
SRTF,8279,818,15,10930,10945,10112,10127,10112
SRTF,6755,821,61,186222,186283,185401,185462,185401
SRTF,1127,822,89,398119,398208,397297,397386,397297
SRTF,601,823,15,10945,10960,10122,10137,10122
SRTF,7735,823,98,480444,480542,479621,479719,479621
SRTF,3522,824,96,461614,461710,460790,460886,460790
SRTF,1375,824,26,33976,34002,33152,33178,33152
SRTF,482,825,16,12906,12922,12081,12097,12081
SRTF,1002,827,50,124664,124714,123837,123887,123837
SRTF,397,830,8,840,848,10,18,10
SRTF,2383,830,51,130271,130322,129441,129492,129441
SRTF,1106,832,76,287342,287418,286510,286586,286510
SRTF,8242,832,25,31795,31820,30963,30988,30963
SRTF,9510,832,39,75337,75376,74505,74544,74505
SRTF,7611,834,43,90862,90905,90028,90071,90028
SRTF,6391,835,90,406941,407031,406106,406196,406106
SRTF,7914,837,72,258959,259031,258122,258194,258122
SRTF,6873,838,37,67297,67334,66459,66496,66459
SRTF,9032,840,72,259031,259103,258191,258263,258191
SRTF,4336,844,18,16251,16269,15407,15425,15407
SRTF,2089,845,81,327645,327726,326800,326881,326800
SRTF,6673,845,97,471125,471222,470280,470377,470280
SRTF,873,846,21,22428,22449,21582,21603,21582
SRTF,6875,847,92,426330,426422,425483,425575,425483
SRTF,6516,848,57,163571,163628,162723,162780,162723
SRTF,9400,849,83,344685,344768,343836,343919,343836
SRTF,453,851,73,266385,266458,265534,265607,265534
SRTF,364,853,9,863,872,10,19,10
SRTF,182,854,95,451725,451820,450871,450966,450871
SRTF,2807,855,87,379478,379565,378623,378710,378623
SRTF,5099,857,79,311420,311499,310563,310642,310563
SRTF,4073,857,40,79128,79168,78271,78311,78271
SRTF,7410,858,89,398208,398297,397350,397439,397350
SRTF,3774,859,65,211903,211968,211044,211109,211044
SRTF,2,860,95,451820,451915,450960,451055,450960
SRTF,5241,861,58,169281,169339,168420,168478,168420
SRTF,4281,861,49,120687,120736,119826,119875,119826
SRTF,128,863,13,874,887,11,24,11
SRTF,9125,864,54,147922,147976,147058,147112,147058
SRTF,5037,864,62,191844,191906,190980,191042,190980
SRTF,8150,864,2,872,874,8,10,8
SRTF,8751,865,34,57033,57067,56168,56202,56168
SRTF,6149,865,91,416945,417036,416080,416171,416080
SRTF,2377,867,47,109157,109204,108290,108337,108290
SRTF,6438,867,27,36741,36768,35874,35901,35874
SRTF,8452,869,16,12922,12938,12053,12069,12053
SRTF,3808,869,90,407031,407121,406162,406252,406162
SRTF,7309,870,31,48007,48038,47137,47168,47137
SRTF,8795,870,55,153168,153223,152298,152353,152298
SRTF,4426,870,23,26865,26888,25995,26018,25995
SRTF,8204,873,44,94306,94350,93433,93477,93433
SRTF,2459,874,76,287418,287494,286544,286620,286544
SRTF,383,876,18,16269,16287,15393,15411,15393
SRTF,845,876,10,911,921,35,45,35
SRTF,7931,877,32,51428,51460,50551,50583,50551
SRTF,6321,877,89,398297,398386,397420,397509,397420
SRTF,77,878,10,938,948,60,70,60
SRTF,8963,879,59,174912,174971,174033,174092,174033
SRTF,6459,880,5,887,892,7,12,7
SRTF,3404,882,35,60918,60953,60036,60071,60036
SRTF,6134,882,85,360807,360892,359925,360010,359925
SRTF,3647,882,38,71192,71230,70310,70348,70310
SRTF,3024,882,70,246237,246307,245355,245425,245355
SRTF,7104,885,35,60953,60988,60068,60103,60068
SRTF,8809,886,32,51460,51492,50574,50606,50574
SRTF,4920,886,95,451915,452010,451029,451124,451029
SRTF,4421,886,29,42205,42234,41319,41348,41319
SRTF,3670,887,21,22449,22470,21562,21583,21562
SRTF,5963,888,28,39340,39368,38452,38480,38452
SRTF,7941,889,50,124714,124764,123825,123875,123825
SRTF,8322,889,64,205108,205172,204219,204283,204219
SRTF,7889,889,17,14374,14391,13485,13502,13485
SRTF,9622,889,99,488583,488682,487694,487793,487694
SRTF,4604,890,42,87159,87201,86269,86311,86269
SRTF,1783,891,56,157960,158016,157069,157125,157069
SRTF,8483,892,8,903,911,11,19,11
SRTF,9195,892,5,892,897,0,5,0
SRTF,1395,892,87,379565,379652,378673,378760,378673
SRTF,5584,893,6,897,903,4,10,4
SRTF,1637,894,40,79168,79208,78274,78314,78274
SRTF,4618,896,87,379652,379739,378756,378843,378756
SRTF,4017,897,85,360892,360977,359995,360080,359995
SRTF,9200,897,40,79208,79248,78311,78351,78311
SRTF,1634,899,35,60988,61023,60089,60124,60089
SRTF,9716,901,12,949,961,48,60,48
SRTF,5882,901,93,435448,435541,434547,434640,434547
SRTF,5470,901,16,12938,12954,12037,12053,12037
SRTF,5244,904,50,124764,124814,123860,123910,123860
SRTF,9006,904,74,273402,273476,272498,272572,272498
SRTF,2446,905,68,232857,232925,231952,232020,231952
SRTF,8828,906,57,163628,163685,162722,162779,162722
SRTF,8639,909,37,67334,67371,66425,66462,66425
SRTF,2947,910,47,109204,109251,108294,108341,108294
SRTF,4402,910,63,198296,198359,197386,197449,197386
SRTF,5980,912,62,191906,191968,190994,191056,190994
SRTF,2917,913,84,353242,353326,352329,352413,352329
SRTF,5616,913,9,921,930,8,17,8
SRTF,9173,916,81,327726,327807,326810,326891,326810
SRTF,1604,917,12,1072,1084,155,167,155
SRTF,4187,917,92,426422,426514,425505,425597,425505
SRTF,5781,918,33,54154,54187,53236,53269,53236
SRTF,805,918,28,39368,39396,38450,38478,38450
SRTF,6561,919,88,389404,389492,388485,388573,388485
SRTF,5195,919,43,90905,90948,89986,90029,89986
SRTF,4137,919,16,12954,12970,12035,12051,12035
SRTF,5156,920,99,488682,488781,487762,487861,487762
SRTF,1338,920,42,87201,87243,86281,86323,86281
SRTF,7331,920,89,398386,398475,397466,397555,397466
SRTF,1317,920,83,344768,344851,343848,343931,343848
SRTF,9815,922,69,238777,238846,237855,237924,237855
SRTF,965,922,73,266458,266531,265536,265609,265536
SRTF,6769,922,50,124814,124864,123892,123942,123892
SRTF,4083,922,90,407121,407211,406199,406289,406199
SRTF,2593,923,51,130322,130373,129399,129450,129399
SRTF,5105,923,87,379739,379826,378816,378903,378816
SRTF,5297,924,14,1205,1219,281,295,281
SRTF,5976,924,77,294266,294343,293342,293419,293342
SRTF,648,924,84,353326,353410,352402,352486,352402
SRTF,4916,926,8,930,938,4,12,4
SRTF,602,928,46,104685,104731,103757,103803,103757
SRTF,9159,929,55,153223,153278,152294,152349,152294
SRTF,3411,929,28,39396,39424,38467,38495,38467
SRTF,2924,929,34,57067,57101,56138,56172,56138
SRTF,4877,931,87,379826,379913,378895,378982,378895
SRTF,1530,933,62,191968,192030,191035,191097,191035
SRTF,2709,933,78,302516,302594,301583,301661,301583
SRTF,2845,935,27,36768,36795,35833,35860,35833
SRTF,5045,935,24,29194,29218,28259,28283,28259
SRTF,1377,936,94,443823,443917,442887,442981,442887
SRTF,7474,938,65,211968,212033,211030,211095,211030
SRTF,8526,939,88,389492,389580,388553,388641,388553
SRTF,7313,940,57,163685,163742,162745,162802,162745
SRTF,8523,941,49,120736,120785,119795,119844,119795
SRTF,5118,941,97,471222,471319,470281,470378,470281
SRTF,6238,942,77,294343,294420,293401,293478,293401
SRTF,1128,943,15,10960,10975,10017,10032,10017
SRTF,7200,943,27,36795,36822,35852,35879,35852
SRTF,2975,946,78,302594,302672,301648,301726,301648
SRTF,8163,946,91,417036,417127,416090,416181,416090
SRTF,5168,946,57,163742,163799,162796,162853,162796
SRTF,7122,947,1,948,949,1,2,1
SRTF,6901,947,60,180881,180941,179934,179994,179934
SRTF,2661,948,39,75376,75415,74428,74467,74428
SRTF,969,950,63,198359,198422,197409,197472,197409
SRTF,1078,951,9,961,970,10,19,10
SRTF,9298,952,83,344851,344934,343899,343982,343899
SRTF,553,953,20,20462,20482,19509,19529,19509
SRTF,6662,954,66,218801,218867,217847,217913,217847
SRTF,4063,954,59,174971,175030,174017,174076,174017
SRTF,1409,954,47,109251,109298,108297,108344,108297
SRTF,1675,955,35,61023,61058,60068,60103,60068
SRTF,1748,956,80,320758,320838,319802,319882,319802
SRTF,1669,956,11,1036,1047,80,91,80
SRTF,266,956,61,186283,186344,185327,185388,185327
SRTF,4122,956,26,34002,34028,33046,33072,33046
SRTF,8504,957,70,246307,246377,245350,245420,245350
SRTF,9841,958,49,120785,120834,119827,119876,119827
SRTF,1552,959,19,18385,18404,17426,17445,17426
SRTF,4705,961,24,29218,29242,28257,28281,28257
SRTF,2083,963,44,94350,94394,93387,93431,93387
SRTF,1880,963,12,1150,1162,187,199,187
SRTF,7232,964,10,970,980,6,16,6
SRTF,7940,966,74,273476,273550,272510,272584,272510
SRTF,8190,966,82,336722,336804,335756,335838,335756
SRTF,1062,966,25,31820,31845,30854,30879,30854
SRTF,7888,966,46,104731,104777,103765,103811,103765
SRTF,7722,968,97,471319,471416,470351,470448,470351
SRTF,8317,968,48,114437,114485,113469,113517,113469
SRTF,1751,968,69,238846,238915,237878,237947,237878
SRTF,4842,969,20,20482,20502,19513,19533,19513
SRTF,6815,969,69,238915,238984,237946,238015,237946
SRTF,6828,969,26,34028,34054,33059,33085,33059
SRTF,4763,972,29,42234,42263,41262,41291,41262
SRTF,3314,972,78,302672,302750,301700,301778,301700
SRTF,8676,973,64,205172,205236,204199,204263,204199
SRTF,4561,974,29,42263,42292,41289,41318,41289
SRTF,1412,974,34,57101,57135,56127,56161,56127
SRTF,7844,974,15,10975,10990,10001,10016,10001
SRTF,7872,975,9,980,989,5,14,5
SRTF,4234,975,51,130373,130424,129398,129449,129398
SRTF,8923,976,54,147976,148030,147000,147054,147000
SRTF,316,980,38,71230,71268,70250,70288,70250
SRTF,5697,983,7,1005,1012,22,29,22
SRTF,1543,984,5,989,994,5,10,5
SRTF,999,984,83,344934,345017,343950,344033,343950
SRTF,4661,985,81,327807,327888,326822,326903,326822
SRTF,8823,986,58,169339,169397,168353,168411,168353
SRTF,1801,986,80,320838,320918,319852,319932,319852
SRTF,1944,987,6,999,1005,12,18,12
SRTF,2719,987,57,163799,163856,162812,162869,162812
SRTF,2826,987,94,443917,444011,442930,443024,442930
SRTF,6581,988,64,205236,205300,204248,204312,204248
SRTF,1523,988,74,273550,273624,272562,272636,272562
SRTF,2840,989,55,153278,153333,152289,152344,152289
SRTF,6304,989,94,444011,444105,443022,443116,443022
SRTF,4045,990,77,294420,294497,293430,293507,293430
SRTF,4140,991,7,1021,1028,30,37,30
SRTF,3626,992,26,34054,34080,33062,33088,33062
SRTF,5949,992,5,994,999,2,7,2
SRTF,7582,992,82,336804,336886,335812,335894,335812
SRTF,9218,992,74,273624,273698,272632,272706,272632
SRTF,9780,994,70,246377,246447,245383,245453,245383
SRTF,67,995,37,67371,67408,66376,66413,66376
SRTF,6001,996,14,1530,1544,534,548,534
SRTF,6504,997,59,175030,175089,174033,174092,174033
SRTF,3633,999,97,471416,471513,470417,470514,470417
SRTF,1829,1000,90,407211,407301,406211,406301,406211
SRTF,4712,1001,30,44819,44849,43818,43848,43818
SRTF,5515,1001,93,435541,435634,434540,434633,434540
SRTF,4674,1003,11,1047,1058,44,55,44
SRTF,9378,1004,45,99815,99860,98811,98856,98811
SRTF,1470,1007,69,238984,239053,237977,238046,237977
SRTF,6312,1007,65,212033,212098,211026,211091,211026
SRTF,6297,1008,73,266531,266604,265523,265596,265523
SRTF,4581,1008,96,461710,461806,460702,460798,460702
SRTF,7366,1009,5,1012,1017,3,8,3
SRTF,4806,1012,59,175089,175148,174077,174136,174077
SRTF,2024,1012,69,239053,239122,238041,238110,238041
SRTF,7248,1013,58,169397,169455,168384,168442,168384
SRTF,2349,1013,30,44849,44879,43836,43866,43836
SRTF,7784,1014,62,192030,192092,191016,191078,191016
SRTF,3809,1014,8,1028,1036,14,22,14
SRTF,4653,1015,44,94394,94438,93379,93423,93379
SRTF,4957,1015,94,444105,444199,443090,443184,443090
SRTF,663,1015,15,10990,11005,9975,9990,9975
SRTF,5322,1016,4,1017,1021,1,5,1
SRTF,70,1016,90,407301,407391,406285,406375,406285
SRTF,6203,1016,21,22470,22491,21454,21475,21454
SRTF,6788,1017,55,153333,153388,152316,152371,152316
SRTF,2389,1019,33,54187,54220,53168,53201,53168
SRTF,8652,1019,42,87243,87285,86224,86266,86224
SRTF,59,1021,88,389580,389668,388559,388647,388559
SRTF,8993,1025,85,360977,361062,359952,360037,359952
SRTF,114,1028,96,461806,461902,460778,460874,460778
SRTF,3883,1029,93,435634,435727,434605,434698,434605
SRTF,5613,1030,23,26888,26911,25858,25881,25858
SRTF,7602,1030,77,294497,294574,293467,293544,293467
SRTF,7417,1030,28,39424,39452,38394,38422,38394
SRTF,6111,1032,25,31845,31870,30813,30838,30813
SRTF,4882,1032,40,79248,79288,78216,78256,78216
SRTF,5516,1033,37,67408,67445,66375,66412,66375
SRTF,4288,1036,55,153388,153443,152352,152407,152352
SRTF,6692,1036,84,353410,353494,352374,352458,352374
SRTF,2331,1037,42,87285,87327,86248,86290,86248
SRTF,9329,1040,69,239122,239191,238082,238151,238082
SRTF,1484,1040,59,175148,175207,174108,174167,174108
SRTF,7277,1040,18,16287,16305,15247,15265,15247
SRTF,6989,1044,95,452010,452105,450966,451061,450966
SRTF,283,1045,47,109298,109345,108253,108300,108253
SRTF,5720,1045,95,452105,452200,451060,451155,451060
SRTF,9071,1046,95,452200,452295,451154,451249,451154
SRTF,4785,1048,21,22491,22512,21443,21464,21443
SRTF,2078,1048,7,1058,1065,10,17,10
SRTF,1549,1050,70,246447,246517,245397,245467,245397
SRTF,9443,1050,72,259103,259175,258053,258125,258053
SRTF,4488,1051,34,57135,57169,56084,56118,56084
SRTF,9245,1054,38,71268,71306,70214,70252,70214
SRTF,2927,1054,83,345017,345100,343963,344046,343963
SRTF,7785,1054,22,25125,25147,24071,24093,24071
SRTF,9863,1055,67,225739,225806,224684,224751,224684
SRTF,1756,1058,33,54220,54253,53162,53195,53162
SRTF,5484,1058,94,444199,444293,443141,443235,443141
SRTF,141,1059,28,39452,39480,38393,38421,38393
SRTF,306,1060,89,398475,398564,397415,397504,397415
SRTF,536,1062,22,25147,25169,24085,24107,24085
SRTF,820,1062,4,1065,1069,3,7,3
SRTF,859,1063,60,180941,181001,179878,179938,179878
SRTF,935,1065,39,75415,75454,74350,74389,74350
SRTF,466,1066,45,99860,99905,98794,98839,98794
SRTF,5888,1067,3,1069,1072,2,5,2
SRTF,7899,1067,87,379913,380000,378846,378933,378846
SRTF,8038,1069,58,169455,169513,168386,168444,168386
SRTF,304,1069,64,205300,205364,204231,204295,204231
SRTF,6572,1070,90,407391,407481,406321,406411,406321
SRTF,7553,1070,87,380000,380087,378930,379017,378930
SRTF,1923,1072,49,120834,120883,119762,119811,119762
SRTF,3354,1072,13,1162,1175,90,103,90
SRTF,5449,1073,3,1084,1087,11,14,11
SRTF,4684,1073,24,29242,29266,28169,28193,28169
SRTF,9064,1074,91,417127,417218,416053,416144,416053
SRTF,6812,1074,37,67445,67482,66371,66408,66371
SRTF,7806,1075,65,212098,212163,211023,211088,211023
SRTF,7061,1075,70,246517,246587,245442,245512,245442
SRTF,8010,1075,67,225806,225873,224731,224798,224731
SRTF,705,1077,62,192092,192154,191015,191077,191015
SRTF,8120,1079,17,14391,14408,13312,13329,13312
SRTF,9475,1079,51,130424,130475,129345,129396,129345
SRTF,5357,1079,30,44879,44909,43800,43830,43800
SRTF,8035,1079,9,1091,1100,12,21,12
SRTF,2358,1080,4,1087,1091,7,11,7
SRTF,6895,1081,18,16305,16323,15224,15242,15224
SRTF,409,1081,40,79288,79328,78207,78247,78207
SRTF,8855,1088,59,175207,175266,174119,174178,174119
SRTF,3090,1088,16,12970,12986,11882,11898,11882
SRTF,2639,1089,66,218867,218933,217778,217844,217778
SRTF,6719,1093,16,12986,13002,11893,11909,11893
SRTF,4100,1093,25,31870,31895,30777,30802,30777
SRTF,4843,1094,82,336886,336968,335792,335874,335792
SRTF,4263,1094,25,31895,31920,30801,30826,30801
SRTF,9472,1095,7,1100,1107,5,12,5
SRTF,7185,1095,59,175266,175325,174171,174230,174171
SRTF,4526,1096,46,104777,104823,103681,103727,103681
SRTF,7398,1096,23,26911,26934,25815,25838,25815
SRTF,3111,1098,25,31920,31945,30822,30847,30822
SRTF,8372,1098,25,31945,31970,30847,30872,30847
SRTF,6946,1098,72,259175,259247,258077,258149,258077
SRTF,1515,1098,43,90948,90991,89850,89893,89850
SRTF,2627,1098,8,1107,1115,9,17,9
SRTF,6567,1099,28,39480,39508,38381,38409,38381
SRTF,9422,1100,27,36822,36849,35722,35749,35722
SRTF,1950,1100,98,480542,480640,479442,479540,479442
SRTF,6638,1101,10,1115,1125,14,24,14
SRTF,3328,1102,53,142243,142296,141141,141194,141141
SRTF,8047,1102,78,302750,302828,301648,301726,301648
SRTF,7956,1103,24,29266,29290,28163,28187,28163
SRTF,3571,1104,46,104823,104869,103719,103765,103719
SRTF,5872,1104,52,136251,136303,135147,135199,135147
SRTF,8224,1105,24,29290,29314,28185,28209,28185
SRTF,3471,1105,40,79328,79368,78223,78263,78223
SRTF,4771,1106,82,336968,337050,335862,335944,335862
SRTF,7290,1108,43,90991,91034,89883,89926,89883
SRTF,7510,1109,58,169513,169571,168404,168462,168404
SRTF,9895,1110,59,175325,175384,174215,174274,174215
SRTF,9650,1115,11,1139,1150,24,35,24
SRTF,3383,1116,31,48038,48069,46922,46953,46922
SRTF,9903,1116,34,57169,57203,56053,56087,56053
SRTF,4430,1117,4,1125,1129,8,12,8
SRTF,9790,1118,15,11005,11020,9887,9902,9887
SRTF,968,1120,44,94438,94482,93318,93362,93318
SRTF,496,1122,45,99905,99950,98783,98828,98783
SRTF,2342,1124,83,345100,345183,343976,344059,343976
SRTF,3225,1124,27,36849,36876,35725,35752,35725
SRTF,8281,1124,66,218933,218999,217809,217875,217809
SRTF,2594,1125,79,311499,311578,310374,310453,310374
SRTF,6799,1125,45,99950,99995,98825,98870,98825
SRTF,1964,1125,5,1129,1134,4,9,4
SRTF,5762,1128,59,175384,175443,174256,174315,174256
SRTF,7095,1129,32,51492,51524,50363,50395,50363
SRTF,7027,1129,22,25169,25191,24040,24062,24040
SRTF,8284,1129,32,51524,51556,50395,50427,50395
SRTF,5576,1129,97,471513,471610,470384,470481,470384
SRTF,2885,1130,27,36876,36903,35746,35773,35746
SRTF,6261,1131,5,1134,1139,3,8,3
SRTF,6980,1132,53,142296,142349,141164,141217,141164
SRTF,3488,1132,91,417218,417309,416086,416177,416086
SRTF,5833,1133,87,380087,380174,378954,379041,378954
SRTF,3781,1134,95,452295,452390,451161,451256,451161
SRTF,4413,1134,20,20502,20522,19368,19388,19368
SRTF,4198,1135,80,320918,320998,319783,319863,319783
SRTF,1466,1136,24,29314,29338,28178,28202,28178
SRTF,2385,1136,68,232925,232993,231789,231857,231789
SRTF,3067,1137,13,1192,1205,55,68,55
SRTF,2670,1138,18,16323,16341,15185,15203,15185
SRTF,5548,1140,29,42292,42321,41152,41181,41152
SRTF,3011,1140,34,57203,57237,56063,56097,56063
SRTF,5371,1141,46,104869,104915,103728,103774,103728
SRTF,4205,1141,85,361062,361147,359921,360006,359921
SRTF,2902,1141,46,104915,104961,103774,103820,103774
SRTF,9767,1145,91,417309,417400,416164,416255,416164
SRTF,9276,1146,80,320998,321078,319852,319932,319852
SRTF,368,1148,24,29338,29362,28190,28214,28190
SRTF,404,1150,14,1617,1631,467,481,467
SRTF,3608,1151,22,25191,25213,24040,24062,24040
SRTF,248,1154,89,398564,398653,397410,397499,397410
SRTF,8407,1155,78,302828,302906,301673,301751,301673
SRTF,8538,1156,68,232993,233061,231837,231905,231837
SRTF,9286,1159,41,83336,83377,82177,82218,82177
SRTF,2793,1159,75,281035,281110,279876,279951,279876
SRTF,7813,1159,67,225873,225940,224714,224781,224714
SRTF,9465,1160,71,251707,251778,250547,250618,250547
SRTF,4906,1161,35,61058,61093,59897,59932,59897
SRTF,6674,1164,15,11020,11035,9856,9871,9856
SRTF,7081,1164,31,48069,48100,46905,46936,46905
SRTF,7516,1164,74,273698,273772,272534,272608,272534
SRTF,1344,1165,62,192154,192216,190989,191051,190989
SRTF,5600,1167,69,239191,239260,238024,238093,238024
SRTF,535,1167,60,181001,181061,179834,179894,179834
SRTF,6464,1168,8,1178,1186,10,18,10
SRTF,2382,1169,3,1175,1178,6,9,6
SRTF,4896,1170,98,480640,480738,479470,479568,479470
SRTF,2466,1171,68,233061,233129,231890,231958,231890
SRTF,6116,1172,90,407481,407571,406309,406399,406309
SRTF,6389,1173,86,369230,369316,368057,368143,368057
SRTF,7515,1174,20,20522,20542,19348,19368,19348
SRTF,5562,1174,40,79368,79408,78194,78234,78194
SRTF,7382,1176,99,488781,488880,487605,487704,487605
SRTF,1858,1177,38,71306,71344,70129,70167,70129
SRTF,2110,1179,44,94482,94526,93303,93347,93303
SRTF,8691,1181,51,130475,130526,129294,129345,129294
SRTF,5432,1181,36,63761,63797,62580,62616,62580
SRTF,3795,1184,92,426514,426606,425330,425422,425330
SRTF,319,1184,81,327888,327969,326704,326785,326704
SRTF,18,1184,18,16341,16359,15157,15175,15157
SRTF,5250,1184,6,1186,1192,2,8,2
SRTF,9169,1184,79,311578,311657,310394,310473,310394
SRTF,2765,1185,51,130526,130577,129341,129392,129341
SRTF,4535,1186,23,26934,26957,25748,25771,25748
SRTF,8733,1186,33,54253,54286,53067,53100,53067
SRTF,9594,1189,36,63797,63833,62608,62644,62608
SRTF,6732,1189,34,57237,57271,56048,56082,56048
SRTF,8988,1189,33,54286,54319,53097,53130,53097
SRTF,5410,1191,79,311657,311736,310466,310545,310466
SRTF,5524,1191,74,273772,273846,272581,272655,272581
SRTF,558,1191,76,287494,287570,286303,286379,286303
SRTF,5176,1192,33,54319,54352,53127,53160,53127
SRTF,8926,1193,99,488880,488979,487687,487786,487687
SRTF,8629,1195,58,169571,169629,168376,168434,168376
SRTF,3444,1196,44,94526,94570,93330,93374,93330
SRTF,7242,1196,86,369316,369402,368120,368206,368120
SRTF,9557,1198,53,142349,142402,141151,141204,141151
SRTF,1794,1198,16,13002,13018,11804,11820,11804
SRTF,3877,1200,86,369402,369488,368202,368288,368202
SRTF,956,1202,54,148030,148084,146828,146882,146828
SRTF,9875,1203,64,205364,205428,204161,204225,204161
SRTF,5918,1203,63,198422,198485,197219,197282,197219
SRTF,6332,1204,68,233129,233197,231925,231993,231925
SRTF,4116,1205,18,16359,16377,15154,15172,15154
SRTF,1052,1205,62,192216,192278,191011,191073,191011
SRTF,3021,1207,66,218999,219065,217792,217858,217792
SRTF,8080,1209,2,1219,1221,10,12,10
SRTF,7215,1209,54,148084,148138,146875,146929,146875
SRTF,6818,1211,88,389668,389756,388457,388545,388457
SRTF,9462,1211,10,1221,1231,10,20,10
SRTF,5184,1211,36,63833,63869,62622,62658,62622
SRTF,9482,1212,71,251778,251849,250566,250637,250566
SRTF,6029,1212,43,91034,91077,89822,89865,89822
SRTF,598,1214,38,71344,71382,70130,70168,70130
SRTF,7633,1214,90,407571,407661,406357,406447,406357
SRTF,4758,1216,32,51556,51588,50340,50372,50340
SRTF,276,1218,44,94570,94614,93352,93396,93352
SRTF,1403,1218,92,426606,426698,425388,425480,425388
SRTF,7604,1220,24,29362,29386,28142,28166,28142
SRTF,7436,1221,77,294574,294651,293353,293430,293353
SRTF,7676,1222,51,130577,130628,129355,129406,129355
SRTF,6334,1223,46,104961,105007,103738,103784,103738
SRTF,8237,1224,31,48100,48131,46876,46907,46876
SRTF,3078,1227,21,22512,22533,21285,21306,21285
SRTF,3168,1228,49,120883,120932,119655,119704,119655
SRTF,1761,1229,27,36903,36930,35674,35701,35674
SRTF,5832,1230,12,1303,1315,73,85,73
SRTF,4088,1230,10,1235,1245,5,15,5
SRTF,4250,1230,4,1231,1235,1,5,1
SRTF,7825,1231,55,153443,153498,152212,152267,152212
SRTF,5334,1231,27,36930,36957,35699,35726,35699
SRTF,8156,1231,13,1315,1328,84,97,84
SRTF,8613,1232,47,109345,109392,108113,108160,108113
SRTF,9532,1234,80,321078,321158,319844,319924,319844
SRTF,4340,1234,66,219065,219131,217831,217897,217831
SRTF,6916,1235,27,36957,36984,35722,35749,35722
SRTF,3134,1238,35,61093,61128,59855,59890,59855
SRTF,7257,1238,67,225940,226007,224702,224769,224702
SRTF,1767,1239,66,219131,219197,217892,217958,217892
SRTF,1236,1240,5,1245,1250,5,10,5
SRTF,1963,1241,34,57271,57305,56030,56064,56030
SRTF,9178,1241,83,345183,345266,343942,344025,343942
SRTF,7697,1242,71,251849,251920,250607,250678,250607
SRTF,5122,1243,89,398653,398742,397410,397499,397410
SRTF,8632,1244,48,114485,114533,113241,113289,113241
SRTF,8708,1245,7,1254,1261,9,16,9
SRTF,2227,1246,13,1328,1341,82,95,82
SRTF,948,1248,85,361147,361232,359899,359984,359899
SRTF,5478,1248,29,42321,42350,41073,41102,41073
SRTF,1940,1249,3,1250,1253,1,4,1
SRTF,10000,1249,80,321158,321238,319909,319989,319909
SRTF,4498,1251,25,31970,31995,30719,30744,30719
SRTF,1242,1252,73,266604,266677,265352,265425,265352
SRTF,714,1252,1,1253,1254,1,2,1
SRTF,4351,1252,74,273846,273920,272594,272668,272594
SRTF,614,1256,80,321238,321318,319982,320062,319982
SRTF,2270,1256,68,233197,233265,231941,232009,231941
SRTF,4245,1257,79,311736,311815,310479,310558,310479
SRTF,4143,1258,85,361232,361317,359974,360059,359974
SRTF,8434,1259,10,1261,1271,2,12,2
SRTF,7662,1259,67,226007,226074,224748,224815,224748
SRTF,4592,1260,73,266677,266750,265417,265490,265417
SRTF,4963,1260,79,311815,311894,310555,310634,310555
SRTF,4237,1262,33,54352,54385,53090,53123,53090
SRTF,9817,1264,89,398742,398831,397478,397567,397478
SRTF,1482,1265,44,94614,94658,93349,93393,93349
SRTF,1645,1266,56,158016,158072,156750,156806,156750
SRTF,36,1267,10,1274,1284,7,17,7
SRTF,5038,1268,26,34080,34106,32812,32838,32812
SRTF,5245,1269,25,31995,32020,30726,30751,30726
SRTF,4962,1269,3,1271,1274,2,5,2
SRTF,6175,1269,97,471610,471707,470341,470438,470341
SRTF,3740,1271,44,94658,94702,93387,93431,93387
SRTF,4524,1273,13,1341,1354,68,81,68
SRTF,1747,1274,21,22533,22554,21259,21280,21259
SRTF,791,1276,10,1293,1303,17,27,17
SRTF,1149,1279,2,1284,1286,5,7,5
SRTF,2592,1283,80,321318,321398,320035,320115,320035
SRTF,2391,1283,52,136303,136355,135020,135072,135020
SRTF,5191,1283,54,148138,148192,146855,146909,146855
SRTF,9387,1284,78,302906,302984,301622,301700,301622
SRTF,9919,1285,64,205428,205492,204143,204207,204143
SRTF,1894,1286,7,1286,1293,0,7,0
SRTF,9789,1287,37,67482,67519,66195,66232,66195
SRTF,4299,1289,92,426698,426790,425409,425501,425409
SRTF,1399,1290,53,142402,142455,141112,141165,141112
SRTF,174,1291,29,42350,42379,41059,41088,41059
SRTF,9497,1292,98,480738,480836,479446,479544,479446
SRTF,3618,1293,88,389756,389844,388463,388551,388463
SRTF,8421,1293,62,192278,192340,190985,191047,190985
SRTF,6938,1294,36,63869,63905,62575,62611,62575
SRTF,822,1296,86,369488,369574,368192,368278,368192
SRTF,3407,1296,78,302984,303062,301688,301766,301688
SRTF,9004,1298,32,51588,51620,50290,50322,50290
SRTF,6075,1299,86,369574,369660,368275,368361,368275
SRTF,1913,1300,83,345266,345349,343966,344049,343966
SRTF,5835,1301,61,186344,186405,185043,185104,185043
SRTF,1168,1301,95,452390,452485,451089,451184,451089
SRTF,5213,1301,82,337050,337132,335749,335831,335749
SRTF,1165,1304,56,158072,158128,156768,156824,156768
SRTF,3725,1306,14,1683,1697,377,391,377
SRTF,155,1306,56,158128,158184,156822,156878,156822
SRTF,8635,1306,85,361317,361402,360011,360096,360011
SRTF,3005,1307,20,20542,20562,19235,19255,19235
SRTF,8169,1308,46,105007,105053,103699,103745,103699
SRTF,1137,1308,56,158184,158240,156876,156932,156876
SRTF,6993,1308,67,226074,226141,224766,224833,224766
SRTF,8149,1309,37,67519,67556,66210,66247,66210
SRTF,4883,1311,27,36984,37011,35673,35700,35673
SRTF,5401,1312,88,389844,389932,388532,388620,388532
SRTF,1433,1312,65,212163,212228,210851,210916,210851
SRTF,8509,1312,60,181061,181121,179749,179809,179749
SRTF,7551,1313,64,205492,205556,204179,204243,204179
SRTF,1925,1316,94,444293,444387,442977,443071,442977
SRTF,9763,1316,73,266750,266823,265434,265507,265434
SRTF,3224,1316,37,67556,67593,66240,66277,66240
SRTF,7241,1316,58,169629,169687,168313,168371,168313
SRTF,5830,1317,48,114533,114581,113216,113264,113216
SRTF,4204,1319,69,239260,239329,237941,238010,237941
SRTF,6943,1322,73,266823,266896,265501,265574,265501
SRTF,573,1324,15,11035,11050,9711,9726,9711
SRTF,2790,1325,61,186405,186466,185080,185141,185080
SRTF,7693,1325,23,26957,26980,25632,25655,25632
SRTF,7686,1325,48,114581,114629,113256,113304,113256
SRTF,9450,1329,71,251920,251991,250591,250662,250591
SRTF,9544,1331,18,16377,16395,15046,15064,15046
SRTF,726,1331,60,181121,181181,179790,179850,179790
SRTF,1213,1333,45,99995,100040,98662,98707,98662
SRTF,6421,1334,90,407661,407751,406327,406417,406327
SRTF,5644,1335,94,444387,444481,443052,443146,443052
SRTF,3794,1337,37,67593,67630,66256,66293,66256
SRTF,4165,1338,14,1741,1755,403,417,403
SRTF,5678,1340,55,153498,153553,152158,152213,152158
SRTF,9490,1340,81,327969,328050,326629,326710,326629
SRTF,7853,1341,73,266896,266969,265555,265628,265555
SRTF,1260,1341,33,54385,54418,53044,53077,53044
SRTF,901,1342,8,1354,1362,12,20,12
SRTF,5354,1342,88,389932,390020,388590,388678,388590
SRTF,1956,1343,85,361402,361487,360059,360144,360059
SRTF,8642,1344,46,105053,105099,103709,103755,103709
SRTF,2736,1348,87,380174,380261,378826,378913,378826
SRTF,7993,1349,62,192340,192402,190991,191053,190991
SRTF,5293,1353,29,42379,42408,41026,41055,41026
SRTF,7096,1353,87,380261,380348,378908,378995,378908
SRTF,8074,1353,24,29386,29410,28033,28057,28033
SRTF,626,1353,57,163856,163913,162503,162560,162503
SRTF,2816,1356,17,14408,14425,13052,13069,13052
SRTF,6962,1356,42,87327,87369,85971,86013,85971
SRTF,7783,1356,38,71382,71420,70026,70064,70026
SRTF,5905,1357,59,175443,175502,174086,174145,174086
SRTF,8968,1359,13,1363,1376,4,17,4
SRTF,9912,1359,87,380348,380435,378989,379076,378989
SRTF,9493,1361,1,1362,1363,1,2,1
SRTF,3802,1361,18,16395,16413,15034,15052,15034
SRTF,3591,1363,58,169687,169745,168324,168382,168324
SRTF,8041,1363,19,18404,18423,17041,17060,17041
SRTF,5974,1364,69,239329,239398,237965,238034,237965
SRTF,3767,1364,30,44909,44939,43545,43575,43545
SRTF,513,1365,93,435727,435820,434362,434455,434362
SRTF,567,1365,91,417400,417491,416035,416126,416035
SRTF,5412,1366,2,1377,1379,11,13,11
SRTF,1834,1367,1,1376,1377,9,10,9
SRTF,5060,1367,6,1379,1385,12,18,12
SRTF,4927,1371,16,13018,13034,11647,11663,11647
SRTF,9699,1374,90,407751,407841,406377,406467,406377
SRTF,5431,1375,51,130628,130679,129253,129304,129253
SRTF,2294,1376,40,79408,79448,78032,78072,78032
SRTF,9888,1377,7,1385,1392,8,15,8
SRTF,2677,1377,77,294651,294728,293274,293351,293274
SRTF,3231,1378,24,29410,29434,28032,28056,28032
SRTF,5477,1378,87,380435,380522,379057,379144,379057
SRTF,8592,1379,49,120932,120981,119553,119602,119553
SRTF,3526,1380,8,1392,1400,12,20,12
SRTF,1398,1380,15,11050,11065,9670,9685,9670
SRTF,3110,1381,86,369660,369746,368279,368365,368279
SRTF,6452,1381,16,13034,13050,11653,11669,11653
SRTF,2119,1382,29,42408,42437,41026,41055,41026
SRTF,4958,1384,58,169745,169803,168361,168419,168361
SRTF,9831,1384,25,32020,32045,30636,30661,30636
SRTF,8225,1386,17,14425,14442,13039,13056,13039
SRTF,7564,1386,52,136355,136407,134969,135021,134969
SRTF,1200,1386,8,1400,1408,14,22,14
SRTF,1153,1387,50,124864,124914,123477,123527,123477
SRTF,7600,1387,26,34106,34132,32719,32745,32719
SRTF,6324,1388,12,1427,1439,39,51,39
SRTF,9417,1388,22,25213,25235,23825,23847,23825
SRTF,1831,1388,43,91077,91120,89689,89732,89689
SRTF,1577,1389,8,1408,1416,19,27,19
SRTF,9998,1389,13,1456,1469,67,80,67
SRTF,1373,1389,67,226141,226208,224752,224819,224752
SRTF,1743,1390,13,1486,1499,96,109,96
SRTF,5585,1390,66,219197,219263,217807,217873,217807
SRTF,9620,1391,47,109392,109439,108001,108048,108001
SRTF,5677,1391,87,380522,380609,379131,379218,379131
SRTF,7178,1392,21,22554,22575,21162,21183,21162
SRTF,1684,1394,21,22575,22596,21181,21202,21181
SRTF,7793,1394,49,120981,121030,119587,119636,119587
SRTF,7304,1400,21,22596,22617,21196,21217,21196
SRTF,3290,1401,11,1416,1427,15,26,15
SRTF,8653,1403,45,100040,100085,98637,98682,98637
SRTF,2120,1403,35,61128,61163,59725,59760,59725
SRTF,4847,1404,86,369746,369832,368342,368428,368342
SRTF,9177,1406,20,20562,20582,19156,19176,19156
SRTF,6494,1407,39,75454,75493,74047,74086,74047
SRTF,1144,1409,87,380609,380696,379200,379287,379200
SRTF,337,1409,27,37011,37038,35602,35629,35602
SRTF,4982,1409,84,353494,353578,352085,352169,352085
SRTF,8622,1409,64,205556,205620,204147,204211,204147
SRTF,9132,1410,23,26980,27003,25570,25593,25570
SRTF,6107,1410,82,337132,337214,335722,335804,335722
SRTF,6497,1410,77,294728,294805,293318,293395,293318
SRTF,5667,1412,77,294805,294882,293393,293470,293393
SRTF,7267,1416,73,266969,267042,265553,265626,265553
SRTF,9784,1417,34,57305,57339,55888,55922,55888
SRTF,9535,1420,72,259247,259319,257827,257899,257827
SRTF,9931,1421,60,181181,181241,179760,179820,179760
SRTF,3497,1422,93,435820,435913,434398,434491,434398
SRTF,7535,1422,19,18423,18442,17001,17020,17001
SRTF,8626,1423,91,417491,417582,416068,416159,416068
SRTF,3662,1424,85,361487,361572,360063,360148,360063
SRTF,8231,1425,89,398831,398920,397406,397495,397406
SRTF,6587,1425,34,57339,57373,55914,55948,55914
SRTF,9733,1426,63,198485,198548,197059,197122,197059
SRTF,8654,1426,68,233265,233333,231839,231907,231839
SRTF,2320,1428,67,226208,226275,224780,224847,224780
SRTF,7269,1428,15,11065,11080,9637,9652,9637
SRTF,2881,1431,76,287570,287646,286139,286215,286139
SRTF,2435,1431,62,192402,192464,190971,191033,190971
SRTF,9973,1434,30,44939,44969,43505,43535,43505
SRTF,1474,1435,12,1439,1451,4,16,4
SRTF,5203,1436,36,63905,63941,62469,62505,62469
SRTF,9958,1437,57,163913,163970,162476,162533,162476
SRTF,7343,1438,62,192464,192526,191026,191088,191026
SRTF,8180,1439,97,471707,471804,470268,470365,470268
SRTF,2977,1439,18,16413,16431,14974,14992,14974
SRTF,1847,1440,73,267042,267115,265602,265675,265602
SRTF,9021,1440,18,16431,16449,14991,15009,14991
SRTF,2044,1442,24,29434,29458,27992,28016,27992
SRTF,2919,1442,5,1451,1456,9,14,9
SRTF,4363,1445,28,39508,39536,38063,38091,38063
SRTF,9119,1446,34,57373,57407,55927,55961,55927
SRTF,7420,1447,59,175502,175561,174055,174114,174055
SRTF,4737,1447,48,114629,114677,113182,113230,113182
SRTF,2749,1447,32,51620,51652,50173,50205,50173
SRTF,4300,1447,36,63941,63977,62494,62530,62494
SRTF,4183,1448,89,398920,399009,397472,397561,397472
SRTF,5740,1449,13,1499,1512,50,63,50
SRTF,2413,1449,71,251991,252062,250542,250613,250542
SRTF,4626,1449,96,461902,461998,460453,460549,460453
SRTF,2470,1449,62,192526,192588,191077,191139,191077
SRTF,2784,1455,66,219263,219329,217808,217874,217808
SRTF,2710,1460,22,25235,25257,23775,23797,23775
SRTF,848,1460,97,471804,471901,470344,470441,470344
SRTF,682,1460,26,34132,34158,32672,32698,32672
SRTF,7265,1460,15,11080,11095,9620,9635,9620
SRTF,9777,1461,35,61163,61198,59702,59737,59702
SRTF,9285,1461,91,417582,417673,416121,416212,416121
SRTF,3262,1461,58,169803,169861,168342,168400,168342
SRTF,5621,1462,33,54418,54451,52956,52989,52956
SRTF,5503,1462,99,488979,489078,487517,487616,487517
SRTF,9727,1463,83,345349,345432,343886,343969,343886
SRTF,5177,1464,18,16449,16467,14985,15003,14985
SRTF,5941,1465,87,380696,380783,379231,379318,379231
SRTF,8268,1465,63,198548,198611,197083,197146,197083
SRTF,1299,1466,96,461998,462094,460532,460628,460532
SRTF,5124,1466,9,1474,1483,8,17,8
SRTF,6454,1467,5,1469,1474,2,7,2
SRTF,7086,1468,17,14442,14459,12974,12991,12974
SRTF,8491,1469,47,109439,109486,107970,108017,107970
SRTF,7731,1469,71,252062,252133,250593,250664,250593
SRTF,9405,1472,81,328050,328131,326578,326659,326578
SRTF,5270,1473,95,452485,452580,451012,451107,451012
SRTF,9479,1473,22,25257,25279,23784,23806,23784
SRTF,2894,1474,84,353578,353662,352104,352188,352104
SRTF,4125,1474,41,83377,83418,81903,81944,81903
SRTF,3630,1476,73,267115,267188,265639,265712,265639
SRTF,2759,1478,34,57407,57441,55929,55963,55929
SRTF,5220,1478,81,328131,328212,326653,326734,326653
SRTF,6068,1480,3,1483,1486,3,6,3
SRTF,3640,1481,45,100085,100130,98604,98649,98604
SRTF,1100,1481,28,39536,39564,38055,38083,38055
SRTF,126,1484,24,29458,29482,27974,27998,27974
SRTF,6984,1487,18,16467,16485,14980,14998,14980
SRTF,8236,1490,77,294882,294959,293392,293469,293392
SRTF,5583,1490,47,109486,109533,107996,108043,107996
SRTF,2734,1492,23,27003,27026,25511,25534,25511
SRTF,9712,1494,92,426790,426882,425296,425388,425296
SRTF,9194,1495,97,471901,471998,470406,470503,470406
SRTF,168,1495,48,114677,114725,113182,113230,113182
SRTF,3130,1497,17,14459,14476,12962,12979,12962
SRTF,5093,1499,88,390020,390108,388521,388609,388521
SRTF,7749,1500,6,1512,1518,12,18,12
SRTF,1291,1500,76,287646,287722,286146,286222,286146
SRTF,9434,1501,39,75493,75532,73992,74031,73992
SRTF,9130,1502,38,71420,71458,69918,69956,69918
SRTF,6583,1502,12,1518,1530,16,28,16
SRTF,6626,1502,38,71458,71496,69956,69994,69956
SRTF,4463,1504,52,136407,136459,134903,134955,134903
SRTF,4451,1504,22,25279,25301,23775,23797,23775
SRTF,4022,1505,19,18442,18461,16937,16956,16937
SRTF,5733,1505,62,192588,192650,191083,191145,191083
SRTF,8562,1506,28,39564,39592,38058,38086,38058
SRTF,6934,1507,20,20582,20602,19075,19095,19075
SRTF,8960,1509,16,13050,13066,11541,11557,11541
SRTF,5513,1514,66,219329,219395,217815,217881,217815
SRTF,5593,1515,80,321398,321478,319883,319963,319883
SRTF,4500,1517,21,22617,22638,21100,21121,21100
SRTF,2814,1517,54,148192,148246,146675,146729,146675
SRTF,2503,1517,37,67630,67667,66113,66150,66113
SRTF,3718,1518,79,311894,311973,310376,310455,310376
SRTF,3233,1519,98,480836,480934,479317,479415,479317
SRTF,1289,1521,16,13066,13082,11545,11561,11545
SRTF,9183,1523,24,29482,29506,27959,27983,27959
SRTF,3303,1524,22,25301,25323,23777,23799,23777
SRTF,7206,1524,17,14476,14493,12952,12969,12952
SRTF,1231,1524,37,67667,67704,66143,66180,66143
SRTF,1700,1525,87,380783,380870,379258,379345,379258
SRTF,9859,1525,86,369832,369918,368307,368393,368307
SRTF,3800,1526,36,63977,64013,62451,62487,62451
SRTF,37,1528,56,158240,158296,156712,156768,156712
SRTF,2595,1529,58,169861,169919,168332,168390,168332
SRTF,809,1531,13,1562,1575,31,44,31
SRTF,599,1531,80,321478,321558,319947,320027,319947
SRTF,7815,1531,81,328212,328293,326681,326762,326681
SRTF,2704,1531,72,259319,259391,257788,257860,257788
SRTF,6084,1532,73,267188,267261,265656,265729,265656
SRTF,7015,1537,70,246587,246657,245050,245120,245050
SRTF,2505,1537,9,1544,1553,7,16,7
SRTF,6055,1537,38,71496,71534,69959,69997,69959
SRTF,9543,1538,48,114725,114773,113187,113235,113187
SRTF,3594,1538,76,287722,287798,286184,286260,286184
SRTF,5186,1539,54,148246,148300,146707,146761,146707
SRTF,563,1540,71,252133,252204,250593,250664,250593
SRTF,7528,1541,53,142455,142508,140914,140967,140914
SRTF,556,1542,77,294959,295036,293417,293494,293417
SRTF,8541,1543,74,273920,273994,272377,272451,272377
SRTF,6571,1545,65,212228,212293,210683,210748,210683
SRTF,6158,1545,19,18461,18480,16916,16935,16916
SRTF,4261,1546,60,181241,181301,179695,179755,179695
SRTF,3266,1548,26,34158,34184,32610,32636,32610
SRTF,6695,1548,94,444481,444575,442933,443027,442933
SRTF,2133,1549,96,462094,462190,460545,460641,460545
SRTF,7367,1550,25,32045,32070,30495,30520,30495
SRTF,9688,1550,80,321558,321638,320008,320088,320008
SRTF,3797,1551,57,163970,164027,162419,162476,162419
SRTF,5737,1551,89,399009,399098,397458,397547,397458
SRTF,5985,1552,9,1553,1562,1,10,1
SRTF,4805,1553,19,18480,18499,16927,16946,16927
SRTF,1147,1555,76,287798,287874,286243,286319,286243
SRTF,3148,1556,43,91120,91163,89564,89607,89564
SRTF,7951,1558,78,303062,303140,301504,301582,301504
SRTF,8845,1559,19,18499,18518,16940,16959,16940
SRTF,6932,1559,26,34184,34210,32625,32651,32625
SRTF,7080,1560,57,164027,164084,162467,162524,162467
SRTF,1644,1560,77,295036,295113,293476,293553,293476
SRTF,7192,1561,69,239398,239467,237837,237906,237837
SRTF,7276,1563,31,48131,48162,46568,46599,46568
SRTF,6886,1564,13,1591,1604,27,40,27
SRTF,8166,1564,2,1575,1577,11,13,11
SRTF,6229,1565,89,399098,399187,397533,397622,397533
SRTF,5761,1567,23,27026,27049,25459,25482,25459
SRTF,3607,1567,45,100130,100175,98563,98608,98563
SRTF,7778,1568,55,153553,153608,151985,152040,151985
SRTF,7700,1569,66,219395,219461,217826,217892,217826
SRTF,498,1571,9,1582,1591,11,20,11
SRTF,9457,1573,93,435913,436006,434340,434433,434340
SRTF,4359,1574,36,64013,64049,62439,62475,62439
SRTF,6725,1574,26,34210,34236,32636,32662,32636
SRTF,5609,1577,5,1577,1582,0,5,0
SRTF,2537,1577,94,444575,444669,442998,443092,442998
SRTF,8962,1578,77,295113,295190,293535,293612,293535
SRTF,5064,1581,97,471998,472095,470417,470514,470417
SRTF,649,1581,28,39592,39620,38011,38039,38011
SRTF,6992,1582,34,57441,57475,55859,55893,55859
SRTF,55,1585,88,390108,390196,388523,388611,388523
SRTF,8106,1587,91,417673,417764,416086,416177,416086
SRTF,4615,1587,56,158296,158352,156709,156765,156709
SRTF,3143,1588,21,22638,22659,21050,21071,21050
SRTF,3159,1589,69,239467,239536,237878,237947,237878
SRTF,9341,1589,89,399187,399276,397598,397687,397598
SRTF,5899,1590,69,239536,239605,237946,238015,237946
SRTF,1430,1591,96,462190,462286,460599,460695,460599
SRTF,8862,1597,1,1604,1605,7,8,7
SRTF,6976,1600,64,205620,205684,204020,204084,204020
SRTF,6067,1601,12,1605,1617,4,16,4
SRTF,6942,1603,69,239605,239674,238002,238071,238002
SRTF,908,1604,15,11095,11110,9491,9506,9491
SRTF,850,1605,37,67704,67741,66099,66136,66099
SRTF,5577,1605,71,252204,252275,250599,250670,250599
SRTF,1540,1607,75,281110,281185,279503,279578,279503
SRTF,4780,1609,92,426882,426974,425273,425365,425273
SRTF,8527,1610,29,42437,42466,40827,40856,40827
SRTF,8763,1613,38,71534,71572,69921,69959,69921
SRTF,8309,1616,26,34236,34262,32620,32646,32620
SRTF,2433,1619,63,198611,198674,196992,197055,196992
SRTF,899,1619,2,1631,1633,12,14,12
SRTF,6996,1620,96,462286,462382,460666,460762,460666
SRTF,4791,1620,49,121030,121079,119410,119459,119410
SRTF,1181,1622,25,32070,32095,30448,30473,30448
SRTF,4603,1625,3,1633,1636,8,11,8
SRTF,1041,1625,45,100175,100220,98550,98595,98550
SRTF,2989,1627,97,472095,472192,470468,470565,470468
SRTF,5460,1627,21,22659,22680,21032,21053,21032
SRTF,2863,1628,11,1640,1651,12,23,12
SRTF,4064,1629,21,22680,22701,21051,21072,21051
SRTF,3798,1629,88,390196,390284,388567,388655,388567
SRTF,4356,1630,83,345432,345515,343802,343885,343802
SRTF,9152,1631,83,345515,345598,343884,343967,343884
SRTF,2502,1633,81,328293,328374,326660,326741,326660
SRTF,673,1633,59,175561,175620,173928,173987,173928
SRTF,4678,1635,19,18518,18537,16883,16902,16883
SRTF,2903,1635,90,407841,407931,406206,406296,406206
SRTF,178,1636,48,114773,114821,113137,113185,113137
SRTF,3428,1636,4,1636,1640,0,4,0
SRTF,3853,1637,69,239674,239743,238037,238106,238037
SRTF,2116,1638,87,380870,380957,379232,379319,379232
SRTF,1239,1639,87,380957,381044,379318,379405,379318
SRTF,1400,1640,88,390284,390372,388644,388732,388644
SRTF,6120,1641,18,16485,16503,14844,14862,14844
SRTF,5081,1644,48,114821,114869,113177,113225,113177
SRTF,1021,1645,33,54451,54484,52806,52839,52806
SRTF,7093,1645,99,489078,489177,487433,487532,487433
SRTF,8586,1645,47,109533,109580,107888,107935,107888
SRTF,804,1646,81,328374,328455,326728,326809,326728
SRTF,1701,1646,93,436006,436099,434360,434453,434360
SRTF,8245,1646,82,337214,337296,335568,335650,335568
SRTF,3896,1647,7,1651,1658,4,11,4
SRTF,4432,1647,85,361572,361657,359925,360010,359925
SRTF,253,1648,94,444669,444763,443021,443115,443021
SRTF,8558,1648,86,369918,370004,368270,368356,368270
SRTF,7478,1649,30,44969,44999,43320,43350,43320
SRTF,2384,1651,40,79448,79488,77797,77837,77797
SRTF,5134,1652,48,114869,114917,113217,113265,113217
SRTF,2297,1653,44,94702,94746,93049,93093,93049
SRTF,9498,1654,98,480934,481032,479280,479378,479280
SRTF,4728,1657,12,1658,1670,1,13,1
SRTF,7638,1658,14,1967,1981,309,323,309
SRTF,9924,1660,12,1671,1683,11,23,11
SRTF,9976,1660,84,353662,353746,352002,352086,352002
SRTF,3583,1661,19,18537,18556,16876,16895,16876
SRTF,151,1663,40,79488,79528,77825,77865,77825
SRTF,9242,1663,61,186466,186527,184803,184864,184803
SRTF,408,1664,58,169919,169977,168255,168313,168255
SRTF,4370,1666,64,205684,205748,204018,204082,204018
SRTF,9828,1666,1,1670,1671,4,5,4
SRTF,1824,1667,93,436099,436192,434432,434525,434432
SRTF,6958,1667,21,22701,22722,21034,21055,21034
SRTF,8227,1667,98,481032,481130,479365,479463,479365
SRTF,2212,1668,68,233333,233401,231665,231733,231665
SRTF,9356,1671,36,64049,64085,62378,62414,62378
SRTF,7429,1672,76,287874,287950,286202,286278,286202
SRTF,3269,1673,21,22722,22743,21049,21070,21049
SRTF,9824,1673,18,16503,16521,14830,14848,14830
SRTF,3913,1673,66,219461,219527,217788,217854,217788
SRTF,2634,1674,57,164084,164141,162410,162467,162410
SRTF,6156,1674,62,192650,192712,190976,191038,190976
SRTF,3443,1676,60,181301,181361,179625,179685,179625
SRTF,5473,1677,24,29506,29530,27829,27853,27829
SRTF,9334,1677,55,153608,153663,151931,151986,151931
SRTF,7774,1678,54,148300,148354,146622,146676,146622
SRTF,4191,1678,96,462382,462478,460704,460800,460704
SRTF,138,1678,35,61198,61233,59520,59555,59520
SRTF,424,1679,88,390372,390460,388693,388781,388693
SRTF,2007,1679,21,22743,22764,21064,21085,21064
SRTF,6182,1680,98,481130,481228,479450,479548,479450
SRTF,8907,1682,50,124914,124964,123232,123282,123232
SRTF,1527,1682,24,29530,29554,27848,27872,27848
SRTF,11,1685,62,192712,192774,191027,191089,191027
SRTF,333,1686,30,44999,45029,43313,43343,43313
SRTF,454,1687,56,158352,158408,156665,156721,156665
SRTF,6547,1687,80,321638,321718,319951,320031,319951
SRTF,9762,1689,98,481228,481326,479539,479637,479539
SRTF,5342,1689,30,45029,45059,43340,43370,43340
SRTF,8273,1689,89,399276,399365,397587,397676,397587
SRTF,2040,1689,82,337296,337378,335607,335689,335607
SRTF,4456,1690,30,45059,45089,43369,43399,43369
SRTF,8850,1690,10,1697,1707,7,17,7
SRTF,9705,1690,15,11110,11125,9420,9435,9420
SRTF,285,1693,72,259391,259463,257698,257770,257698
SRTF,393,1693,91,417764,417855,416071,416162,416071
SRTF,8648,1695,51,130679,130730,128984,129035,128984
SRTF,4360,1695,96,462478,462574,460783,460879,460783
SRTF,3369,1696,58,169977,170035,168281,168339,168281
SRTF,8027,1699,42,87369,87411,85670,85712,85670
SRTF,3893,1700,44,94746,94790,93046,93090,93046
SRTF,8285,1702,66,219527,219593,217825,217891,217825
SRTF,1440,1704,96,462574,462670,460870,460966,460870
SRTF,5760,1706,25,32095,32120,30389,30414,30389
SRTF,189,1707,9,1707,1716,0,9,0
SRTF,3013,1708,46,105099,105145,103391,103437,103391
SRTF,9530,1709,13,1716,1729,7,20,7
SRTF,1608,1709,67,226275,226342,224566,224633,224566
SRTF,1677,1712,86,370004,370090,368292,368378,368292
SRTF,2624,1715,37,67741,67778,66026,66063,66026
SRTF,6009,1716,33,54484,54517,52768,52801,52768
SRTF,4589,1716,51,130730,130781,129014,129065,129014
SRTF,8792,1717,59,175620,175679,173903,173962,173903
SRTF,4443,1717,44,94790,94834,93073,93117,93073
SRTF,4613,1719,95,452580,452675,450861,450956,450861
SRTF,8625,1721,18,16521,16539,14800,14818,14800
SRTF,7714,1721,64,205748,205812,204027,204091,204027
SRTF,7992,1721,65,212293,212358,210572,210637,210572
SRTF,3064,1724,55,153663,153718,151939,151994,151939
SRTF,4419,1724,10,1731,1741,7,17,7
SRTF,7613,1724,28,39620,39648,37896,37924,37896
SRTF,2293,1724,17,14493,14510,12769,12786,12769
SRTF,8608,1725,2,1729,1731,4,6,4
SRTF,5252,1725,55,153718,153773,151993,152048,151993
SRTF,8529,1725,29,42466,42495,40741,40770,40741
SRTF,7909,1726,95,452675,452770,450949,451044,450949
SRTF,2516,1727,17,14510,14527,12783,12800,12783
SRTF,9358,1728,88,390460,390548,388732,388820,388732
SRTF,2395,1733,86,370090,370176,368357,368443,368357
SRTF,849,1733,86,370176,370262,368443,368529,368443
SRTF,8374,1734,78,303140,303218,301406,301484,301406
SRTF,220,1734,47,109580,109627,107846,107893,107846
SRTF,1982,1735,63,198674,198737,196939,197002,196939
SRTF,7779,1736,77,295190,295267,293454,293531,293454
SRTF,7498,1737,91,417855,417946,416118,416209,416118
SRTF,5973,1738,98,481326,481424,479588,479686,479588
SRTF,9600,1741,47,109627,109674,107886,107933,107886
SRTF,8846,1741,43,91163,91206,89422,89465,89422
SRTF,1744,1742,46,105145,105191,103403,103449,103403
SRTF,3724,1742,90,407931,408021,406189,406279,406189
SRTF,6565,1749,1,1755,1756,6,7,6
SRTF,2524,1749,9,1756,1765,7,16,7
SRTF,1265,1750,28,39648,39676,37898,37926,37898
SRTF,2692,1750,67,226342,226409,224592,224659,224592
SRTF,9904,1750,9,1765,1774,15,24,15
SRTF,3254,1751,12,1792,1804,41,53,41
SRTF,8898,1751,87,381044,381131,379293,379380,379293
SRTF,6972,1752,50,124964,125014,123212,123262,123212
SRTF,2479,1753,12,1815,1827,62,74,62
SRTF,5651,1754,38,71572,71610,69818,69856,69818
SRTF,9086,1754,31,48162,48193,46408,46439,46408
SRTF,8771,1754,94,444763,444857,443009,443103,443009
SRTF,8043,1755,96,462670,462766,460915,461011,460915
SRTF,9225,1756,10,1782,1792,26,36,26
SRTF,4429,1756,95,452770,452865,451014,451109,451014
SRTF,134,1757,37,67778,67815,66021,66058,66021
SRTF,3380,1757,90,408021,408111,406264,406354,406264
SRTF,1074,1759,86,370262,370348,368503,368589,368503
SRTF,844,1761,92,426974,427066,425213,425305,425213
SRTF,2715,1762,77,295267,295344,293505,293582,293505
SRTF,1224,1762,62,192774,192836,191012,191074,191012
SRTF,7948,1763,84,353746,353830,351983,352067,351983
SRTF,1562,1763,65,212358,212423,210595,210660,210595
SRTF,7786,1764,73,267261,267334,265497,265570,265497
SRTF,4741,1764,95,452865,452960,451101,451196,451101
SRTF,7169,1770,23,27049,27072,25279,25302,25279
SRTF,1334,1771,87,381131,381218,379360,379447,379360
SRTF,3251,1772,99,489177,489276,487405,487504,487405
SRTF,3482,1772,2,1774,1776,2,4,2
SRTF,9221,1773,6,1776,1782,3,9,3
SRTF,5164,1773,29,42495,42524,40722,40751,40722
SRTF,2844,1774,14,1981,1995,207,221,207
SRTF,8699,1774,17,14527,14544,12753,12770,12753
SRTF,3955,1776,78,303218,303296,301442,301520,301442
SRTF,7675,1777,35,61233,61268,59456,59491,59456
SRTF,7678,1777,45,100220,100265,98443,98488,98443
SRTF,2337,1778,86,370348,370434,368570,368656,368570
SRTF,7280,1779,30,45089,45119,43310,43340,43310
SRTF,3765,1779,86,370434,370520,368655,368741,368655
SRTF,7345,1781,81,328455,328536,326674,326755,326674
SRTF,9102,1782,30,45119,45149,43337,43367,43337
SRTF,7187,1782,50,125014,125064,123232,123282,123232
SRTF,5382,1784,18,16539,16557,14755,14773,14755
SRTF,8814,1785,76,287950,288026,286165,286241,286165
SRTF,2668,1787,78,303296,303374,301509,301587,301509
SRTF,3959,1788,74,273994,274068,272206,272280,272206
SRTF,6584,1789,81,328536,328617,326747,326828,326747
SRTF,8667,1789,13,1866,1879,77,90,77
SRTF,4828,1789,28,39676,39704,37887,37915,37887
SRTF,7102,1790,15,11125,11140,9335,9350,9335
SRTF,1017,1792,78,303374,303452,301582,301660,301582
SRTF,9735,1793,54,148354,148408,146561,146615,146561
SRTF,7643,1794,6,1804,1810,10,16,10
SRTF,1380,1796,34,57475,57509,55679,55713,55679
SRTF,6099,1797,74,274068,274142,272271,272345,272271
SRTF,1906,1798,86,370520,370606,368722,368808,368722
SRTF,6282,1798,28,39704,39732,37906,37934,37906
SRTF,2803,1800,35,61268,61303,59468,59503,59468
SRTF,8724,1800,34,57509,57543,55709,55743,55709
SRTF,5113,1802,14,2080,2094,278,292,278
SRTF,229,1802,31,48193,48224,46391,46422,46391
SRTF,1974,1804,86,370606,370692,368802,368888,368802
SRTF,4450,1806,12,1833,1845,27,39,27
SRTF,9853,1806,5,1810,1815,4,9,4
SRTF,3183,1809,79,311973,312052,310164,310243,310164
SRTF,4870,1810,89,399365,399454,397555,397644,397555
SRTF,578,1810,37,67815,67852,66005,66042,66005
SRTF,4046,1812,44,94834,94878,93022,93066,93022
SRTF,6492,1812,63,198737,198800,196925,196988,196925
SRTF,5329,1813,55,153773,153828,151960,152015,151960
SRTF,3741,1813,71,252275,252346,250462,250533,250462
SRTF,4770,1814,86,370692,370778,368878,368964,368878
SRTF,3275,1815,81,328617,328698,326802,326883,326802
SRTF,323,1816,51,130781,130832,128965,129016,128965
SRTF,3762,1818,6,1827,1833,9,15,9
SRTF,5353,1819,86,370778,370864,368959,369045,368959
SRTF,2884,1819,96,462766,462862,460947,461043,460947
SRTF,5797,1820,60,181361,181421,179541,179601,179541
SRTF,8510,1821,62,192836,192898,191015,191077,191015
SRTF,7670,1823,32,51652,51684,49829,49861,49829
SRTF,6960,1823,73,267334,267407,265511,265584,265511
SRTF,1517,1823,55,153828,153883,152005,152060,152005
SRTF,2893,1823,97,472192,472289,470369,470466,470369
SRTF,7709,1824,24,29554,29578,27730,27754,27730
SRTF,2053,1826,81,328698,328779,326872,326953,326872
SRTF,2233,1827,34,57543,57577,55716,55750,55716
SRTF,4832,1827,51,130832,130883,129005,129056,129005
SRTF,884,1828,24,29578,29602,27750,27774,27750
SRTF,2352,1828,20,20602,20622,18774,18794,18774
SRTF,1359,1828,13,1913,1926,85,98,85
SRTF,2921,1829,20,20622,20642,18793,18813,18793
SRTF,9873,1830,14,2134,2148,304,318,304
SRTF,9404,1831,56,158408,158464,156577,156633,156577
SRTF,7699,1831,99,489276,489375,487445,487544,487445
SRTF,8892,1832,80,321718,321798,319886,319966,319886
SRTF,8165,1834,13,1941,1954,107,120,107
SRTF,4107,1837,75,281185,281260,279348,279423,279348
SRTF,656,1838,49,121079,121128,119241,119290,119241
SRTF,6887,1840,43,91206,91249,89366,89409,89366
SRTF,348,1841,49,121128,121177,119287,119336,119287
SRTF,2856,1842,22,25323,25345,23481,23503,23481
SRTF,221,1843,5,1845,1850,2,7,2
SRTF,9922,1843,98,481424,481522,479581,479679,479581
SRTF,8955,1845,41,83418,83459,81573,81614,81573
SRTF,2758,1846,54,148408,148462,146562,146616,146562
SRTF,6423,1847,17,14544,14561,12697,12714,12697
SRTF,9000,1848,25,32120,32145,30272,30297,30272
SRTF,4441,1848,7,1850,1857,2,9,2
SRTF,6974,1849,45,100265,100310,98416,98461,98416
SRTF,3540,1849,51,130883,130934,129034,129085,129034
SRTF,6574,1850,43,91249,91292,89399,89442,89399
SRTF,608,1852,93,436192,436285,434340,434433,434340
SRTF,172,1853,75,281260,281335,279407,279482,279407
SRTF,1026,1854,32,51684,51716,49830,49862,49830
SRTF,9303,1854,73,267407,267480,265553,265626,265553
SRTF,2517,1854,9,1857,1866,3,12,3
SRTF,3634,1855,65,212423,212488,210568,210633,210568
SRTF,2871,1856,26,34262,34288,32406,32432,32406
SRTF,7533,1857,21,22764,22785,20907,20928,20907
SRTF,4215,1857,99,489375,489474,487518,487617,487518
SRTF,4891,1859,81,328779,328860,326920,327001,326920
SRTF,9062,1860,59,175679,175738,173819,173878,173819
SRTF,6549,1860,90,408111,408201,406251,406341,406251
SRTF,5873,1861,20,20642,20662,18781,18801,18781
SRTF,8367,1861,83,345598,345681,343737,343820,343737
SRTF,3052,1863,30,45149,45179,43286,43316,43286
SRTF,9773,1864,22,25345,25367,23481,23503,23481
SRTF,975,1865,19,18556,18575,16691,16710,16691
SRTF,5802,1867,92,427066,427158,425199,425291,425199
SRTF,1366,1868,21,22785,22806,20917,20938,20917
SRTF,6322,1868,62,192898,192960,191030,191092,191030
SRTF,9355,1868,7,1887,1894,19,26,19
SRTF,5501,1871,98,481522,481620,479651,479749,479651
SRTF,7538,1872,63,198800,198863,196928,196991,196928
SRTF,6679,1872,5,1879,1884,7,12,7
SRTF,4886,1873,52,136459,136511,134586,134638,134586
SRTF,3824,1873,79,312052,312131,310179,310258,310179
SRTF,4483,1874,36,64085,64121,62211,62247,62211
SRTF,8068,1875,28,39732,39760,37857,37885,37857
SRTF,1561,1875,72,259463,259535,257588,257660,257588
SRTF,2836,1875,50,125064,125114,123189,123239,123189
SRTF,6735,1875,55,153883,153938,152008,152063,152008
SRTF,6287,1876,63,198863,198926,196987,197050,196987
SRTF,8026,1877,41,83459,83500,81582,81623,81582
SRTF,8764,1879,42,87411,87453,85532,85574,85532
SRTF,4294,1879,93,436285,436378,434406,434499,434406
SRTF,4808,1881,30,45179,45209,43298,43328,43298
SRTF,4974,1881,80,321798,321878,319917,319997,319917
SRTF,4354,1881,22,25367,25389,23486,23508,23486
SRTF,5441,1882,1,1884,1885,2,3,2
SRTF,9745,1883,21,22806,22827,20923,20944,20923
SRTF,9562,1883,94,444857,444951,442974,443068,442974
SRTF,2095,1884,29,42524,42553,40640,40669,40640
SRTF,9679,1884,2,1885,1887,1,3,1
SRTF,3182,1884,29,42553,42582,40669,40698,40669
SRTF,8439,1885,8,1905,1913,20,28,20
SRTF,1481,1887,62,192960,193022,191073,191135,191073
SRTF,763,1887,34,57577,57611,55690,55724,55690
SRTF,7660,1888,24,29602,29626,27714,27738,27714
SRTF,9560,1892,36,64121,64157,62229,62265,62229
SRTF,4028,1892,26,34288,34314,32396,32422,32396
SRTF,9574,1892,6,1894,1900,2,8,2
SRTF,6795,1893,80,321878,321958,319985,320065,319985
SRTF,5132,1893,80,321958,322038,320065,320145,320065
SRTF,5633,1894,67,226409,226476,224515,224582,224515
SRTF,4682,1895,90,408201,408291,406306,406396,406306
SRTF,328,1895,30,45209,45239,43314,43344,43314
SRTF,1613,1895,15,11140,11155,9245,9260,9245
SRTF,9805,1897,25,32145,32170,30248,30273,30248
SRTF,2568,1898,74,274142,274216,272244,272318,272244
SRTF,34,1899,83,345681,345764,343782,343865,343782
SRTF,2410,1900,85,361657,361742,359757,359842,359757
SRTF,2929,1900,5,1900,1905,0,5,0
SRTF,4823,1902,71,252346,252417,250444,250515,250444
SRTF,3599,1903,42,87453,87495,85550,85592,85550
SRTF,815,1906,17,14561,14578,12655,12672,12655
SRTF,751,1906,48,114917,114965,113011,113059,113011
SRTF,7258,1906,78,303452,303530,301546,301624,301546
SRTF,4905,1907,38,71610,71648,69703,69741,69703
SRTF,3614,1907,57,164141,164198,162234,162291,162234
SRTF,5702,1907,13,1954,1967,47,60,47
SRTF,8649,1907,62,193022,193084,191115,191177,191115
SRTF,5119,1907,39,75532,75571,73625,73664,73625
SRTF,910,1908,61,186527,186588,184619,184680,184619
SRTF,9700,1909,22,25389,25411,23480,23502,23480
SRTF,7883,1909,49,121177,121226,119268,119317,119268
SRTF,4873,1909,92,427158,427250,425249,425341,425249
SRTF,5836,1910,87,381218,381305,379308,379395,379308
SRTF,9772,1912,47,109674,109721,107762,107809,107762
SRTF,5139,1912,79,312131,312210,310219,310298,310219
SRTF,1385,1913,54,148462,148516,146549,146603,146549
SRTF,3479,1913,24,29626,29650,27713,27737,27713
SRTF,3576,1914,54,148516,148570,146602,146656,146602
SRTF,8198,1915,85,361742,361827,359827,359912,359827
SRTF,5841,1916,94,444951,445045,443035,443129,443035
SRTF,885,1917,60,181421,181481,179504,179564,179504
SRTF,6212,1917,71,252417,252488,250500,250571,250500
SRTF,7702,1918,73,267480,267553,265562,265635,265562
SRTF,3753,1920,99,489474,489573,487554,487653,487554
SRTF,3939,1920,49,121226,121275,119306,119355,119306
SRTF,1745,1925,82,337378,337460,335453,335535,335453
SRTF,1618,1925,3,1926,1929,1,4,1
SRTF,4043,1925,16,13082,13098,11157,11173,11157
SRTF,6250,1927,37,67852,67889,65925,65962,65925
SRTF,1650,1927,12,1929,1941,2,14,2
SRTF,6784,1928,94,445045,445139,443117,443211,443117
SRTF,2348,1929,47,109721,109768,107792,107839,107792
SRTF,205,1930,92,427250,427342,425320,425412,425320
SRTF,406,1931,26,34314,34340,32383,32409,32383
SRTF,4348,1932,38,71648,71686,69716,69754,69716
SRTF,2971,1932,14,2161,2175,229,243,229
SRTF,6759,1932,42,87495,87537,85563,85605,85563
SRTF,3379,1932,78,303530,303608,301598,301676,301598
SRTF,1397,1933,39,75571,75610,73638,73677,73638
SRTF,8315,1936,51,130934,130985,128998,129049,128998
SRTF,2965,1936,25,32170,32195,30234,30259,30234
SRTF,6132,1936,62,193084,193146,191148,191210,191148
SRTF,9275,1937,94,445139,445233,443202,443296,443202
SRTF,2481,1938,15,11155,11170,9217,9232,9217
SRTF,1749,1939,79,312210,312289,310271,310350,310271
SRTF,4677,1939,78,303608,303686,301669,301747,301669
SRTF,5439,1940,77,295344,295421,293404,293481,293404
SRTF,9915,1941,24,29650,29674,27709,27733,27709
SRTF,4276,1942,30,45239,45269,43297,43327,43297
SRTF,3370,1946,94,445233,445327,443287,443381,443287
SRTF,7183,1946,63,198926,198989,196980,197043,196980
SRTF,3036,1946,56,158464,158520,156518,156574,156518
SRTF,3934,1948,62,193146,193208,191198,191260,191198
SRTF,3209,1948,25,32195,32220,30247,30272,30247
SRTF,1601,1949,28,39760,39788,37811,37839,37811
SRTF,7400,1951,52,136511,136563,134560,134612,134560
SRTF,4690,1956,86,370864,370950,368908,368994,368908
SRTF,2644,1958,58,170035,170093,168077,168135,168077
SRTF,224,1959,44,94878,94922,92919,92963,92919
SRTF,2076,1960,38,71686,71724,69726,69764,69726
SRTF,9478,1960,26,34340,34366,32380,32406,32380
SRTF,3022,1960,39,75610,75649,73650,73689,73650
SRTF,4508,1961,66,219593,219659,217632,217698,217632
SRTF,7886,1963,83,345764,345847,343801,343884,343801
SRTF,5126,1966,95,452960,453055,450994,451089,450994
SRTF,2694,1967,54,148570,148624,146603,146657,146603
SRTF,2799,1968,37,67889,67926,65921,65958,65921
SRTF,1782,1969,53,142508,142561,140539,140592,140539
SRTF,953,1970,85,361827,361912,359857,359942,359857
SRTF,3044,1970,71,252488,252559,250518,250589,250518
SRTF,9351,1971,40,79528,79568,77557,77597,77557
SRTF,2442,1974,73,267553,267626,265579,265652,265579
SRTF,8911,1975,93,436378,436471,434403,434496,434403
SRTF,821,1976,22,25411,25433,23435,23457,23435
SRTF,1532,1980,66,219659,219725,217679,217745,217679
SRTF,6859,1982,72,259535,259607,257553,257625,257553
SRTF,5052,1985,3,1995,1998,10,13,10
SRTF,5463,1985,44,94922,94966,92937,92981,92937
SRTF,6811,1986,26,34366,34392,32380,32406,32380
SRTF,9068,1986,97,472289,472386,470303,470400,470303
SRTF,217,1986,9,2010,2019,24,33,24
SRTF,5065,1986,61,186588,186649,184602,184663,184602
SRTF,4571,1987,33,54517,54550,52530,52563,52530
SRTF,3707,1988,99,489573,489672,487585,487684,487585
SRTF,5710,1990,48,114965,115013,112975,113023,112975
SRTF,1053,1990,18,16557,16575,14567,14585,14567
SRTF,3554,1991,37,67926,67963,65935,65972,65935
SRTF,6544,1992,85,361912,361997,359920,360005,359920
SRTF,3807,1993,39,75649,75688,73656,73695,73656
SRTF,904,1994,92,427342,427434,425348,425440,425348
SRTF,3352,1994,94,445327,445421,443333,443427,443333
SRTF,9668,1995,40,79568,79608,77573,77613,77573
SRTF,6087,1996,54,148624,148678,146628,146682,146628
SRTF,4403,1996,31,48224,48255,46228,46259,46228
SRTF,8230,1996,4,1998,2002,2,6,2
SRTF,950,1997,9,2048,2057,51,60,51
SRTF,6366,1997,54,148678,148732,146681,146735,146681
SRTF,166,1998,76,288026,288102,286028,286104,286028
SRTF,2873,1998,8,2002,2010,4,12,4
SRTF,3077,1999,68,233401,233469,231402,231470,231402
SRTF,679,2000,17,14578,14595,12578,12595,12578
SRTF,6937,2000,36,64157,64193,62157,62193,62157
SRTF,7599,2001,48,115013,115061,113012,113060,113012
SRTF,8286,2001,29,42582,42611,40581,40610,40581
SRTF,3248,2005,11,2057,2068,52,63,52
SRTF,6191,2007,21,22827,22848,20820,20841,20820
SRTF,2764,2007,26,34392,34418,32385,32411,32385
SRTF,2393,2010,27,37038,37065,35028,35055,35028
SRTF,2918,2011,51,130985,131036,128974,129025,128974
SRTF,4296,2011,2,2019,2021,8,10,8
SRTF,4599,2011,86,370950,371036,368939,369025,368939
SRTF,7126,2013,97,472386,472483,470373,470470,470373
SRTF,2447,2014,76,288102,288178,286088,286164,286088
SRTF,3109,2014,8,2026,2034,12,20,12
SRTF,5015,2014,87,381305,381392,379291,379378,379291
SRTF,9578,2015,33,54550,54583,52535,52568,52535
SRTF,8758,2015,31,48255,48286,46240,46271,46240
SRTF,3249,2016,70,246657,246727,244641,244711,244641
SRTF,4776,2017,5,2021,2026,4,9,4
SRTF,7336,2017,17,14595,14612,12578,12595,12578
SRTF,9586,2018,83,345847,345930,343829,343912,343829
SRTF,9001,2022,90,408291,408381,406269,406359,406269
SRTF,2355,2023,23,27072,27095,25049,25072,25049
SRTF,7250,2024,44,94966,95010,92942,92986,92942
SRTF,8404,2024,98,481620,481718,479596,479694,479596
SRTF,6680,2024,56,158520,158576,156496,156552,156496
SRTF,888,2026,91,417946,418037,415920,416011,415920
SRTF,91,2027,21,22848,22869,20821,20842,20821
SRTF,4632,2028,7,2034,2041,6,13,6
SRTF,5363,2031,33,54583,54616,52552,52585,52552
SRTF,1330,2032,51,131036,131087,129004,129055,129004
SRTF,7115,2032,94,445421,445515,443389,443483,443389
SRTF,3857,2032,7,2041,2048,9,16,9
SRTF,4350,2032,28,39788,39816,37756,37784,37756
SRTF,1346,2033,71,252559,252630,250526,250597,250526
SRTF,5097,2035,89,399454,399543,397419,397508,397419
SRTF,5377,2038,97,472483,472580,470445,470542,470445
SRTF,6970,2040,21,22869,22890,20829,20850,20829
SRTF,3832,2041,41,83500,83541,81459,81500,81459
SRTF,6629,2042,37,67963,68000,65921,65958,65921
SRTF,1583,2043,31,48286,48317,46243,46274,46243
SRTF,2740,2044,89,399543,399632,397499,397588,397499
SRTF,4554,2044,24,29674,29698,27630,27654,27630
SRTF,2132,2044,36,64193,64229,62149,62185,62149
SRTF,6563,2044,49,121275,121324,119231,119280,119231
SRTF,26,2047,97,472580,472677,470533,470630,470533
SRTF,8202,2047,26,34418,34444,32371,32397,32371
SRTF,5485,2048,85,361997,362082,359949,360034,359949
SRTF,881,2048,51,131087,131138,129039,129090,129039
SRTF,691,2048,64,205812,205876,203764,203828,203764
SRTF,239,2049,87,381392,381479,379343,379430,379343
SRTF,1343,2050,38,71724,71762,69674,69712,69674
SRTF,1170,2051,89,399632,399721,397581,397670,397581
SRTF,4587,2052,21,22890,22911,20838,20859,20838
SRTF,4733,2053,64,205876,205940,203823,203887,203823
SRTF,1619,2056,67,226476,226543,224420,224487,224420
SRTF,4826,2059,35,61303,61338,59244,59279,59244
SRTF,897,2060,78,303686,303764,301626,301704,301626
SRTF,5716,2061,6,2068,2074,7,13,7
SRTF,86,2062,48,115061,115109,112999,113047,112999
SRTF,5324,2062,18,16575,16593,14513,14531,14513
SRTF,6935,2063,56,158576,158632,156513,156569,156513
SRTF,6623,2064,93,436471,436564,434407,434500,434407
SRTF,3285,2064,23,27095,27118,25031,25054,25031
SRTF,1467,2064,17,14612,14629,12548,12565,12548
SRTF,1087,2065,92,427434,427526,425369,425461,425369
SRTF,2298,2066,23,27118,27141,25052,25075,25052
SRTF,5508,2068,75,281335,281410,279267,279342,279267
SRTF,3859,2068,60,181481,181541,179413,179473,179413
SRTF,2900,2070,65,212488,212553,210418,210483,210418
SRTF,8382,2070,56,158632,158688,156562,156618,156562
SRTF,1670,2071,96,462862,462958,460791,460887,460791
SRTF,7454,2072,37,68000,68037,65928,65965,65928
SRTF,7147,2073,52,136563,136615,134490,134542,134490
SRTF,7109,2073,6,2074,2080,1,7,1
SRTF,1184,2074,43,91292,91335,89218,89261,89218
SRTF,5074,2076,82,337460,337542,335384,335466,335384
SRTF,7236,2076,84,353830,353914,351754,351838,351754
SRTF,4949,2077,91,418037,418128,415960,416051,415960
SRTF,1080,2079,44,95010,95054,92931,92975,92931
SRTF,5236,2080,26,34444,34470,32364,32390,32364
SRTF,473,2082,53,142561,142614,140479,140532,140479
SRTF,9704,2083,89,399721,399810,397638,397727,397638
SRTF,6969,2083,77,295421,295498,293338,293415,293338
SRTF,2499,2090,82,337542,337624,335452,335534,335452
SRTF,3118,2092,79,312289,312368,310197,310276,310197
SRTF,3755,2093,6,2094,2100,1,7,1
SRTF,8906,2096,59,175738,175797,173642,173701,173642
SRTF,6952,2096,94,445515,445609,443419,443513,443419
SRTF,2418,2096,29,42611,42640,40515,40544,40515
SRTF,2404,2097,9,2100,2109,3,12,3
SRTF,8091,2098,27,37065,37092,34967,34994,34967
SRTF,3272,2100,58,170093,170151,167993,168051,167993
SRTF,3763,2101,13,2109,2122,8,21,8
SRTF,9674,2102,76,288178,288254,286076,286152,286076
SRTF,4110,2103,95,453055,453150,450952,451047,450952
SRTF,3983,2104,52,136615,136667,134511,134563,134511
SRTF,2528,2105,60,181541,181601,179436,179496,179436
SRTF,605,2105,93,436564,436657,434459,434552,434459
SRTF,4493,2105,81,328860,328941,326755,326836,326755
SRTF,7619,2105,58,170151,170209,168046,168104,168046
SRTF,1155,2106,78,303764,303842,301658,301736,301658
SRTF,8259,2107,94,445609,445703,443502,443596,443502
SRTF,8839,2107,33,54616,54649,52509,52542,52509
SRTF,8944,2108,37,68037,68074,65929,65966,65929
SRTF,8503,2110,79,312368,312447,310258,310337,310258
SRTF,1710,2113,11,2123,2134,10,21,10
SRTF,6988,2113,89,399810,399899,397697,397786,397697
SRTF,2532,2113,99,489672,489771,487559,487658,487559
SRTF,9332,2114,36,64229,64265,62115,62151,62115
SRTF,991,2116,20,20662,20682,18546,18566,18546
SRTF,5787,2118,85,362082,362167,359964,360049,359964
SRTF,2890,2120,92,427526,427618,425406,425498,425406
SRTF,3588,2120,43,91335,91378,89215,89258,89215
SRTF,1232,2120,68,233469,233537,231349,231417,231349
SRTF,5986,2120,1,2122,2123,2,3,2
SRTF,5951,2121,15,11170,11185,9049,9064,9049
SRTF,4766,2123,67,226543,226610,224420,224487,224420
SRTF,2396,2125,80,322038,322118,319913,319993,319913
SRTF,798,2125,55,153938,153993,151813,151868,151813
SRTF,3119,2130,51,131138,131189,129008,129059,129008
SRTF,8560,2130,90,408381,408471,406251,406341,406251
SRTF,6100,2131,53,142614,142667,140483,140536,140483
SRTF,6227,2135,80,322118,322198,319983,320063,319983
SRTF,936,2136,47,109768,109815,107632,107679,107632
SRTF,1891,2137,71,252630,252701,250493,250564,250493
SRTF,8192,2138,5,2148,2153,10,15,10
SRTF,1439,2139,60,181601,181661,179462,179522,179462
SRTF,430,2141,79,312447,312526,310306,310385,310306
SRTF,9362,2142,49,121324,121373,119182,119231,119182
SRTF,1118,2143,89,399899,399988,397756,397845,397756
SRTF,501,2143,36,64265,64301,62122,62158,62122
SRTF,7120,2147,70,246727,246797,244580,244650,244580
SRTF,5983,2148,18,16593,16611,14445,14463,14445
SRTF,4290,2148,8,2153,2161,5,13,5
SRTF,7051,2149,18,16611,16629,14462,14480,14462
SRTF,2999,2151,72,259607,259679,257456,257528,257456
SRTF,4324,2153,92,427618,427710,425465,425557,425465
SRTF,5860,2155,91,418128,418219,415973,416064,415973
SRTF,5216,2155,56,158688,158744,156533,156589,156533
SRTF,5454,2156,34,57611,57645,55455,55489,55455
SRTF,537,2156,24,29698,29722,27542,27566,27542
SRTF,3283,2158,69,239743,239812,237585,237654,237585
SRTF,8563,2158,14,2205,2219,47,61,47
SRTF,5094,2158,24,29722,29746,27564,27588,27564
SRTF,5826,2159,58,170209,170267,168050,168108,168050
SRTF,2324,2159,73,267626,267699,265467,265540,265467
SRTF,5458,2159,94,445703,445797,443544,443638,443544
SRTF,2264,2160,35,61338,61373,59178,59213,59178
SRTF,7073,2161,90,408471,408561,406310,406400,406310
SRTF,3473,2161,41,83541,83582,81380,81421,81380
SRTF,1428,2162,13,2192,2205,30,43,30
SRTF,8964,2162,91,418219,418310,416057,416148,416057
SRTF,6710,2164,15,11185,11200,9021,9036,9021
SRTF,7576,2165,5,2175,2180,10,15,10
SRTF,7629,2166,52,136667,136719,134501,134553,134501
SRTF,2951,2169,54,148732,148786,146563,146617,146563
SRTF,5298,2170,35,61373,61408,59203,59238,59203
SRTF,8306,2170,72,259679,259751,257509,257581,257509
SRTF,2397,2171,46,105191,105237,103020,103066,103020
SRTF,4987,2172,29,42640,42669,40468,40497,40468
SRTF,2952,2172,6,2180,2186,8,14,8
SRTF,5819,2173,46,105237,105283,103064,103110,103064
SRTF,4918,2176,59,175797,175856,173621,173680,173621
SRTF,3452,2176,74,274216,274290,272040,272114,272040
SRTF,9072,2176,77,295498,295575,293322,293399,293322
SRTF,7218,2178,87,381479,381566,379301,379388,379301
SRTF,9991,2179,75,281410,281485,279231,279306,279231
SRTF,2344,2179,26,34470,34496,32291,32317,32291
SRTF,3494,2179,94,445797,445891,443618,443712,443618
SRTF,735,2180,67,226610,226677,224430,224497,224430
SRTF,5272,2181,4,2188,2192,7,11,7
SRTF,5618,2181,92,427710,427802,425529,425621,425529
SRTF,9029,2181,88,390548,390636,388367,388455,388367
SRTF,5466,2181,62,193208,193270,191027,191089,191027
SRTF,8409,2185,2,2186,2188,1,3,1
SRTF,9687,2186,28,39816,39844,37630,37658,37630
SRTF,3865,2187,90,408561,408651,406374,406464,406374
SRTF,1843,2190,90,408651,408741,406461,406551,406461
SRTF,944,2190,21,22911,22932,20721,20742,20721
SRTF,8386,2191,75,281485,281560,279294,279369,279294
SRTF,947,2192,77,295575,295652,293383,293460,293383
SRTF,664,2193,47,109815,109862,107622,107669,107622
SRTF,3721,2195,16,13098,13114,10903,10919,10903
SRTF,2272,2196,19,18575,18594,16379,16398,16379
SRTF,2241,2196,52,136719,136771,134523,134575,134523
SRTF,8145,2196,97,472677,472774,470481,470578,470481
SRTF,4760,2197,91,418310,418401,416113,416204,416113
SRTF,9722,2198,76,288254,288330,286056,286132,286056
SRTF,1132,2198,68,233537,233605,231339,231407,231339
SRTF,261,2200,70,246797,246867,244597,244667,244597
SRTF,1742,2203,42,87537,87579,85334,85376,85334
SRTF,967,2204,14,2318,2332,114,128,114
SRTF,3325,2204,85,362167,362252,359963,360048,359963
SRTF,303,2205,89,399988,400077,397783,397872,397783
SRTF,3319,2207,95,453150,453245,450943,451038,450943
SRTF,6953,2208,74,274290,274364,272082,272156,272082
SRTF,9394,2210,82,337624,337706,335414,335496,335414
SRTF,8270,2211,7,2219,2226,8,15,8
SRTF,5662,2212,48,115109,115157,112897,112945,112897
SRTF,3434,2217,10,2228,2238,11,21,11
SRTF,4170,2217,29,42669,42698,40452,40481,40452
SRTF,9997,2218,12,2238,2250,20,32,20
SRTF,895,2219,73,267699,267772,265480,265553,265480
SRTF,5611,2220,26,34496,34522,32276,32302,32276
SRTF,7625,2220,2,2226,2228,6,8,6
SRTF,3299,2222,36,64301,64337,62079,62115,62079
SRTF,5952,2223,64,205940,206004,203717,203781,203717
SRTF,8502,2224,29,42698,42727,40474,40503,40474
SRTF,7907,2224,50,125114,125164,122890,122940,122890
SRTF,3204,2224,45,100310,100355,98086,98131,98086
SRTF,6789,2226,68,233605,233673,231379,231447,231379
SRTF,5356,2226,64,206004,206068,203778,203842,203778
SRTF,4946,2229,64,206068,206132,203839,203903,203839
SRTF,3601,2230,84,353914,353998,351684,351768,351684
SRTF,4542,2230,15,11200,11215,8970,8985,8970
SRTF,7385,2233,95,453245,453340,451012,451107,451012
SRTF,9075,2233,18,16629,16647,14396,14414,14396
SRTF,3099,2235,12,2257,2269,22,34,22
SRTF,5043,2237,65,212553,212618,210316,210381,210316
SRTF,9257,2239,89,400077,400166,397838,397927,397838
SRTF,5066,2240,68,233673,233741,231433,231501,231433
SRTF,3629,2240,45,100355,100400,98115,98160,98115
SRTF,6602,2241,52,136771,136823,134530,134582,134530
SRTF,3930,2242,17,14629,14646,12387,12404,12387
SRTF,2895,2242,30,45269,45299,43027,43057,43027
SRTF,7725,2242,87,381566,381653,379324,379411,379324
SRTF,972,2243,26,34522,34548,32279,32305,32279
SRTF,6545,2243,68,233741,233809,231498,231566,231498
SRTF,6143,2244,7,2250,2257,6,13,6
SRTF,5564,2244,21,22932,22953,20688,20709,20688
SRTF,2194,2247,30,45299,45329,43052,43082,43052
SRTF,6515,2248,54,148786,148840,146538,146592,146538
SRTF,7074,2251,76,288330,288406,286079,286155,286079
SRTF,6912,2251,20,20682,20702,18431,18451,18431
SRTF,5035,2253,84,353998,354082,351745,351829,351745
SRTF,1538,2255,68,233809,233877,231554,231622,231554
SRTF,247,2255,52,136823,136875,134568,134620,134568
SRTF,5666,2256,66,219725,219791,217469,217535,217469
SRTF,3243,2257,71,252701,252772,250444,250515,250444
SRTF,8812,2258,3,2269,2272,11,14,11
SRTF,4157,2258,50,125164,125214,122906,122956,122906
SRTF,4244,2259,88,390636,390724,388377,388465,388377
SRTF,2771,2261,75,281560,281635,279299,279374,279299
SRTF,6644,2261,62,193270,193332,191009,191071,191009
SRTF,8219,2261,35,61408,61443,59147,59182,59147
SRTF,5422,2261,60,181661,181721,179400,179460,179400
SRTF,7287,2262,95,453340,453435,451078,451173,451078
SRTF,6392,2262,9,2272,2281,10,19,10
SRTF,5589,2263,43,91378,91421,89115,89158,89115
SRTF,7347,2263,55,153993,154048,151730,151785,151730
SRTF,1376,2265,85,362252,362337,359987,360072,359987
SRTF,9779,2268,60,181721,181781,179453,179513,179453
SRTF,7871,2268,30,45329,45359,43061,43091,43061
SRTF,7540,2269,64,206132,206196,203863,203927,203863
SRTF,7939,2272,75,281635,281710,279363,279438,279363
SRTF,9330,2273,56,158744,158800,156471,156527,156471
SRTF,2539,2274,4,2288,2292,14,18,14
SRTF,6219,2276,3,2281,2284,5,8,5
SRTF,7954,2276,48,115157,115205,112881,112929,112881
SRTF,1704,2278,3,2285,2288,7,10,7
SRTF,2188,2279,44,95054,95098,92775,92819,92775
SRTF,2870,2282,10,2292,2302,10,20,10
SRTF,6834,2283,27,37092,37119,34809,34836,34809
SRTF,6170,2283,68,233877,233945,231594,231662,231594
SRTF,9338,2284,15,11215,11230,8931,8946,8931
SRTF,4698,2284,1,2284,2285,0,1,0
SRTF,2559,2285,71,252772,252843,250487,250558,250487
SRTF,9723,2287,39,75688,75727,73401,73440,73401
SRTF,1766,2289,26,34548,34574,32259,32285,32259
SRTF,9016,2289,35,61443,61478,59154,59189,59154
SRTF,3593,2292,42,87579,87621,85287,85329,85287
SRTF,2140,2293,5,2302,2307,9,14,9
SRTF,3917,2294,56,158800,158856,156506,156562,156506
SRTF,4376,2294,56,158856,158912,156562,156618,156562
SRTF,3367,2295,30,45359,45389,43064,43094,43064
SRTF,5467,2296,26,34574,34600,32278,32304,32278
SRTF,8525,2296,73,267772,267845,265476,265549,265476
SRTF,2458,2297,71,252843,252914,250546,250617,250546
SRTF,6833,2302,11,2307,2318,5,16,5
SRTF,3731,2305,46,105283,105329,102978,103024,102978
SRTF,5259,2306,15,11230,11245,8924,8939,8924
SRTF,3167,2307,23,27141,27164,24834,24857,24834
SRTF,2578,2307,65,212618,212683,210311,210376,210311
SRTF,2945,2309,66,219791,219857,217482,217548,217482
SRTF,6862,2311,95,453435,453530,451124,451219,451124
SRTF,5332,2313,73,267845,267918,265532,265605,265532
SRTF,9587,2314,56,158912,158968,156598,156654,156598
SRTF,9785,2316,45,100400,100445,98084,98129,98084
SRTF,8411,2317,20,20702,20722,18385,18405,18385
SRTF,7560,2321,95,453530,453625,451209,451304,451209
SRTF,5981,2321,79,312526,312605,310205,310284,310205
SRTF,1250,2322,87,381653,381740,379331,379418,379331
SRTF,8365,2322,32,51716,51748,49394,49426,49394
SRTF,2519,2324,45,100445,100490,98121,98166,98121
SRTF,2629,2326,13,2408,2421,82,95,82
SRTF,7574,2327,30,45389,45419,43062,43092,43062
SRTF,199,2327,12,2352,2364,25,37,25
SRTF,307,2327,16,13114,13130,10787,10803,10787
SRTF,9525,2328,57,164198,164255,161870,161927,161870
SRTF,5650,2330,4,2332,2336,2,6,2
SRTF,4821,2330,16,13130,13146,10800,10816,10800
SRTF,6200,2330,73,267918,267991,265588,265661,265588
SRTF,3866,2330,10,2336,2346,6,16,6
SRTF,8879,2335,54,148840,148894,146505,146559,146505
SRTF,2493,2336,72,259751,259823,257415,257487,257415
SRTF,970,2336,94,445891,445985,443555,443649,443555
SRTF,9073,2338,76,288406,288482,286068,286144,286068
SRTF,8444,2338,15,11245,11260,8907,8922,8907
SRTF,5196,2339,55,154048,154103,151709,151764,151709
SRTF,4555,2341,6,2346,2352,5,11,5
SRTF,1233,2343,98,481718,481816,479375,479473,479375
SRTF,4814,2345,77,295652,295729,293307,293384,293307
SRTF,3788,2346,29,42727,42756,40381,40410,40381
SRTF,7285,2349,63,198989,199052,196640,196703,196640
SRTF,1961,2349,58,170267,170325,167918,167976,167918
SRTF,6026,2349,32,51748,51780,49399,49431,49399
SRTF,4961,2350,22,25433,25455,23083,23105,23083
SRTF,2970,2352,95,453625,453720,451273,451368,451273
SRTF,1492,2353,45,100490,100535,98137,98182,98137
SRTF,9978,2354,80,322198,322278,319844,319924,319844
SRTF,2161,2355,5,2368,2373,13,18,13
SRTF,7707,2355,79,312605,312684,310250,310329,310250
SRTF,1651,2356,11,2387,2398,31,42,31
SRTF,1898,2359,10,2373,2383,14,24,14
SRTF,2476,2361,73,267991,268064,265630,265703,265630
SRTF,7906,2362,92,427802,427894,425440,425532,425440
SRTF,4909,2363,4,2364,2368,1,5,1
SRTF,5020,2364,20,20722,20742,18358,18378,18358
SRTF,5765,2365,15,11260,11275,8895,8910,8895
SRTF,1699,2365,89,400166,400255,397801,397890,397801
SRTF,8249,2367,72,259823,259895,257456,257528,257456
SRTF,355,2368,64,206196,206260,203828,203892,203828
SRTF,3144,2368,65,212683,212748,210315,210380,210315
SRTF,2015,2368,65,212748,212813,210380,210445,210380
SRTF,3436,2369,43,91421,91464,89052,89095,89052
SRTF,7223,2370,37,68074,68111,65704,65741,65704
SRTF,983,2371,96,462958,463054,460587,460683,460587
SRTF,5591,2371,72,259895,259967,257524,257596,257524
SRTF,9559,2372,29,42756,42785,40384,40413,40384
SRTF,9226,2373,43,91464,91507,89091,89134,89091
SRTF,7938,2374,23,27164,27187,24790,24813,24790
SRTF,6523,2376,83,345930,346013,343554,343637,343554
SRTF,2230,2376,68,233945,234013,231569,231637,231569
SRTF,8783,2377,36,64337,64373,61960,61996,61960
SRTF,4115,2378,4,2383,2387,5,9,5
SRTF,6647,2379,76,288482,288558,286103,286179,286103
SRTF,5159,2381,91,418401,418492,416020,416111,416020
SRTF,4002,2382,42,87621,87663,85239,85281,85239
SRTF,1476,2382,67,226677,226744,224295,224362,224295
SRTF,1437,2383,77,295729,295806,293346,293423,293346
SRTF,9468,2383,36,64373,64409,61990,62026,61990
SRTF,7808,2384,16,13146,13162,10762,10778,10762
SRTF,3056,2384,56,158968,159024,156584,156640,156584
SRTF,227,2385,19,18594,18613,16209,16228,16209
SRTF,2152,2385,50,125214,125264,122829,122879,122829
SRTF,4229,2387,62,193332,193394,190945,191007,190945
SRTF,5450,2387,98,481816,481914,479429,479527,479429
SRTF,9251,2389,37,68111,68148,65722,65759,65722
SRTF,779,2393,10,2398,2408,5,15,5
SRTF,2766,2394,47,109862,109909,107468,107515,107468
SRTF,5300,2395,58,170325,170383,167930,167988,167930
SRTF,1427,2396,97,472774,472871,470378,470475,470378
SRTF,9231,2397,28,39844,39872,37447,37475,37447
SRTF,4537,2398,76,288558,288634,286160,286236,286160
SRTF,8487,2399,54,148894,148948,146495,146549,146495
SRTF,8296,2401,91,418492,418583,416091,416182,416091
SRTF,4686,2402,83,346013,346096,343611,343694,343611
SRTF,8636,2402,46,105329,105375,102927,102973,102927
SRTF,1460,2403,39,75727,75766,73324,73363,73324
SRTF,2032,2408,60,181781,181841,179373,179433,179373
SRTF,3415,2409,21,22953,22974,20544,20565,20544
SRTF,9775,2409,57,164255,164312,161846,161903,161846
SRTF,5796,2410,21,22974,22995,20564,20585,20564
SRTF,4264,2411,82,337706,337788,335295,335377,335295
SRTF,7615,2413,29,42785,42814,40372,40401,40372
SRTF,4778,2415,28,39872,39900,37457,37485,37457
SRTF,5970,2415,90,408741,408831,406326,406416,406326
SRTF,9643,2415,40,79608,79648,77193,77233,77193
SRTF,6325,2415,93,436657,436750,434242,434335,434242
SRTF,6379,2415,76,288634,288710,286219,286295,286219
SRTF,2961,2416,47,109909,109956,107493,107540,107493
SRTF,4710,2418,77,295806,295883,293388,293465,293388
SRTF,7333,2418,28,39900,39928,37482,37510,37482
SRTF,1295,2419,40,79648,79688,77229,77269,77229
SRTF,6793,2419,74,274364,274438,271945,272019,271945
SRTF,8935,2421,22,25455,25477,23034,23056,23034
SRTF,1267,2421,73,268064,268137,265643,265716,265643
SRTF,8979,2422,80,322278,322358,319856,319936,319856
SRTF,7826,2423,14,2459,2473,36,50,36
SRTF,3776,2424,50,125264,125314,122840,122890,122840
SRTF,2542,2426,68,234013,234081,231587,231655,231587
SRTF,3770,2426,36,64409,64445,61983,62019,61983
SRTF,456,2427,15,11275,11290,8848,8863,8848
SRTF,1986,2428,84,354082,354166,351654,351738,351654
SRTF,7130,2428,5,2436,2441,8,13,8
SRTF,1501,2428,55,154103,154158,151675,151730,151675
SRTF,6397,2429,14,2492,2506,63,77,63
SRTF,1631,2430,32,51780,51812,49350,49382,49350
SRTF,4293,2430,32,51812,51844,49382,49414,49382
SRTF,8644,2431,88,390724,390812,388293,388381,388293
SRTF,6990,2431,10,2449,2459,18,28,18
SRTF,4623,2432,78,303842,303920,301410,301488,301410
SRTF,8116,2433,76,288710,288786,286277,286353,286277
SRTF,1570,2433,20,20742,20762,18309,18329,18309
SRTF,14,2433,59,175856,175915,173423,173482,173423
SRTF,7341,2434,66,219857,219923,217423,217489,217423
SRTF,6595,2436,79,312684,312763,310248,310327,310248
SRTF,3188,2437,8,2441,2449,4,12,4
SRTF,3685,2438,21,22995,23016,20557,20578,20557
SRTF,4332,2440,74,274438,274512,271998,272072,271998
SRTF,6589,2440,61,186649,186710,184209,184270,184209
SRTF,8243,2440,28,39928,39956,37488,37516,37488
SRTF,6945,2441,83,346096,346179,343655,343738,343655
SRTF,6690,2443,36,64445,64481,62002,62038,62002
SRTF,997,2443,93,436750,436843,434307,434400,434307
SRTF,6341,2446,74,274512,274586,272066,272140,272066
SRTF,3458,2451,97,472871,472968,470420,470517,470420
SRTF,106,2454,86,371036,371122,368582,368668,368582
SRTF,2674,2454,80,322358,322438,319904,319984,319904
SRTF,3034,2454,39,75766,75805,73312,73351,73312
SRTF,5908,2460,88,390812,390900,388352,388440,388352
SRTF,8908,2460,69,239812,239881,237352,237421,237352
SRTF,2300,2460,66,219923,219989,217463,217529,217463
SRTF,3743,2461,73,268137,268210,265676,265749,265676
SRTF,2262,2461,3,2473,2476,12,15,12
SRTF,4651,2462,87,381740,381827,379278,379365,379278
SRTF,4900,2462,3,2476,2479,14,17,14
SRTF,8393,2463,16,13162,13178,10699,10715,10699
SRTF,9087,2464,88,390900,390988,388436,388524,388436
SRTF,8422,2465,12,2479,2491,14,26,14
SRTF,2869,2466,94,445985,446079,443519,443613,443519
SRTF,4676,2466,73,268210,268283,265744,265817,265744
SRTF,1388,2466,15,11290,11305,8824,8839,8824
SRTF,3425,2468,14,2506,2520,38,52,38
SRTF,3505,2468,25,32220,32245,29752,29777,29752
SRTF,1447,2469,24,29746,29770,27277,27301,27277
SRTF,841,2472,76,288786,288862,286314,286390,286314
SRTF,3887,2472,43,91507,91550,89035,89078,89035
SRTF,1972,2472,81,328941,329022,326469,326550,326469
SRTF,1978,2475,54,148948,149002,146473,146527,146473
SRTF,5488,2476,71,252914,252985,250438,250509,250438
SRTF,432,2479,27,37119,37146,34640,34667,34640
SRTF,2729,2479,31,48317,48348,45838,45869,45838
SRTF,1076,2482,55,154158,154213,151676,151731,151676
SRTF,9302,2484,58,170383,170441,167899,167957,167899
SRTF,8406,2486,82,337788,337870,335302,335384,335302
SRTF,7494,2486,52,136875,136927,134389,134441,134389
SRTF,6687,2486,1,2491,2492,5,6,5
SRTF,7950,2488,20,20762,20782,18274,18294,18274
SRTF,443,2489,14,2564,2578,75,89,75
SRTF,3060,2490,90,408831,408921,406341,406431,406341
SRTF,375,2491,45,100535,100580,98044,98089,98044
SRTF,8361,2492,79,312763,312842,310271,310350,310271
SRTF,2001,2493,91,418583,418674,416090,416181,416090
SRTF,2093,2494,84,354166,354250,351672,351756,351672
SRTF,8982,2496,27,37146,37173,34650,34677,34650
SRTF,2035,2496,80,322438,322518,319942,320022,319942
SRTF,2855,2497,75,281710,281785,279213,279288,279213
SRTF,6774,2500,97,472968,473065,470468,470565,470468
SRTF,522,2502,65,212813,212878,210311,210376,210311
SRTF,4609,2504,20,20782,20802,18278,18298,18278
SRTF,493,2504,47,109956,110003,107452,107499,107452
SRTF,2612,2504,46,105375,105421,102871,102917,102871
SRTF,4186,2505,74,274586,274660,272081,272155,272081
SRTF,6054,2506,27,37173,37200,34667,34694,34667
SRTF,8869,2506,40,79688,79728,77182,77222,77182
SRTF,6300,2508,50,125314,125364,122806,122856,122806
SRTF,7037,2509,73,268283,268356,265774,265847,265774
SRTF,7476,2510,4,2528,2532,18,22,18
SRTF,210,2511,99,489771,489870,487260,487359,487260
SRTF,8414,2511,41,83582,83623,81071,81112,81071
SRTF,8209,2511,77,295883,295960,293372,293449,293372
SRTF,6034,2511,32,51844,51876,49333,49365,49333
SRTF,8011,2513,41,83623,83664,81110,81151,81110
SRTF,7572,2513,9,2532,2541,19,28,19
SRTF,7392,2513,45,100580,100625,98067,98112,98067
SRTF,8714,2513,65,212878,212943,210365,210430,210365
SRTF,8140,2514,97,473065,473162,470551,470648,470551
SRTF,9783,2515,3,2520,2523,5,8,5
SRTF,9213,2515,13,2542,2555,27,40,27
SRTF,9343,2520,53,142667,142720,140147,140200,140147
SRTF,2318,2520,53,142720,142773,140200,140253,140200
SRTF,5799,2521,3,2523,2526,2,5,2
SRTF,7595,2523,39,75805,75844,73282,73321,73282
SRTF,3587,2524,29,42814,42843,40290,40319,40290
SRTF,2727,2524,41,83664,83705,81140,81181,81140
SRTF,6467,2526,2,2526,2528,0,2,0
SRTF,2080,2529,50,125364,125414,122835,122885,122835
SRTF,9798,2529,52,136927,136979,134398,134450,134398
SRTF,2075,2530,37,68148,68185,65618,65655,65618
SRTF,9425,2532,54,149002,149056,146470,146524,146470
SRTF,4347,2535,50,125414,125464,122879,122929,122879
SRTF,3616,2535,60,181841,181901,179306,179366,179306
SRTF,4944,2537,49,121373,121422,118836,118885,118836
SRTF,1121,2538,62,193394,193456,190856,190918,190856
SRTF,9636,2538,59,175915,175974,173377,173436,173377
SRTF,2471,2539,1,2541,2542,2,3,2
SRTF,554,2539,15,11305,11320,8766,8781,8766
SRTF,4729,2541,20,20802,20822,18261,18281,18261
SRTF,1169,2541,81,329022,329103,326481,326562,326481
SRTF,7014,2542,35,61478,61513,58936,58971,58936
SRTF,7221,2544,81,329103,329184,326559,326640,326559
SRTF,9403,2544,75,281785,281860,279241,279316,279241
SRTF,4398,2547,57,164312,164369,161765,161822,161765
SRTF,2326,2547,36,64481,64517,61934,61970,61934
SRTF,5165,2547,53,142773,142826,140226,140279,140226
SRTF,5729,2550,14,2614,2628,64,78,64
SRTF,9821,2550,48,115205,115253,112655,112703,112655
SRTF,2545,2551,99,489870,489969,487319,487418,487319
SRTF,870,2551,36,64517,64553,61966,62002,61966
SRTF,7279,2553,48,115253,115301,112700,112748,112700
SRTF,3730,2555,56,159024,159080,156469,156525,156469
SRTF,2549,2555,43,91550,91593,88995,89038,88995
SRTF,7460,2555,94,446079,446173,443524,443618,443524
SRTF,3131,2555,7,2555,2562,0,7,0
SRTF,258,2557,21,23016,23037,20459,20480,20459
SRTF,24,2558,1,2562,2563,4,5,4
SRTF,5182,2560,1,2563,2564,3,4,3
SRTF,917,2560,67,226744,226811,224184,224251,224184
SRTF,4070,2561,61,186710,186771,184149,184210,184149
SRTF,2360,2563,20,20822,20842,18259,18279,18259
SRTF,5920,2565,4,2579,2583,14,18,14
SRTF,3991,2565,96,463054,463150,460489,460585,460489
SRTF,3307,2566,11,2588,2599,22,33,22
SRTF,4233,2566,30,45419,45449,42853,42883,42853
SRTF,6155,2567,21,23037,23058,20470,20491,20470
SRTF,3004,2567,54,149056,149110,146489,146543,146489
SRTF,7620,2568,60,181901,181961,179333,179393,179333
SRTF,89,2568,83,346179,346262,343611,343694,343611
SRTF,8438,2568,1,2578,2579,10,11,10
SRTF,5800,2568,68,234081,234149,231513,231581,231513
SRTF,6347,2569,4,2584,2588,15,19,15
SRTF,5539,2572,53,142826,142879,140254,140307,140254
SRTF,1161,2573,26,34600,34626,32027,32053,32027
SRTF,4059,2575,42,87663,87705,85088,85130,85088
SRTF,5062,2575,29,42843,42872,40268,40297,40268
SRTF,9942,2575,27,37200,37227,34625,34652,34625
SRTF,9227,2576,19,18613,18632,16037,16056,16037
SRTF,8004,2577,89,400255,400344,397678,397767,397678
SRTF,8866,2580,1,2583,2584,3,4,3
SRTF,9050,2580,51,131189,131240,128609,128660,128609
SRTF,5456,2580,95,453720,453815,451140,451235,451140
SRTF,3990,2581,97,473162,473259,470581,470678,470581
SRTF,4875,2581,46,105421,105467,102840,102886,102840
SRTF,4099,2581,11,2603,2614,22,33,22
SRTF,6684,2581,71,252985,253056,250404,250475,250404
SRTF,8789,2586,21,23058,23079,20472,20493,20472
SRTF,8238,2587,25,32245,32270,29658,29683,29658
SRTF,3228,2587,66,219989,220055,217402,217468,217402
SRTF,4162,2587,50,125464,125514,122877,122927,122877
SRTF,9101,2588,46,105467,105513,102879,102925,102879
SRTF,858,2590,98,481914,482012,479324,479422,479324
SRTF,9652,2590,49,121422,121471,118832,118881,118832
SRTF,6714,2590,18,16647,16665,14057,14075,14057
SRTF,3873,2591,71,253056,253127,250465,250536,250465
SRTF,2583,2591,65,212943,213008,210352,210417,210352
SRTF,8235,2592,75,281860,281935,279268,279343,279268
SRTF,780,2593,67,226811,226878,224218,224285,224218
SRTF,3884,2594,81,329184,329265,326590,326671,326590
SRTF,6593,2594,59,175974,176033,173380,173439,173380
SRTF,8817,2597,17,14646,14663,12049,12066,12049
SRTF,2679,2597,93,436843,436936,434246,434339,434246
SRTF,5469,2597,37,68185,68222,65588,65625,65588
SRTF,9305,2597,4,2599,2603,2,6,2
SRTF,5514,2598,98,482012,482110,479414,479512,479414
SRTF,1162,2599,50,125514,125564,122915,122965,122915
SRTF,5934,2600,95,453815,453910,451215,451310,451215
SRTF,3720,2600,22,25477,25499,22877,22899,22877
SRTF,5822,2601,21,23079,23100,20478,20499,20478
SRTF,6637,2603,20,20842,20862,18239,18259,18239
SRTF,6177,2603,62,193456,193518,190853,190915,190853
SRTF,1443,2604,18,16665,16683,14061,14079,14061
SRTF,4000,2604,21,23100,23121,20496,20517,20496
SRTF,3360,2606,50,125564,125614,122958,123008,122958
SRTF,3680,2606,73,268356,268429,265750,265823,265750
SRTF,2913,2606,51,131240,131291,128634,128685,128634
SRTF,3987,2607,62,193518,193580,190911,190973,190911
SRTF,6401,2607,73,268429,268502,265822,265895,265822
SRTF,3570,2610,47,110003,110050,107393,107440,107393
SRTF,2411,2610,51,131291,131342,128681,128732,128681
SRTF,45,2612,60,181961,182021,179349,179409,179349
SRTF,4265,2617,44,95098,95142,92481,92525,92481
SRTF,4037,2618,94,446173,446267,443555,443649,443555
SRTF,4664,2618,79,312842,312921,310224,310303,310224
SRTF,9012,2620,69,239881,239950,237261,237330,237261
SRTF,6215,2623,86,371122,371208,368499,368585,368499
SRTF,3196,2624,85,362337,362422,359713,359798,359713
SRTF,8477,2625,90,408921,409011,406296,406386,406296
SRTF,9259,2627,15,11320,11335,8693,8708,8693
SRTF,5923,2630,17,14663,14680,12033,12050,12033
SRTF,1354,2632,20,20862,20882,18230,18250,18230
SRTF,2335,2634,33,54649,54682,52015,52048,52015
SRTF,9458,2634,76,288862,288938,286228,286304,286228
SRTF,914,2635,36,64553,64589,61918,61954,61918
SRTF,6327,2637,54,149110,149164,146473,146527,146473
SRTF,5411,2639,80,322518,322598,319879,319959,319879
SRTF,3734,2642,46,105513,105559,102871,102917,102871
SRTF,6975,2642,64,206260,206324,203618,203682,203618
SRTF,2456,2643,78,303920,303998,301277,301355,301277
SRTF,5719,2644,8,2670,2678,26,34,26
SRTF,3376,2645,98,482110,482208,479465,479563,479465
SRTF,973,2645,53,142879,142932,140234,140287,140234
SRTF,5230,2645,4,2660,2664,15,19,15
SRTF,9013,2646,69,239950,240019,237304,237373,237304
SRTF,5224,2646,70,246867,246937,244221,244291,244221
SRTF,8790,2648,64,206324,206388,203676,203740,203676
SRTF,2328,2649,88,390988,391076,388339,388427,388339
SRTF,7807,2650,25,32270,32295,29620,29645,29620
SRTF,8514,2651,98,482208,482306,479557,479655,479557
SRTF,5368,2653,95,453910,454005,451257,451352,451257
SRTF,8137,2653,38,71762,71800,69109,69147,69109
SRTF,8598,2653,52,136979,137031,134326,134378,134326
SRTF,4925,2654,76,288938,289014,286284,286360,286284
SRTF,5823,2657,75,281935,282010,279278,279353,279278
SRTF,5114,2657,44,95142,95186,92485,92529,92485
SRTF,2887,2658,2,2658,2660,0,2,0
SRTF,6805,2658,55,154213,154268,151555,151610,151555
SRTF,2681,2659,26,34626,34652,31967,31993,31967
SRTF,5744,2659,24,29770,29794,27111,27135,27111
SRTF,3007,2660,52,137031,137083,134371,134423,134371
SRTF,3284,2661,6,2664,2670,3,9,3
SRTF,6257,2663,33,54682,54715,52019,52052,52019
SRTF,2000,2665,16,13178,13194,10513,10529,10513
SRTF,6323,2665,41,83705,83746,81040,81081,81040
SRTF,7449,2665,52,137083,137135,134418,134470,134418
SRTF,9025,2666,61,186771,186832,184105,184166,184105
SRTF,1307,2667,17,14680,14697,12013,12030,12013
SRTF,3861,2668,79,312921,313000,310253,310332,310253
SRTF,4990,2669,44,95186,95230,92517,92561,92517
SRTF,5304,2670,39,75844,75883,73174,73213,73174
SRTF,8864,2670,53,142932,142985,140262,140315,140262
SRTF,9707,2670,46,105559,105605,102889,102935,102889
SRTF,4745,2671,50,125614,125664,122943,122993,122943
SRTF,4566,2672,74,274660,274734,271988,272062,271988
SRTF,2173,2672,91,418674,418765,416002,416093,416002
SRTF,988,2674,32,51876,51908,49202,49234,49202
SRTF,1154,2679,48,115301,115349,112622,112670,112622
SRTF,3966,2679,40,79728,79768,77049,77089,77049
SRTF,561,2681,37,68222,68259,65541,65578,65541
SRTF,1195,2681,63,199052,199115,196371,196434,196371
SRTF,5723,2681,52,137135,137187,134454,134506,134454
SRTF,7444,2681,79,313000,313079,310319,310398,310319
SRTF,6302,2682,90,409011,409101,406329,406419,406329
SRTF,8997,2685,75,282010,282085,279325,279400,279325
SRTF,9203,2686,11,2693,2704,7,18,7
SRTF,7278,2686,12,2704,2716,18,30,18
SRTF,7936,2686,26,34652,34678,31966,31992,31966
SRTF,3946,2687,56,159080,159136,156393,156449,156393
SRTF,6733,2689,98,482306,482404,479617,479715,479617
SRTF,8569,2689,34,57645,57679,54956,54990,54956
SRTF,9187,2690,94,446267,446361,443577,443671,443577
SRTF,4208,2690,44,95230,95274,92540,92584,92540
SRTF,8228,2691,12,2748,2760,57,69,57
SRTF,5451,2693,40,79768,79808,77075,77115,77075
SRTF,147,2693,26,34678,34704,31985,32011,31985
SRTF,92,2695,42,87705,87747,85010,85052,85010
SRTF,4442,2696,19,18632,18651,15936,15955,15936
SRTF,3894,2700,39,75883,75922,73183,73222,73183
SRTF,2849,2702,81,329265,329346,326563,326644,326563
SRTF,622,2703,52,137187,137239,134484,134536,134484
SRTF,7118,2705,46,105605,105651,102900,102946,102900
SRTF,5868,2706,76,289014,289090,286308,286384,286308
SRTF,6764,2707,63,199115,199178,196408,196471,196408
SRTF,5975,2708,95,454005,454100,451297,451392,451297
SRTF,3553,2708,77,295960,296037,293252,293329,293252
SRTF,9266,2708,78,303998,304076,301290,301368,301290
SRTF,1264,2708,8,2716,2724,8,16,8
SRTF,1031,2708,86,371208,371294,368500,368586,368500
SRTF,8546,2709,23,27187,27210,24478,24501,24478
SRTF,8978,2709,71,253127,253198,250418,250489,250418
SRTF,4725,2710,16,13194,13210,10484,10500,10484
SRTF,7767,2711,94,446361,446455,443650,443744,443650
SRTF,1216,2711,86,371294,371380,368583,368669,368583
SRTF,8158,2711,69,240019,240088,237308,237377,237308
SRTF,2211,2711,27,37227,37254,34516,34543,34516
SRTF,946,2712,37,68259,68296,65547,65584,65547
SRTF,1060,2713,34,57679,57713,54966,55000,54966
SRTF,6042,2713,67,226878,226945,224165,224232,224165
SRTF,5642,2716,81,329346,329427,326630,326711,326630
SRTF,1081,2717,78,304076,304154,301359,301437,301359
SRTF,2094,2719,10,2725,2735,6,16,6
SRTF,1455,2719,34,57713,57747,54994,55028,54994
SRTF,8709,2720,13,3012,3025,292,305,292
SRTF,1594,2720,1,2724,2725,4,5,4
SRTF,5748,2721,23,27210,27233,24489,24512,24489
SRTF,6083,2721,62,193580,193642,190859,190921,190859
SRTF,9819,2722,19,18651,18670,15929,15948,15929
SRTF,7083,2722,67,226945,227012,224223,224290,224223
SRTF,7691,2722,10,2735,2745,13,23,13
SRTF,9736,2723,67,227012,227079,224289,224356,224289
SRTF,2711,2723,17,14697,14714,11974,11991,11974
SRTF,4079,2725,60,182021,182081,179296,179356,179296
SRTF,5910,2728,95,454100,454195,451372,451467,451372
SRTF,108,2731,52,137239,137291,134508,134560,134508
SRTF,9526,2731,86,371380,371466,368649,368735,368649
SRTF,8451,2731,59,176033,176092,173302,173361,173302
SRTF,8976,2732,72,259967,260039,257235,257307,257235
SRTF,329,2733,57,164369,164426,161636,161693,161636
SRTF,1737,2734,29,42872,42901,40138,40167,40138
SRTF,31,2734,47,110050,110097,107316,107363,107316
SRTF,7841,2735,83,346262,346345,343527,343610,343527
SRTF,4119,2735,20,20882,20902,18147,18167,18147
SRTF,6751,2735,16,13210,13226,10475,10491,10475
SRTF,1384,2736,55,154268,154323,151532,151587,151532
SRTF,460,2738,88,391076,391164,388338,388426,388338
SRTF,6455,2738,67,227079,227146,224341,224408,224341
SRTF,7877,2738,88,391164,391252,388426,388514,388426
SRTF,7926,2739,46,105651,105697,102912,102958,102912
SRTF,7312,2739,73,268502,268575,265763,265836,265763
SRTF,842,2739,99,489969,490068,487230,487329,487230
SRTF,1765,2740,96,463150,463246,460410,460506,460410
SRTF,5772,2741,44,95274,95318,92533,92577,92533
SRTF,3392,2743,25,32295,32320,29552,29577,29552
SRTF,427,2744,3,2745,2748,1,4,1
SRTF,7077,2744,41,83746,83787,81002,81043,81002
SRTF,635,2745,92,427894,427986,425149,425241,425149
SRTF,3295,2745,12,2874,2886,129,141,129
SRTF,1429,2745,87,381827,381914,379082,379169,379082
SRTF,27,2747,51,131342,131393,128595,128646,128595
SRTF,8263,2747,64,206388,206452,203641,203705,203641
SRTF,3542,2749,89,400344,400433,397595,397684,397595
SRTF,9146,2750,17,14714,14731,11964,11981,11964
SRTF,1488,2752,2,2760,2762,8,10,8
SRTF,8312,2756,68,234149,234217,231393,231461,231393
SRTF,2407,2757,13,3029,3042,272,285,272
SRTF,5843,2757,13,3132,3145,375,388,375
SRTF,9500,2758,79,313079,313158,310321,310400,310321
SRTF,8429,2759,6,2766,2772,7,13,7
SRTF,3696,2761,76,289090,289166,286329,286405,286329
SRTF,3858,2761,52,137291,137343,134530,134582,134530
SRTF,4436,2761,65,213008,213073,210247,210312,210247
SRTF,7982,2762,4,2762,2766,0,4,0
SRTF,3992,2763,8,2772,2780,9,17,9
SRTF,3637,2763,9,2791,2800,28,37,28
SRTF,8099,2763,44,95318,95362,92555,92599,92555
SRTF,7529,2765,67,227146,227213,224381,224448,224381
SRTF,6604,2765,83,346345,346428,343580,343663,343580
SRTF,3465,2765,95,454195,454290,451430,451525,451430
SRTF,3066,2767,44,95362,95406,92595,92639,92595
SRTF,9459,2768,40,79808,79848,77040,77080,77040
SRTF,1159,2768,12,2941,2953,173,185,173
SRTF,6569,2772,48,115349,115397,112577,112625,112577
SRTF,1839,2772,75,282085,282160,279313,279388,279313
SRTF,7286,2773,6,2785,2791,12,18,12
SRTF,4575,2773,57,164426,164483,161653,161710,161653
SRTF,3892,2773,84,354250,354334,351477,351561,351477
SRTF,5289,2774,3,2780,2783,6,9,6
SRTF,6543,2775,35,61513,61548,58738,58773,58738
SRTF,9369,2775,43,91593,91636,88818,88861,88818
SRTF,4268,2775,71,253198,253269,250423,250494,250423
SRTF,5003,2776,61,186832,186893,184056,184117,184056
SRTF,5055,2778,10,2833,2843,55,65,55
SRTF,6194,2779,69,240088,240157,237309,237378,237309
SRTF,647,2779,9,2800,2809,21,30,21
SRTF,3141,2780,13,3145,3158,365,378,365
SRTF,3483,2780,28,39956,39984,37176,37204,37176
SRTF,4310,2782,2,2783,2785,1,3,1
SRTF,524,2782,51,131393,131444,128611,128662,128611
SRTF,3371,2783,41,83787,83828,81004,81045,81004
SRTF,8646,2784,61,186893,186954,184109,184170,184109
SRTF,2026,2785,16,13226,13242,10441,10457,10441
SRTF,4372,2785,61,186954,187015,184169,184230,184169
SRTF,6722,2785,55,154323,154378,151538,151593,151538
SRTF,4446,2786,39,75922,75961,73136,73175,73136
SRTF,495,2786,86,371466,371552,368680,368766,368680
SRTF,7307,2786,21,23121,23142,20335,20356,20335
SRTF,9393,2787,55,154378,154433,151591,151646,151591
SRTF,3445,2787,96,463246,463342,460459,460555,460459
SRTF,4218,2789,80,322598,322678,319809,319889,319809
SRTF,129,2790,62,193642,193704,190852,190914,190852
SRTF,6763,2790,53,142985,143038,140195,140248,140195
SRTF,3300,2792,17,14731,14748,11939,11956,11939
SRTF,6375,2793,74,274734,274808,271941,272015,271941
SRTF,9555,2793,13,3235,3248,442,455,442
SRTF,5571,2795,68,234217,234285,231422,231490,231422
SRTF,806,2797,19,18670,18689,15873,15892,15873
SRTF,5108,2799,14,4621,4635,1822,1836,1822
SRTF,3567,2800,34,57747,57781,54947,54981,54947
SRTF,2781,2800,27,37254,37281,34454,34481,34454
SRTF,7525,2800,73,268575,268648,265775,265848,265775
SRTF,8716,2801,50,125664,125714,122863,122913,122863
SRTF,6317,2803,8,2815,2823,12,20,12
SRTF,3308,2803,24,29794,29818,26991,27015,26991
SRTF,7858,2803,68,234285,234353,231482,231550,231482
SRTF,4761,2806,49,121471,121520,118665,118714,118665
SRTF,345,2806,88,391252,391340,388446,388534,388446
SRTF,3037,2808,13,3331,3344,523,536,523
SRTF,1452,2808,23,27233,27256,24425,24448,24425
SRTF,5783,2809,4,2809,2813,0,4,0
SRTF,8571,2810,39,75961,76000,73151,73190,73151
SRTF,6532,2810,20,20902,20922,18092,18112,18092
SRTF,9876,2810,97,473259,473356,470449,470546,470449
SRTF,2386,2810,36,64589,64625,61779,61815,61779
SRTF,213,2811,2,2813,2815,2,4,2
SRTF,712,2814,15,11335,11350,8521,8536,8521
SRTF,1991,2817,26,34704,34730,31887,31913,31887
SRTF,6681,2817,31,48348,48379,45531,45562,45531
SRTF,3826,2817,69,240157,240226,237340,237409,237340
SRTF,2034,2817,5,2823,2828,6,11,6
SRTF,9167,2819,63,199178,199241,196359,196422,196359
SRTF,3047,2819,56,159136,159192,156317,156373,156317
SRTF,4642,2821,79,313158,313237,310337,310416,310337
SRTF,2563,2822,90,409101,409191,406279,406369,406279
SRTF,6855,2823,14,4713,4727,1890,1904,1890
SRTF,6817,2824,13,3355,3368,531,544,531
SRTF,903,2824,85,362422,362507,359598,359683,359598
SRTF,8660,2825,66,220055,220121,217230,217296,217230
SRTF,4168,2827,5,2828,2833,1,6,1
SRTF,4129,2828,38,71800,71838,68972,69010,68972
SRTF,3147,2828,85,362507,362592,359679,359764,359679
SRTF,4431,2828,67,227213,227280,224385,224452,224385
SRTF,8842,2829,34,57781,57815,54952,54986,54952
SRTF,6082,2831,88,391340,391428,388509,388597,388509
SRTF,902,2832,13,3377,3390,545,558,545
SRTF,742,2832,24,29818,29842,26986,27010,26986
SRTF,3562,2832,55,154433,154488,151601,151656,151601
SRTF,6745,2833,62,193704,193766,190871,190933,190871
SRTF,3002,2834,57,164483,164540,161649,161706,161649
SRTF,7876,2835,40,79848,79888,77013,77053,77013
SRTF,9110,2837,62,193766,193828,190929,190991,190929
SRTF,403,2838,84,354334,354418,351496,351580,351496
SRTF,6207,2838,8,2847,2855,9,17,9
SRTF,7868,2838,98,482404,482502,479566,479664,479566
SRTF,2426,2839,26,34730,34756,31891,31917,31891
SRTF,448,2839,79,313237,313316,310398,310477,310398
SRTF,5424,2841,21,23142,23163,20301,20322,20301
SRTF,3087,2841,72,260039,260111,257198,257270,257198
SRTF,4945,2842,4,2843,2847,1,5,1
SRTF,4838,2843,32,51908,51940,49065,49097,49065
SRTF,1514,2844,97,473356,473453,470512,470609,470512
SRTF,4716,2845,46,105697,105743,102852,102898,102852
SRTF,8392,2846,75,282160,282235,279314,279389,279314
SRTF,9477,2847,32,51940,51972,49093,49125,49093
SRTF,440,2849,14,4727,4741,1878,1892,1878
SRTF,3723,2849,66,220121,220187,217272,217338,217272
SRTF,7421,2850,5,2855,2860,5,10,5
SRTF,4135,2850,37,68296,68333,65446,65483,65446
SRTF,4130,2850,19,18689,18708,15839,15858,15839
SRTF,4837,2851,61,187015,187076,184164,184225,184164
SRTF,1943,2852,94,446455,446549,443603,443697,443603
SRTF,4030,2854,59,176092,176151,173238,173297,173238
SRTF,3878,2854,23,27256,27279,24402,24425,24402
SRTF,8064,2855,96,463342,463438,460487,460583,460487
SRTF,7437,2860,8,2860,2868,0,8,0
SRTF,4509,2863,90,409191,409281,406328,406418,406328
SRTF,1857,2863,25,32320,32345,29457,29482,29457
SRTF,9941,2865,13,3436,3449,571,584,571
SRTF,1201,2866,61,187076,187137,184210,184271,184210
SRTF,4597,2866,6,2868,2874,2,8,2
SRTF,2808,2866,19,18708,18727,15842,15861,15842
SRTF,7342,2868,88,391428,391516,388560,388648,388560
SRTF,7696,2869,63,199241,199304,196372,196435,196372
SRTF,265,2869,50,125714,125764,122845,122895,122845
SRTF,7932,2870,73,268648,268721,265778,265851,265778
SRTF,658,2871,63,199304,199367,196433,196496,196433
SRTF,3485,2871,23,27279,27302,24408,24431,24408
SRTF,1024,2872,36,64625,64661,61753,61789,61753
SRTF,8471,2873,86,371552,371638,368679,368765,368679
SRTF,4105,2875,86,371638,371724,368763,368849,368763
SRTF,1845,2875,53,143038,143091,140163,140216,140163
SRTF,8517,2877,88,391516,391604,388639,388727,388639
SRTF,787,2878,46,105743,105789,102865,102911,102865
SRTF,6247,2880,86,371724,371810,368844,368930,368844
SRTF,6897,2881,57,164540,164597,161659,161716,161659
SRTF,5474,2881,26,34756,34782,31875,31901,31875
SRTF,9940,2881,97,473453,473550,470572,470669,470572
SRTF,6331,2883,60,182081,182141,179198,179258,179198
SRTF,5967,2883,5,2886,2891,3,8,3
SRTF,8136,2886,39,76000,76039,73114,73153,73114
SRTF,6709,2886,72,260111,260183,257225,257297,257225
SRTF,9746,2886,65,213073,213138,210187,210252,210187
SRTF,5419,2887,10,2894,2904,7,17,7
SRTF,9186,2888,83,346428,346511,343540,343623,343540
SRTF,8352,2889,19,18727,18746,15838,15857,15838
SRTF,4013,2890,53,143091,143144,140201,140254,140201
SRTF,4053,2891,3,2891,2894,0,3,0
SRTF,984,2891,58,170441,170499,167550,167608,167550
SRTF,6275,2892,45,100625,100670,97733,97778,97733
SRTF,6929,2892,24,29842,29866,26950,26974,26950
SRTF,9556,2892,46,105789,105835,102897,102943,102897
SRTF,7743,2892,17,14748,14765,11856,11873,11856
SRTF,3409,2895,10,2904,2914,9,19,9
SRTF,5853,2895,35,61548,61583,58653,58688,58653
SRTF,1522,2896,60,182141,182201,179245,179305,179245
SRTF,5374,2897,87,381914,382001,379017,379104,379017
SRTF,929,2898,67,227280,227347,224382,224449,224382
SRTF,9241,2901,74,274808,274882,271907,271981,271907
SRTF,7746,2902,10,2914,2924,12,22,12
SRTF,4185,2904,17,14765,14782,11861,11878,11861
SRTF,6003,2905,96,463438,463534,460533,460629,460533
SRTF,7467,2907,93,436936,437029,434029,434122,434029
SRTF,7830,2908,27,37281,37308,34373,34400,34373
SRTF,6377,2911,52,137343,137395,134432,134484,134432
SRTF,219,2911,86,371810,371896,368899,368985,368899
SRTF,3821,2912,56,159192,159248,156280,156336,156280
SRTF,508,2914,76,289166,289242,286252,286328,286252
SRTF,7468,2914,14,5339,5353,2425,2439,2425
SRTF,4084,2915,53,143144,143197,140229,140282,140229
SRTF,8564,2916,9,2924,2933,8,17,8
SRTF,5597,2917,27,37308,37335,34391,34418,34391
SRTF,1660,2920,28,39984,40012,37064,37092,37064
SRTF,8713,2922,12,2993,3005,71,83,71
SRTF,580,2923,42,87747,87789,84824,84866,84824
SRTF,4559,2925,99,490068,490167,487143,487242,487143
SRTF,5751,2925,21,23163,23184,20238,20259,20238
SRTF,7136,2926,8,2933,2941,7,15,7
SRTF,4774,2931,67,227347,227414,224416,224483,224416
SRTF,201,2931,74,274882,274956,271951,272025,271951
SRTF,8841,2933,99,490167,490266,487234,487333,487234
SRTF,5578,2933,73,268721,268794,265788,265861,265788
SRTF,8078,2934,58,170499,170557,167565,167623,167565
SRTF,5347,2936,32,51972,52004,49036,49068,49036
SRTF,5403,2938,74,274956,275030,272018,272092,272018
SRTF,6576,2939,25,32345,32370,29406,29431,29406
SRTF,5679,2939,85,362592,362677,359653,359738,359653
SRTF,6122,2940,18,16683,16701,13743,13761,13743
SRTF,6064,2941,51,131444,131495,128503,128554,128503
SRTF,4796,2941,30,45449,45479,42508,42538,42508
SRTF,4041,2942,15,11350,11365,8408,8423,8408
SRTF,6807,2944,5,2953,2958,9,14,9
SRTF,1557,2946,99,490266,490365,487320,487419,487320
SRTF,2698,2946,96,463534,463630,460588,460684,460588
SRTF,5117,2949,95,454290,454385,451341,451436,451341
SRTF,3663,2949,60,182201,182261,179252,179312,179252
SRTF,9645,2949,5,2961,2966,12,17,12
SRTF,352,2950,22,25499,25521,22549,22571,22549
SRTF,3133,2951,68,234353,234421,231402,231470,231402
SRTF,3074,2953,27,37335,37362,34382,34409,34382
SRTF,7962,2956,3,2958,2961,2,5,2
SRTF,8301,2956,94,446549,446643,443593,443687,443593
SRTF,1689,2958,23,27302,27325,24344,24367,24344
SRTF,8489,2960,95,454385,454480,451425,451520,451425
SRTF,262,2961,69,240226,240295,237265,237334,237265
SRTF,4175,2961,79,313316,313395,310355,310434,310355
SRTF,5402,2962,74,275030,275104,272068,272142,272068
SRTF,3773,2962,9,2984,2993,22,31,22
SRTF,8919,2963,83,346511,346594,343548,343631,343548
SRTF,4131,2964,14,5353,5367,2389,2403,2389
SRTF,5798,2964,13,3451,3464,487,500,487
SRTF,2081,2964,65,213138,213203,210174,210239,210174
SRTF,4863,2965,4,2966,2970,1,5,1
SRTF,494,2967,29,42901,42930,39934,39963,39934
SRTF,1192,2969,13,3464,3477,495,508,495
SRTF,6898,2970,7,2970,2977,0,7,0
SRTF,9847,2970,68,234421,234489,231451,231519,231451
SRTF,7488,2971,23,27325,27348,24354,24377,24354
SRTF,4775,2971,62,193828,193890,190857,190919,190857
SRTF,4044,2972,20,20922,20942,17950,17970,17950
SRTF,3622,2972,63,199367,199430,196395,196458,196395
SRTF,7537,2972,86,371896,371982,368924,369010,368924
SRTF,317,2975,41,83828,83869,80853,80894,80853
SRTF,7321,2975,65,213203,213268,210228,210293,210228
SRTF,7174,2976,20,20942,20962,17966,17986,17966
SRTF,223,2976,1,2977,2978,1,2,1
SRTF,9655,2978,3,2978,2981,0,3,0
SRTF,2425,2978,57,164597,164654,161619,161676,161619
SRTF,2063,2978,92,427986,428078,425008,425100,425008
SRTF,2327,2979,3,2981,2984,2,5,2
SRTF,8016,2979,79,313395,313474,310416,310495,310416
SRTF,4400,2979,81,329427,329508,326448,326529,326448
SRTF,9045,2982,77,296037,296114,293055,293132,293055
SRTF,1310,2983,59,176151,176210,173168,173227,173168
SRTF,7592,2983,26,34782,34808,31799,31825,31799
SRTF,8881,2985,38,71838,71876,68853,68891,68853
SRTF,4395,2985,39,76039,76078,73054,73093,73054
SRTF,8170,2986,57,164654,164711,161668,161725,161668
SRTF,8062,2986,56,159248,159304,156262,156318,156262
SRTF,5443,2987,17,14782,14799,11795,11812,11795
SRTF,8455,2987,59,176210,176269,173223,173282,173223
SRTF,7684,2989,24,29866,29890,26877,26901,26877
SRTF,1853,2989,42,87789,87831,84800,84842,84800
SRTF,2705,2990,83,346594,346677,343604,343687,343604
SRTF,2611,2990,71,253269,253340,250279,250350,250279
SRTF,8628,2990,96,463630,463726,460640,460736,460640
SRTF,3738,2994,31,48379,48410,45385,45416,45385
SRTF,5076,2994,65,213268,213333,210274,210339,210274
SRTF,8399,2997,2,3005,3007,8,10,8
SRTF,5337,2999,73,268794,268867,265795,265868,265795
SRTF,5972,3001,40,79888,79928,76887,76927,76887
SRTF,8662,3003,34,57815,57849,54812,54846,54812
SRTF,8154,3003,51,131495,131546,128492,128543,128492
SRTF,1254,3004,15,11365,11380,8361,8376,8361
SRTF,32,3005,55,154488,154543,151483,151538,151483
SRTF,3927,3005,50,125764,125814,122759,122809,122759
SRTF,8853,3006,5,3007,3012,1,6,1
SRTF,6814,3007,93,437029,437122,434022,434115,434022
SRTF,3472,3008,47,110097,110144,107089,107136,107089
SRTF,4947,3009,79,313474,313553,310465,310544,310465
SRTF,334,3009,98,482502,482600,479493,479591,479493
SRTF,2231,3009,39,76078,76117,73069,73108,73069
SRTF,6051,3010,60,182261,182321,179251,179311,179251
SRTF,9160,3012,64,206452,206516,203440,203504,203440
SRTF,6354,3019,63,199430,199493,196411,196474,196411
SRTF,9049,3019,38,71876,71914,68857,68895,68857
SRTF,1420,3020,24,29890,29914,26870,26894,26870
SRTF,5773,3020,4,3025,3029,5,9,5
SRTF,4214,3020,93,437122,437215,434102,434195,434102
SRTF,7166,3022,50,125814,125864,122792,122842,122792
SRTF,9061,3022,64,206516,206580,203494,203558,203494
SRTF,9007,3026,68,234489,234557,231463,231531,231463
SRTF,1193,3028,98,482600,482698,479572,479670,479572
SRTF,1023,3030,20,20962,20982,17932,17952,17932
SRTF,9675,3030,81,329508,329589,326478,326559,326478
SRTF,8256,3034,48,115397,115445,112363,112411,112363
SRTF,2091,3036,61,187137,187198,184101,184162,184101
SRTF,8668,3036,97,473550,473647,470514,470611,470514
SRTF,9615,3037,63,199493,199556,196456,196519,196456
SRTF,6448,3039,7,3042,3049,3,10,3
SRTF,1935,3040,7,3049,3056,9,16,9
SRTF,9140,3041,7,3056,3063,15,22,15
SRTF,1609,3041,46,105835,105881,102794,102840,102794
SRTF,1297,3042,52,137395,137447,134353,134405,134353
SRTF,6272,3044,37,68333,68370,65289,65326,65289
SRTF,9878,3044,77,296114,296191,293070,293147,293070
SRTF,4086,3046,32,52004,52036,48958,48990,48958
SRTF,378,3051,29,42930,42959,39879,39908,39879
SRTF,6831,3052,11,3063,3074,11,22,11
SRTF,2831,3052,17,14799,14816,11747,11764,11747
SRTF,8779,3052,18,16701,16719,13649,13667,13649
SRTF,1116,3054,13,3499,3512,445,458,445
SRTF,6825,3055,61,187198,187259,184143,184204,184143
SRTF,1533,3056,42,87831,87873,84775,84817,84775
SRTF,6431,3057,91,418765,418856,415708,415799,415708
SRTF,8102,3057,13,3657,3670,600,613,600
SRTF,7890,3061,66,220187,220253,217126,217192,217126
SRTF,2492,3062,99,490365,490464,487303,487402,487303
SRTF,8240,3064,24,29914,29938,26850,26874,26850
SRTF,1198,3067,52,137447,137499,134380,134432,134380
SRTF,7273,3071,1,3074,3075,3,4,3
SRTF,3578,3072,81,329589,329670,326517,326598,326517
SRTF,595,3072,88,391604,391692,388532,388620,388532
SRTF,4444,3072,63,199556,199619,196484,196547,196484
SRTF,1804,3072,50,125864,125914,122792,122842,122792
SRTF,1025,3072,7,3077,3084,5,12,5
SRTF,6963,3072,2,3075,3077,3,5,3
SRTF,58,3073,32,52036,52068,48963,48995,48963
SRTF,3850,3074,89,400433,400522,397359,397448,397359
SRTF,3508,3075,29,42959,42988,39884,39913,39884
SRTF,4731,3075,34,57849,57883,54774,54808,54774
SRTF,7591,3078,22,25521,25543,22443,22465,22443
SRTF,9435,3080,7,3088,3095,8,15,8
SRTF,1719,3081,69,240295,240364,237214,237283,237214
SRTF,8836,3081,41,83869,83910,80788,80829,80788
SRTF,5922,3081,11,3121,3132,40,51,40
SRTF,2319,3081,39,76117,76156,73036,73075,73036
SRTF,9247,3082,33,54715,54748,51633,51666,51633
SRTF,2004,3083,10,3111,3121,28,38,28
SRTF,7727,3083,72,260183,260255,257100,257172,257100
SRTF,7531,3083,30,45479,45509,42396,42426,42396
SRTF,9864,3083,13,3698,3711,615,628,615
SRTF,6146,3083,45,100670,100715,97587,97632,97587
SRTF,2330,3083,78,304154,304232,301071,301149,301071
SRTF,5574,3084,4,3084,3088,0,4,0
SRTF,5987,3085,9,3102,3111,17,26,17
SRTF,816,3086,54,149164,149218,146078,146132,146078
SRTF,8666,3088,37,68370,68407,65282,65319,65282
SRTF,9649,3088,7,3095,3102,7,14,7
SRTF,6090,3089,17,14816,14833,11727,11744,11727
SRTF,8316,3091,74,275104,275178,272013,272087,272013
SRTF,9877,3092,75,282235,282310,279143,279218,279143
SRTF,4854,3092,23,27348,27371,24256,24279,24256
SRTF,1519,3093,29,42988,43017,39895,39924,39895
SRTF,3646,3093,27,37362,37389,34269,34296,34269
SRTF,9335,3094,38,71914,71952,68820,68858,68820
SRTF,7558,3095,38,71952,71990,68857,68895,68857
SRTF,5274,3096,93,437215,437308,434119,434212,434119
SRTF,4779,3096,83,346677,346760,343581,343664,343581
SRTF,1916,3097,91,418856,418947,415759,415850,415759
SRTF,101,3099,90,409281,409371,406182,406272,406182
SRTF,4331,3103,69,240364,240433,237261,237330,237261
SRTF,9540,3104,76,289242,289318,286138,286214,286138
SRTF,3671,3104,17,14833,14850,11729,11746,11729
SRTF,104,3104,59,176269,176328,173165,173224,173165
SRTF,242,3108,89,400522,400611,397414,397503,397414
SRTF,9686,3109,39,76156,76195,73047,73086,73047
SRTF,4339,3109,20,20982,21002,17873,17893,17873
SRTF,3536,3109,86,371982,372068,368873,368959,368873
SRTF,7628,3110,72,260255,260327,257145,257217,257145
SRTF,2810,3112,24,29938,29962,26826,26850,26826
SRTF,4459,3113,91,418947,419038,415834,415925,415834
SRTF,5914,3114,74,275178,275252,272064,272138,272064
SRTF,1591,3117,69,240433,240502,237316,237385,237316
SRTF,6800,3117,45,100715,100760,97598,97643,97598
SRTF,8824,3118,40,79928,79968,76810,76850,76810
SRTF,3051,3119,57,164711,164768,161592,161649,161592
SRTF,4885,3121,35,61583,61618,58462,58497,58462
SRTF,6094,3122,99,490464,490563,487342,487441,487342
SRTF,7211,3123,54,149218,149272,146095,146149,146095
SRTF,376,3124,90,409371,409461,406247,406337,406247
SRTF,1805,3124,14,6523,6537,3399,3413,3399
SRTF,5291,3124,35,61618,61653,58494,58529,58494
SRTF,8539,3126,78,304232,304310,301106,301184,301106
SRTF,6669,3127,96,463726,463822,460599,460695,460599
SRTF,8683,3129,98,482698,482796,479569,479667,479569
SRTF,6465,3129,95,454480,454575,451351,451446,451351
SRTF,4404,3129,75,282310,282385,279181,279256,279181
SRTF,5879,3129,86,372068,372154,368939,369025,368939
SRTF,9263,3130,81,329670,329751,326540,326621,326540
SRTF,9617,3131,49,121520,121569,118389,118438,118389
SRTF,8267,3133,50,125914,125964,122781,122831,122781
SRTF,9181,3133,30,45509,45539,42376,42406,42376
SRTF,2899,3134,81,329751,329832,326617,326698,326617
SRTF,4256,3135,75,282385,282460,279250,279325,279250
SRTF,4308,3136,75,282460,282535,279324,279399,279324
SRTF,2506,3137,58,170557,170615,167420,167478,167420
SRTF,9056,3138,90,409461,409551,406323,406413,406323
SRTF,5307,3138,35,61653,61688,58515,58550,58515
SRTF,2056,3138,53,143197,143250,140059,140112,140059
SRTF,9063,3139,67,227414,227481,224275,224342,224275
SRTF,5897,3140,76,289318,289394,286178,286254,286178
SRTF,575,3141,49,121569,121618,118428,118477,118428
SRTF,5082,3144,20,21002,21022,17858,17878,17858
SRTF,8463,3144,49,121618,121667,118474,118523,118474
SRTF,1621,3144,19,18746,18765,15602,15621,15602
SRTF,7028,3145,32,52068,52100,48923,48955,48923
SRTF,9889,3146,14,6569,6583,3423,3437,3423
SRTF,422,3147,40,79968,80008,76821,76861,76821
SRTF,8474,3148,7,3159,3166,11,18,11
SRTF,9916,3148,85,362677,362762,359529,359614,359529
SRTF,9376,3148,97,473647,473744,470499,470596,470499
SRTF,9388,3148,12,3218,3230,70,82,70
SRTF,6460,3149,23,27371,27394,24222,24245,24222
SRTF,5685,3150,22,25543,25565,22393,22415,22393
SRTF,6407,3151,35,61688,61723,58537,58572,58537
SRTF,54,3152,72,260327,260399,257175,257247,257175
SRTF,5758,3153,58,170615,170673,167462,167520,167462
SRTF,4270,3155,44,95406,95450,92251,92295,92251
SRTF,1518,3155,48,115445,115493,112290,112338,112290
SRTF,1705,3155,10,3172,3182,17,27,17
SRTF,2862,3155,34,57883,57917,54728,54762,54728
SRTF,3529,3156,71,253340,253411,250184,250255,250184
SRTF,9598,3157,18,16719,16737,13562,13580,13562
SRTF,1282,3157,1,3158,3159,1,2,1
SRTF,144,3157,36,64661,64697,61504,61540,61504
SRTF,5655,3158,91,419038,419129,415880,415971,415880
SRTF,5445,3159,98,482796,482894,479637,479735,479637
SRTF,6266,3159,22,25565,25587,22406,22428,22406
SRTF,8786,3160,29,43017,43046,39857,39886,39857
SRTF,5924,3161,66,220253,220319,217092,217158,217092
SRTF,7374,3161,89,400611,400700,397450,397539,397450
SRTF,3470,3162,82,337870,337952,334708,334790,334708
SRTF,3010,3162,67,227481,227548,224319,224386,224319
SRTF,4039,3163,6,3166,3172,3,9,3
SRTF,4732,3164,53,143250,143303,140086,140139,140086
SRTF,5166,3164,29,43046,43075,39882,39911,39882
SRTF,3184,3167,23,27394,27417,24227,24250,24227
SRTF,8398,3167,67,227548,227615,224381,224448,224381
SRTF,3664,3168,38,71990,72028,68822,68860,68822
SRTF,311,3170,37,68407,68444,65237,65274,65237
SRTF,2996,3170,82,337952,338034,334782,334864,334782
SRTF,7243,3170,50,125964,126014,122794,122844,122794
SRTF,245,3170,63,199619,199682,196449,196512,196449
SRTF,3606,3171,98,482894,482992,479723,479821,479723
SRTF,6335,3172,38,72028,72066,68856,68894,68856
SRTF,3274,3173,55,154543,154598,151370,151425,151370
SRTF,1823,3173,56,159304,159360,156131,156187,156131
SRTF,1605,3174,62,193890,193952,190716,190778,190716
SRTF,7586,3174,53,143303,143356,140129,140182,140129
SRTF,5921,3174,51,131546,131597,128372,128423,128372
SRTF,8423,3175,30,45539,45569,42364,42394,42364
SRTF,3104,3175,52,137499,137551,134324,134376,134324
SRTF,4497,3176,15,11380,11395,8204,8219,8204
SRTF,4748,3177,6,3182,3188,5,11,5
SRTF,733,3177,38,72066,72104,68889,68927,68889
SRTF,1009,3177,40,80008,80048,76831,76871,76831
SRTF,4917,3178,34,57917,57951,54739,54773,54739
SRTF,1735,3178,10,3197,3207,19,29,19
SRTF,1939,3179,13,3718,3731,539,552,539
SRTF,7904,3179,76,289394,289470,286215,286291,286215
SRTF,3498,3180,59,176328,176387,173148,173207,173148
SRTF,8785,3182,36,64697,64733,61515,61551,61515
SRTF,8397,3183,40,80048,80088,76865,76905,76865
SRTF,4305,3183,9,3188,3197,5,14,5
SRTF,5637,3183,11,3207,3218,24,35,24
SRTF,8344,3185,57,164768,164825,161583,161640,161583
SRTF,9851,3185,67,227615,227682,224430,224497,224430
SRTF,6821,3185,72,260399,260471,257214,257286,257214
SRTF,1160,3186,41,83910,83951,80724,80765,80724
SRTF,9765,3186,30,45569,45599,42383,42413,42383
SRTF,5954,3188,13,3731,3744,543,556,543
SRTF,7803,3190,64,206580,206644,203390,203454,203390
SRTF,4106,3191,55,154598,154653,151407,151462,151407
SRTF,2176,3191,26,34808,34834,31617,31643,31617
SRTF,6047,3192,46,105881,105927,102689,102735,102689
SRTF,1734,3192,48,115493,115541,112301,112349,112301
SRTF,4846,3195,52,137551,137603,134356,134408,134356
SRTF,8216,3196,97,473744,473841,470548,470645,470548
SRTF,3660,3197,85,362762,362847,359565,359650,359565
SRTF,5404,3197,36,64733,64769,61536,61572,61536
SRTF,5619,3197,57,164825,164882,161628,161685,161628
SRTF,2723,3198,16,13242,13258,10044,10060,10044
SRTF,5724,3199,79,313553,313632,310354,310433,310354
SRTF,4301,3199,32,52100,52132,48901,48933,48901
SRTF,5805,3199,75,282535,282610,279336,279411,279336
SRTF,2571,3200,19,18765,18784,15565,15584,15565
SRTF,8187,3201,73,268867,268940,265666,265739,265666
SRTF,5961,3201,22,25587,25609,22386,22408,22386
SRTF,8332,3201,30,45599,45629,42398,42428,42398
SRTF,7481,3201,83,346760,346843,343559,343642,343559
SRTF,9392,3202,57,164882,164939,161680,161737,161680
SRTF,8319,3203,73,268940,269013,265737,265810,265737
SRTF,6142,3203,30,45629,45659,42426,42456,42426
SRTF,6652,3209,31,48410,48441,45201,45232,45201
SRTF,3015,3211,45,100760,100805,97549,97594,97549
SRTF,3414,3212,16,13258,13274,10046,10062,10046
SRTF,7172,3215,47,110144,110191,106929,106976,106929
SRTF,9611,3215,76,289470,289546,286255,286331,286255
SRTF,8912,3216,90,409551,409641,406335,406425,406335
SRTF,4307,3216,87,382001,382088,378785,378872,378785
SRTF,1708,3216,17,14850,14867,11634,11651,11634
SRTF,4736,3217,17,14867,14884,11650,11667,11650
SRTF,9107,3218,69,240502,240571,237284,237353,237284
SRTF,8931,3219,53,143356,143409,140137,140190,140137
SRTF,3260,3220,83,346843,346926,343623,343706,343623
SRTF,1305,3223,34,57951,57985,54728,54762,54728
SRTF,1560,3224,81,329832,329913,326608,326689,326608
SRTF,1924,3225,86,372154,372240,368929,369015,368929
SRTF,5907,3225,85,362847,362932,359622,359707,359622
SRTF,4176,3226,19,18784,18803,15558,15577,15558
SRTF,3294,3227,77,296191,296268,292964,293041,292964
SRTF,8401,3227,52,137603,137655,134376,134428,134376
SRTF,981,3228,53,143409,143462,140181,140234,140181
SRTF,6037,3228,3,3232,3235,4,7,4
SRTF,7288,3229,15,11395,11410,8166,8181,8166
SRTF,8565,3229,26,34834,34860,31605,31631,31605
SRTF,1819,3230,2,3230,3232,0,2,0
SRTF,9304,3231,87,382088,382175,378857,378944,378857
SRTF,7704,3232,81,329913,329994,326681,326762,326681
SRTF,6237,3235,59,176387,176446,173152,173211,173152
SRTF,9420,3235,41,83951,83992,80716,80757,80716
SRTF,2969,3236,15,11410,11425,8174,8189,8174
SRTF,5955,3237,7,3277,3284,40,47,40
SRTF,7484,3237,54,149272,149326,146035,146089,146035
SRTF,3246,3237,45,100805,100850,97568,97613,97568
SRTF,8206,3238,28,40012,40040,36774,36802,36774
SRTF,1438,3239,5,3248,3253,9,14,9
SRTF,8703,3239,69,240571,240640,237332,237401,237332
SRTF,6130,3240,34,57985,58019,54745,54779,54745
SRTF,8805,3240,42,87873,87915,84633,84675,84633
SRTF,3538,3240,12,3311,3323,71,83,71
SRTF,8101,3241,59,176446,176505,173205,173264,173205
SRTF,1323,3241,59,176505,176564,173264,173323,173264
SRTF,139,3242,52,137655,137707,134413,134465,134413
SRTF,7361,3243,79,313632,313711,310389,310468,310389
SRTF,2896,3243,8,3284,3292,41,49,41
SRTF,5271,3243,6,3253,3259,10,16,10
SRTF,9328,3244,48,115541,115589,112297,112345,112297
SRTF,4773,3246,6,3263,3269,17,23,17
SRTF,8234,3247,46,105927,105973,102680,102726,102680
SRTF,1776,3249,11,3300,3311,51,62,51
SRTF,6634,3250,88,391692,391780,388442,388530,388442
SRTF,3512,3252,24,29962,29986,26710,26734,26710
SRTF,3286,3253,30,45659,45689,42406,42436,42406
SRTF,7440,3253,96,463822,463918,460569,460665,460569
SRTF,4210,3255,70,246937,247007,243682,243752,243682
SRTF,7189,3257,6,3269,3275,12,18,12
SRTF,6236,3257,90,409641,409731,406384,406474,406384
SRTF,3825,3258,16,13274,13290,10016,10032,10016
SRTF,8838,3258,20,21022,21042,17764,17784,17764
SRTF,4361,3258,52,137707,137759,134449,134501,134449
SRTF,8174,3258,79,313711,313790,310453,310532,310453
SRTF,6773,3258,4,3259,3263,1,5,1
SRTF,2892,3259,69,240640,240709,237381,237450,237381
SRTF,3291,3259,31,48441,48472,45182,45213,45182
SRTF,6964,3259,68,234557,234625,231298,231366,231298
SRTF,5351,3261,32,52132,52164,48871,48903,48871
SRTF,4164,3262,41,83992,84033,80730,80771,80730
SRTF,8258,3262,44,95450,95494,92188,92232,92188
SRTF,4362,3262,36,64769,64805,61507,61543,61507
SRTF,8095,3264,34,58019,58053,54755,54789,54755
SRTF,764,3266,25,32370,32395,29104,29129,29104
SRTF,2909,3267,72,260471,260543,257204,257276,257204
SRTF,2041,3267,45,100850,100895,97583,97628,97583
SRTF,481,3267,18,16737,16755,13470,13488,13470
SRTF,9380,3271,15,11425,11440,8154,8169,8154
SRTF,2206,3271,77,296268,296345,292997,293074,292997
SRTF,8355,3272,2,3275,3277,3,5,3
SRTF,1931,3273,54,149326,149380,146053,146107,146053
SRTF,8049,3273,66,220319,220385,217046,217112,217046
SRTF,3556,3273,73,269013,269086,265740,265813,265740
SRTF,2915,3273,80,322678,322758,319405,319485,319405
SRTF,3327,3276,49,121667,121716,118391,118440,118391
SRTF,6071,3276,97,473841,473938,470565,470662,470565
SRTF,3650,3277,85,362932,363017,359655,359740,359655
SRTF,4067,3278,29,43075,43104,39797,39826,39797
SRTF,3847,3278,41,84033,84074,80755,80796,80755
SRTF,7224,3281,67,227682,227749,224401,224468,224401
SRTF,8142,3284,26,34860,34886,31576,31602,31576
SRTF,9319,3285,18,16755,16773,13470,13488,13470
SRTF,7556,3285,74,275252,275326,271967,272041,271967
SRTF,2443,3291,3,3292,3295,1,4,1
SRTF,1808,3291,47,110191,110238,106900,106947,106900
SRTF,7949,3291,5,3295,3300,4,9,4
SRTF,2361,3292,13,3789,3802,497,510,497
SRTF,2122,3292,48,115589,115637,112297,112345,112297
SRTF,7651,3293,91,419129,419220,415836,415927,415836
SRTF,1293,3294,85,363017,363102,359723,359808,359723
SRTF,4247,3294,42,87915,87957,84621,84663,84621
SRTF,5438,3296,49,121716,121765,118420,118469,118420
SRTF,1111,3300,75,282610,282685,279310,279385,279310
SRTF,2305,3300,93,437308,437401,434008,434101,434008
SRTF,8117,3301,19,18803,18822,15502,15521,15502
SRTF,2126,3302,78,304310,304388,301008,301086,301008
SRTF,4458,3303,84,354418,354502,351115,351199,351115
SRTF,169,3304,71,253411,253482,250107,250178,250107
SRTF,9542,3305,73,269086,269159,265781,265854,265781
SRTF,4016,3306,46,105973,106019,102667,102713,102667
SRTF,7745,3306,38,72104,72142,68798,68836,68798
SRTF,4452,3308,77,296345,296422,293037,293114,293037
SRTF,7577,3308,76,289546,289622,286238,286314,286238
SRTF,6128,3309,79,313790,313869,310481,310560,310481
SRTF,1110,3310,59,176564,176623,173254,173313,173254
SRTF,2823,3311,64,206644,206708,203333,203397,203333
SRTF,3363,3313,76,289622,289698,286309,286385,286309
SRTF,6427,3317,76,289698,289774,286381,286457,286381
SRTF,4309,3318,49,121765,121814,118447,118496,118447
SRTF,3449,3318,21,23184,23205,19866,19887,19866
SRTF,9176,3319,99,490563,490662,487244,487343,487244
SRTF,6882,3320,8,3323,3331,3,11,3
SRTF,2827,3321,17,14884,14901,11563,11580,11563
SRTF,8184,3324,22,25609,25631,22285,22307,22285
SRTF,651,3324,82,338034,338116,334710,334792,334710
SRTF,6259,3326,41,84074,84115,80748,80789,80748
SRTF,3432,3326,17,14901,14918,11575,11592,11575
SRTF,320,3327,14,6583,6597,3256,3270,3256
SRTF,4242,3327,57,164939,164996,161612,161669,161612
SRTF,7652,3329,60,182321,182381,178992,179052,178992
SRTF,621,3330,53,143462,143515,140132,140185,140132
SRTF,2422,3331,72,260543,260615,257212,257284,257212
SRTF,5532,3332,91,419220,419311,415888,415979,415888
SRTF,1097,3335,63,199682,199745,196347,196410,196347
SRTF,5553,3339,27,37389,37416,34050,34077,34050
SRTF,5369,3340,58,170673,170731,167333,167391,167333
SRTF,4056,3340,75,282685,282760,279345,279420,279345
SRTF,6112,3342,11,3344,3355,2,13,2
SRTF,1512,3342,46,106019,106065,102677,102723,102677
SRTF,4420,3343,21,23205,23226,19862,19883,19862
SRTF,416,3343,77,296422,296499,293079,293156,293079
SRTF,811,3345,43,91636,91679,88291,88334,88291
SRTF,7493,3345,79,313869,313948,310524,310603,310524
SRTF,5115,3346,98,482992,483090,479646,479744,479646
SRTF,8472,3346,26,34886,34912,31540,31566,31540
SRTF,8349,3347,48,115637,115685,112290,112338,112290
SRTF,2617,3348,14,6672,6686,3324,3338,3324
SRTF,8329,3349,92,428078,428170,424729,424821,424729
SRTF,4533,3354,19,18822,18841,15468,15487,15468
SRTF,289,3354,14,6827,6841,3473,3487,3473
SRTF,1507,3356,60,182381,182441,179025,179085,179025
SRTF,4425,3357,47,110238,110285,106881,106928,106881
SRTF,4517,3358,9,3368,3377,10,19,10
SRTF,9377,3359,45,100895,100940,97536,97581,97536
SRTF,4496,3359,15,11440,11455,8081,8096,8081
SRTF,3926,3360,36,64805,64841,61445,61481,61445
SRTF,2905,3361,72,260615,260687,257254,257326,257254
SRTF,8152,3363,90,409731,409821,406368,406458,406368
SRTF,3091,3363,16,13290,13306,9927,9943,9927
SRTF,6110,3364,69,240709,240778,237345,237414,237345
SRTF,5305,3365,95,454575,454670,451210,451305,451210
SRTF,9639,3367,73,269159,269232,265792,265865,265792
SRTF,9452,3367,25,32395,32420,29028,29053,29028
SRTF,6469,3367,72,260687,260759,257320,257392,257320
SRTF,1015,3368,71,253482,253553,250114,250185,250114
SRTF,7791,3370,54,149380,149434,146010,146064,146010
SRTF,471,3373,59,176623,176682,173250,173309,173250
SRTF,4297,3373,85,363102,363187,359729,359814,359729
SRTF,3232,3374,44,95494,95538,92120,92164,92120
SRTF,1997,3374,40,80088,80128,76714,76754,76714
SRTF,8492,3374,88,391780,391868,388406,388494,388406
SRTF,1716,3374,50,126014,126064,122640,122690,122640
SRTF,713,3374,46,106065,106111,102691,102737,102691
SRTF,615,3376,15,11455,11470,8079,8094,8079
SRTF,8338,3377,50,126064,126114,122687,122737,122687
SRTF,9962,3378,92,428170,428262,424792,424884,424792
SRTF,8760,3380,93,437401,437494,434021,434114,434021
SRTF,1546,3380,37,68444,68481,65064,65101,65064
SRTF,6245,3381,4,3393,3397,12,16,12
SRTF,6608,3382,63,199745,199808,196363,196426,196363
SRTF,7966,3384,72,260759,260831,257375,257447,257375
SRTF,2427,3384,6,3397,3403,13,19,13
SRTF,6767,3385,23,27417,27440,24032,24055,24032
SRTF,7869,3385,42,87957,87999,84572,84614,84572
SRTF,20,3385,19,18841,18860,15456,15475,15456
SRTF,5586,3389,9,3404,3413,15,24,15
SRTF,1628,3389,13,3859,3872,470,483,470
SRTF,2369,3390,3,3390,3393,0,3,0
SRTF,919,3391,83,346926,347009,343535,343618,343535
SRTF,8307,3391,19,18860,18879,15469,15488,15469
SRTF,7922,3391,43,91679,91722,88288,88331,88288
SRTF,6568,3392,20,21042,21062,17650,17670,17650
SRTF,321,3394,71,253553,253624,250159,250230,250159
SRTF,9874,3395,63,199808,199871,196413,196476,196413
SRTF,6671,3395,20,21062,21082,17667,17687,17667
SRTF,9910,3397,44,95538,95582,92141,92185,92141
SRTF,5859,3398,13,3873,3886,475,488,475
SRTF,4922,3398,27,37416,37443,34018,34045,34018
SRTF,8638,3399,31,48472,48503,45073,45104,45073
SRTF,7944,3400,29,43104,43133,39704,39733,39704
SRTF,7370,3401,64,206708,206772,203307,203371,203307
SRTF,8343,3401,1,3403,3404,2,3,2
SRTF,7836,3403,10,3426,3436,23,33,23
SRTF,6737,3406,50,126114,126164,122708,122758,122708
SRTF,6559,3406,6,3413,3419,7,13,7
SRTF,8680,3406,96,463918,464014,460512,460608,460512
SRTF,4880,3406,95,454670,454765,451264,451359,451264
SRTF,3995,3406,83,347009,347092,343603,343686,343603
SRTF,6701,3407,41,84115,84156,80708,80749,80708
SRTF,9800,3407,99,490662,490761,487255,487354,487255
SRTF,6371,3407,89,400700,400789,397293,397382,397293
SRTF,3595,3408,42,87999,88041,84591,84633,84591
SRTF,9291,3409,43,91722,91765,88313,88356,88313
SRTF,8065,3412,91,419311,419402,415899,415990,415899
SRTF,8832,3413,75,282760,282835,279347,279422,279347
SRTF,8537,3414,54,149434,149488,146020,146074,146020
SRTF,4182,3414,76,289774,289850,286360,286436,286360
SRTF,2934,3415,50,126164,126214,122749,122799,122749
SRTF,8377,3416,75,282835,282910,279419,279494,279419
SRTF,4389,3416,7,3419,3426,3,10,3
SRTF,1020,3417,33,54748,54781,51331,51364,51331
SRTF,698,3419,87,382175,382262,378756,378843,378756
SRTF,308,3420,52,137759,137811,134339,134391,134339
SRTF,3069,3420,20,21082,21102,17662,17682,17662
SRTF,3417,3423,97,473938,474035,470515,470612,470515
SRTF,9576,3424,55,154653,154708,151229,151284,151229
SRTF,3112,3426,66,220385,220451,216959,217025,216959
SRTF,6019,3426,67,227749,227816,224323,224390,224323
SRTF,1648,3427,19,18879,18898,15452,15471,15452
SRTF,1340,3430,57,164996,165053,161566,161623,161566
SRTF,9667,3430,24,29986,30010,26556,26580,26556
SRTF,7736,3431,87,382262,382349,378831,378918,378831
SRTF,1064,3432,18,16773,16791,13341,13359,13341
SRTF,5590,3432,51,131597,131648,128165,128216,128165
SRTF,1724,3432,56,159360,159416,155928,155984,155928
SRTF,4437,3435,79,313948,314027,310513,310592,310513
SRTF,7480,3435,34,58053,58087,54618,54652,54618
SRTF,286,3436,71,253624,253695,250188,250259,250188
SRTF,4029,3439,2,3449,3451,10,12,10
SRTF,5338,3440,69,240778,240847,237338,237407,237338
SRTF,5808,3440,13,3892,3905,452,465,452
SRTF,505,3440,71,253695,253766,250255,250326,250255
SRTF,6488,3443,97,474035,474132,470592,470689,470592
SRTF,305,3444,24,30010,30034,26566,26590,26566
SRTF,6762,3446,37,68481,68518,65035,65072,65035
SRTF,282,3446,31,48503,48534,45057,45088,45057
SRTF,3548,3450,54,149488,149542,146038,146092,146038
SRTF,1102,3451,87,382349,382436,378898,378985,378898
SRTF,2778,3451,83,347092,347175,343641,343724,343641
SRTF,1135,3452,91,419402,419493,415950,416041,415950
SRTF,3920,3453,92,428262,428354,424809,424901,424809
SRTF,1673,3453,13,3957,3970,504,517,504
SRTF,7416,3454,64,206772,206836,203318,203382,203318
SRTF,7100,3454,60,182441,182501,178987,179047,178987
SRTF,2988,3456,52,137811,137863,134355,134407,134355
SRTF,2207,3456,18,16791,16809,13335,13353,13335
SRTF,7319,3457,43,91765,91808,88308,88351,88308
SRTF,6538,3459,97,474132,474229,470673,470770,470673
SRTF,1105,3462,77,296499,296576,293037,293114,293037
SRTF,5857,3462,24,30034,30058,26572,26596,26572
SRTF,9648,3466,48,115685,115733,112219,112267,112219
SRTF,1718,3466,72,260831,260903,257365,257437,257365
SRTF,2399,3471,10,3477,3487,6,16,6
SRTF,740,3472,11,3487,3498,15,26,15
SRTF,8147,3475,53,143515,143568,140040,140093,140040
SRTF,1019,3476,44,95582,95626,92106,92150,92106
SRTF,9136,3483,37,68518,68555,65035,65072,65035
SRTF,6806,3483,59,176682,176741,173199,173258,173199
SRTF,3351,3483,18,16809,16827,13326,13344,13326
SRTF,6600,3483,39,76195,76234,72712,72751,72712
SRTF,577,3486,41,84156,84197,80670,80711,80670
SRTF,617,3486,68,234625,234693,231139,231207,231139
SRTF,3585,3489,51,131648,131699,128159,128210,128159
SRTF,2332,3489,45,100940,100985,97451,97496,97451
SRTF,3764,3490,59,176741,176800,173251,173310,173251
SRTF,3615,3490,23,27440,27463,23950,23973,23950
SRTF,905,3490,35,61723,61758,58233,58268,58233
SRTF,6413,3491,74,275326,275400,271835,271909,271835
SRTF,2171,3493,94,446643,446737,443150,443244,443150
SRTF,5243,3494,1,3498,3499,4,5,4
SRTF,1585,3496,81,329994,330075,326498,326579,326498
SRTF,5328,3496,70,247007,247077,243511,243581,243511
SRTF,6498,3497,24,30058,30082,26561,26585,26561
SRTF,8983,3499,60,182501,182561,179002,179062,179002
SRTF,2888,3500,97,474229,474326,470729,470826,470729
SRTF,4139,3504,9,3521,3530,17,26,17
SRTF,5988,3504,23,27463,27486,23959,23982,23959
SRTF,4196,3505,58,170731,170789,167226,167284,167226
SRTF,425,3506,28,40040,40068,36534,36562,36534
SRTF,1035,3507,54,149542,149596,146035,146089,146035
SRTF,5763,3510,1,3512,3513,2,3,2
SRTF,194,3510,11,3530,3541,20,31,20
SRTF,5383,3510,8,3513,3521,3,11,3
SRTF,1333,3511,92,428354,428446,424843,424935,424843
SRTF,5092,3512,62,193952,194014,190440,190502,190440
SRTF,7451,3513,53,143568,143621,140055,140108,140055
SRTF,9882,3514,77,296576,296653,293062,293139,293062
SRTF,7835,3515,12,3541,3553,26,38,26
SRTF,4055,3516,75,282910,282985,279394,279469,279394
SRTF,2742,3516,80,322758,322838,319242,319322,319242
SRTF,6468,3516,22,25631,25653,22115,22137,22115
SRTF,854,3517,79,314027,314106,310510,310589,310510
SRTF,6152,3518,46,106111,106157,102593,102639,102593
SRTF,9105,3520,33,54781,54814,51261,51294,51261
SRTF,4152,3521,86,372240,372326,368719,368805,368719
SRTF,9429,3523,36,64841,64877,61318,61354,61318
SRTF,7947,3523,90,409821,409911,406298,406388,406298
SRTF,2562,3525,67,227816,227883,224291,224358,224291
SRTF,912,3530,64,206836,206900,203306,203370,203306
SRTF,1893,3530,71,253766,253837,250236,250307,250236
SRTF,8326,3531,13,3972,3985,441,454,441
SRTF,1003,3531,72,260903,260975,257372,257444,257372
SRTF,5437,3534,14,6892,6906,3358,3372,3358
SRTF,8695,3534,33,54814,54847,51280,51313,51280
SRTF,6760,3535,24,30082,30106,26547,26571,26547
SRTF,3040,3536,78,304388,304466,300852,300930,300852
SRTF,2284,3537,38,72142,72180,68605,68643,68605
SRTF,6599,3539,19,18898,18917,15359,15378,15359
SRTF,4171,3539,75,282985,283060,279446,279521,279446
SRTF,9470,3540,48,115733,115781,112193,112241,112193
SRTF,8278,3541,21,23226,23247,19685,19706,19685
SRTF,9368,3542,36,64877,64913,61335,61371,61335
SRTF,7344,3543,19,18917,18936,15374,15393,15374
SRTF,7821,3548,90,409911,410001,406363,406453,406363
SRTF,6920,3549,94,446737,446831,443188,443282,443188
SRTF,1246,3549,85,363187,363272,359638,359723,359638
SRTF,3561,3551,3,3553,3556,2,5,2
SRTF,7666,3551,54,149596,149650,146045,146099,146045
SRTF,3928,3552,3,3556,3559,4,7,4
SRTF,1827,3553,9,3564,3573,11,20,11
SRTF,5490,3553,74,275400,275474,271847,271921,271847
SRTF,9252,3553,47,110285,110332,106732,106779,106732
SRTF,7500,3554,99,490761,490860,487207,487306,487207
SRTF,3722,3554,32,52164,52196,48610,48642,48610
SRTF,6471,3555,96,464014,464110,460459,460555,460459
SRTF,38,3556,12,3600,3612,44,56,44
SRTF,6659,3557,56,159416,159472,155859,155915,155859
SRTF,6633,3557,24,30106,30130,26549,26573,26549
SRTF,4391,3558,72,260975,261047,257417,257489,257417
SRTF,4703,3558,5,3559,3564,1,6,1
SRTF,5427,3560,41,84197,84238,80637,80678,80637
SRTF,3674,3560,37,68555,68592,64995,65032,64995
SRTF,9222,3561,87,382436,382523,378875,378962,378875
SRTF,4782,3561,77,296653,296730,293092,293169,293092
SRTF,1300,3561,37,68592,68629,65031,65068,65031
SRTF,99,3561,15,11470,11485,7909,7924,7909
SRTF,9322,3563,51,131699,131750,128136,128187,128136
SRTF,1372,3564,9,3577,3586,13,22,13
SRTF,5939,3565,61,187259,187320,183694,183755,183694
SRTF,6824,3566,21,23247,23268,19681,19702,19681
SRTF,8687,3567,95,454765,454860,451198,451293,451198
SRTF,5318,3567,72,261047,261119,257480,257552,257480
SRTF,1739,3568,4,3573,3577,5,9,5
SRTF,5683,3569,90,410001,410091,406432,406522,406432
SRTF,5151,3569,15,11485,11500,7916,7931,7916
SRTF,1055,3572,77,296730,296807,293158,293235,293158
SRTF,9654,3573,41,84238,84279,80665,80706,80665
SRTF,9515,3574,96,464110,464206,460536,460632,460536
SRTF,8796,3574,31,48534,48565,44960,44991,44960
SRTF,9175,3574,9,3589,3598,15,24,15
SRTF,4708,3575,84,354502,354586,350927,351011,350927
SRTF,743,3579,77,296807,296884,293228,293305,293228
SRTF,4647,3580,45,100985,101030,97405,97450,97405
SRTF,175,3581,74,275474,275548,271893,271967,271893
SRTF,7981,3581,68,234693,234761,231112,231180,231112
SRTF,3430,3583,12,3633,3645,50,62,50
SRTF,618,3584,27,37443,37470,33859,33886,33859
SRTF,2362,3586,3,3586,3589,0,3,0
SRTF,8464,3587,21,23268,23289,19681,19702,19681
SRTF,6660,3587,50,126214,126264,122627,122677,122627
SRTF,5175,3590,51,131750,131801,128160,128211,128160
SRTF,1691,3591,29,43133,43162,39542,39571,39542
SRTF,9385,3593,23,27486,27509,23893,23916,23893
SRTF,1142,3594,78,304466,304544,300872,300950,300872
SRTF,828,3596,40,80128,80168,76532,76572,76532
SRTF,1531,3598,2,3598,3600,0,2,0
SRTF,1048,3600,76,289850,289926,286250,286326,286250
SRTF,7975,3602,38,72180,72218,68578,68616,68578
SRTF,2588,3604,16,13306,13322,9702,9718,9702
SRTF,5818,3605,30,45689,45719,42084,42114,42084
SRTF,3868,3606,78,304544,304622,300938,301016,300938
SRTF,3507,3607,11,3612,3623,5,16,5
SRTF,3215,3607,44,95626,95670,92019,92063,92019
SRTF,1539,3610,45,101030,101075,97420,97465,97420
SRTF,1883,3610,91,419493,419584,415883,415974,415883
SRTF,1979,3610,48,115781,115829,112171,112219,112171
SRTF,4036,3612,99,490860,490959,487248,487347,487248
SRTF,9759,3612,63,199871,199934,196259,196322,196259
SRTF,8945,3614,28,40068,40096,36454,36482,36454
SRTF,6931,3618,60,182561,182621,178943,179003,178943
SRTF,5160,3618,10,3623,3633,5,15,5
SRTF,3427,3619,29,43162,43191,39543,39572,39543
SRTF,7802,3620,38,72218,72256,68598,68636,68598
SRTF,8412,3621,34,58087,58121,54466,54500,54466
SRTF,8578,3621,29,43191,43220,39570,39599,39570
SRTF,7734,3622,52,137863,137915,134241,134293,134241
SRTF,5207,3622,45,101075,101120,97453,97498,97453
SRTF,5656,3624,29,43220,43249,39596,39625,39596
SRTF,6521,3625,52,137915,137967,134290,134342,134290
SRTF,6476,3626,19,18936,18955,15310,15329,15310
SRTF,606,3627,44,95670,95714,92043,92087,92043
SRTF,148,3627,48,115829,115877,112202,112250,112202
SRTF,2818,3628,48,115877,115925,112249,112297,112249
SRTF,5021,3629,40,80168,80208,76539,76579,76539
SRTF,1196,3629,38,72256,72294,68627,68665,68627
SRTF,2817,3629,19,18955,18974,15326,15345,15326
SRTF,9331,3629,76,289926,290002,286297,286373,286297
SRTF,3014,3630,81,330075,330156,326445,326526,326445
SRTF,3918,3630,12,3645,3657,15,27,15
SRTF,2181,3631,15,11500,11515,7869,7884,7869
SRTF,9994,3631,60,182621,182681,178990,179050,178990
SRTF,8194,3632,70,247077,247147,243445,243515,243445
SRTF,1550,3633,18,16827,16845,13194,13212,13194
SRTF,6778,3636,83,347175,347258,343539,343622,343539
SRTF,685,3636,26,34912,34938,31276,31302,31276
SRTF,534,3636,17,14918,14935,11282,11299,11282
SRTF,5144,3637,71,253837,253908,250200,250271,250200
SRTF,3073,3637,50,126264,126314,122627,122677,122627
SRTF,3437,3638,21,23289,23310,19651,19672,19651
SRTF,1646,3638,36,64913,64949,61275,61311,61275
SRTF,1257,3640,30,45719,45749,42079,42109,42079
SRTF,3828,3641,92,428446,428538,424805,424897,424805
SRTF,7752,3641,15,11515,11530,7874,7889,7874
SRTF,8980,3641,31,48565,48596,44924,44955,44924
SRTF,6936,3642,99,490959,491058,487317,487416,487317
SRTF,3406,3642,33,54847,54880,51205,51238,51205
SRTF,789,3644,28,40096,40124,36452,36480,36452
SRTF,8942,3644,48,115925,115973,112281,112329,112281
SRTF,3372,3644,94,446831,446925,443187,443281,443187
SRTF,3844,3644,86,372326,372412,368682,368768,368682
SRTF,5916,3644,66,220451,220517,216807,216873,216807
SRTF,6466,3645,21,23310,23331,19665,19686,19665
SRTF,3956,3645,65,213333,213398,209688,209753,209688
SRTF,4051,3645,64,206900,206964,203255,203319,203255
SRTF,2504,3648,44,95714,95758,92066,92110,92066
SRTF,7799,3650,14,6930,6944,3280,3294,3280
SRTF,8673,3653,38,72294,72332,68641,68679,68641
SRTF,1896,3654,80,322838,322918,319184,319264,319184
SRTF,3113,3655,73,269232,269305,265577,265650,265577
SRTF,5605,3655,48,115973,116021,112318,112366,112318
SRTF,6260,3659,23,27509,27532,23850,23873,23850
SRTF,9486,3659,64,206964,207028,203305,203369,203305
SRTF,9858,3659,44,95758,95802,92099,92143,92099
SRTF,6062,3661,99,491058,491157,487397,487496,487397
SRTF,5691,3662,18,16845,16863,13183,13201,13183
SRTF,9256,3663,90,410091,410181,406428,406518,406428
SRTF,3638,3663,70,247147,247217,243484,243554,243484
SRTF,3584,3664,97,474326,474423,470662,470759,470662
SRTF,1655,3665,41,84279,84320,80614,80655,80614
SRTF,6344,3666,14,6950,6964,3284,3298,3284
SRTF,3421,3667,3,3670,3673,3,6,3
SRTF,9427,3670,83,347258,347341,343588,343671,343588
SRTF,6910,3670,17,14935,14952,11265,11282,11265
SRTF,2478,3670,9,3680,3689,10,19,10
SRTF,8088,3671,66,220517,220583,216846,216912,216846
SRTF,4546,3672,69,240847,240916,237175,237244,237175
SRTF,414,3672,80,322918,322998,319246,319326,319246
SRTF,5946,3672,7,3673,3680,1,8,1
SRTF,6885,3673,24,30130,30154,26457,26481,26457
SRTF,3463,3674,34,58121,58155,54447,54481,54447
SRTF,2676,3674,16,13322,13338,9648,9664,9648
SRTF,1115,3675,95,454860,454955,451185,451280,451185
SRTF,9865,3675,92,428538,428630,424863,424955,424863
SRTF,7234,3675,23,27532,27555,23857,23880,23857
SRTF,5538,3676,63,199934,199997,196258,196321,196258
SRTF,3769,3676,58,170789,170847,167113,167171,167113
SRTF,1545,3676,49,121814,121863,118138,118187,118138
SRTF,8619,3677,9,3689,3698,12,21,12
SRTF,7298,3677,53,143621,143674,139944,139997,139944
SRTF,6355,3681,57,165053,165110,161372,161429,161372
SRTF,1929,3683,76,290002,290078,286319,286395,286319
SRTF,9348,3683,52,137967,138019,134284,134336,134284
SRTF,8579,3683,72,261119,261191,257436,257508,257436
SRTF,951,3687,17,14952,14969,11265,11282,11265
SRTF,3900,3687,13,4105,4118,418,431,418
SRTF,8590,3688,31,48596,48627,44908,44939,44908
SRTF,9601,3688,86,372412,372498,368724,368810,368724
SRTF,7479,3690,31,48627,48658,44937,44968,44937
SRTF,2576,3690,44,95802,95846,92112,92156,92112
SRTF,1134,3695,34,58155,58189,54460,54494,54460
SRTF,9202,3695,51,131801,131852,128106,128157,128106
SRTF,3462,3696,59,176800,176859,173104,173163,173104
SRTF,179,3696,74,275548,275622,271852,271926,271852
SRTF,7994,3696,90,410181,410271,406485,406575,406485
SRTF,7127,3697,52,138019,138071,134322,134374,134322
SRTF,3475,3699,20,21102,21122,17403,17423,17403
SRTF,2925,3699,54,149650,149704,145951,146005,145951
SRTF,3961,3700,88,391868,391956,388168,388256,388168
SRTF,1067,3701,42,88041,88083,84340,84382,84340
SRTF,6024,3701,7,3711,3718,10,17,10
SRTF,3140,3701,89,400789,400878,397088,397177,397088
SRTF,589,3709,76,290078,290154,286369,286445,286369
SRTF,3309,3709,67,227883,227950,224174,224241,224174
SRTF,2598,3711,63,199997,200060,196286,196349,196286
SRTF,1833,3712,96,464206,464302,460494,460590,460494
SRTF,1976,3713,84,354586,354670,350873,350957,350873
SRTF,1687,3714,91,419584,419675,415870,415961,415870
SRTF,5211,3715,50,126314,126364,122599,122649,122599
SRTF,4181,3716,17,14969,14986,11253,11270,11253
SRTF,2136,3716,44,95846,95890,92130,92174,92130
SRTF,9637,3718,20,21122,21142,17404,17424,17404
SRTF,3315,3718,41,84320,84361,80602,80643,80602
SRTF,7747,3718,54,149704,149758,145986,146040,145986
SRTF,982,3719,99,491157,491256,487438,487537,487438
SRTF,1799,3719,91,419675,419766,415956,416047,415956
SRTF,2005,3719,25,32420,32445,28701,28726,28701
SRTF,3989,3719,84,354670,354754,350951,351035,350951
SRTF,634,3719,75,283060,283135,279341,279416,279341
SRTF,7030,3720,27,37470,37497,33750,33777,33750
SRTF,5966,3720,67,227950,228017,224230,224297,224230
SRTF,3560,3722,54,149758,149812,146036,146090,146036
SRTF,8303,3722,95,454955,455050,451233,451328,451233
SRTF,4749,3722,28,40124,40152,36402,36430,36402
SRTF,6126,3723,66,220583,220649,216860,216926,216860
SRTF,9818,3724,26,34938,34964,31214,31240,31214
SRTF,2027,3725,22,25653,25675,21928,21950,21928
SRTF,1840,3726,90,410271,410361,406545,406635,406545
SRTF,7856,3727,19,18974,18993,15247,15266,15247
SRTF,6840,3727,87,382523,382610,378796,378883,378796
SRTF,2309,3727,97,474423,474520,470696,470793,470696
SRTF,5435,3729,51,131852,131903,128123,128174,128123
SRTF,3008,3730,23,27555,27578,23825,23848,23825
SRTF,3642,3731,28,40152,40180,36421,36449,36421
SRTF,6169,3732,22,25675,25697,21943,21965,21943
SRTF,6291,3734,7,3744,3751,10,17,10
SRTF,7256,3735,28,40180,40208,36445,36473,36445
SRTF,3080,3735,39,76234,76273,72499,72538,72499
SRTF,855,3735,86,372498,372584,368763,368849,368763
SRTF,2772,3736,74,275622,275696,271886,271960,271886
SRTF,7175,3737,23,27578,27601,23841,23864,23841
SRTF,1446,3738,10,3751,3761,13,23,13
SRTF,2757,3740,68,234761,234829,231021,231089,231021
SRTF,7988,3740,85,363272,363357,359532,359617,359532
SRTF,9003,3741,12,3777,3789,36,48,36
SRTF,1457,3741,28,40208,40236,36467,36495,36467
SRTF,2830,3741,70,247217,247287,243476,243546,243476
SRTF,3453,3743,51,131903,131954,128160,128211,128160
SRTF,2841,3744,96,464302,464398,460558,460654,460558
SRTF,5077,3744,64,207028,207092,203284,203348,203284
SRTF,889,3744,72,261191,261263,257447,257519,257447
SRTF,8863,3747,38,72332,72370,68585,68623,68585
SRTF,2242,3747,39,76273,76312,72526,72565,72526
SRTF,3103,3747,49,121863,121912,118116,118165,118116
SRTF,3273,3748,79,314106,314185,310358,310437,310358
SRTF,4889,3748,53,143674,143727,139926,139979,139926
SRTF,164,3748,74,275696,275770,271948,272022,271948
SRTF,4097,3748,52,138071,138123,134323,134375,134323
SRTF,6850,3749,54,149812,149866,146063,146117,146063
SRTF,2509,3750,50,126364,126414,122614,122664,122614
SRTF,9708,3751,90,410361,410451,406610,406700,406610
SRTF,2292,3754,88,391956,392044,388202,388290,388202
SRTF,8774,3756,58,170847,170905,167091,167149,167091
SRTF,985,3756,5,3761,3766,5,10,5
SRTF,9108,3757,83,347341,347424,343584,343667,343584
SRTF,8446,3758,21,23331,23352,19573,19594,19573
SRTF,4634,3758,16,13338,13354,9580,9596,9580
SRTF,7705,3758,52,138123,138175,134365,134417,134365
SRTF,4109,3759,99,491256,491355,487497,487596,487497
SRTF,2834,3760,24,30154,30178,26394,26418,26394
SRTF,1342,3760,68,234829,234897,231069,231137,231069
SRTF,1588,3762,9,3766,3775,4,13,4
SRTF,170,3763,54,149866,149920,146103,146157,146103
SRTF,3981,3764,24,30178,30202,26414,26438,26414
SRTF,3347,3764,65,213398,213463,209634,209699,209634
SRTF,3684,3765,63,200060,200123,196295,196358,196295
SRTF,506,3766,72,261263,261335,257497,257569,257497
SRTF,7207,3766,45,101120,101165,97354,97399,97354
SRTF,6014,3767,37,68629,68666,64862,64899,64862
SRTF,8071,3768,84,354754,354838,350986,351070,350986
SRTF,5813,3768,19,18993,19012,15225,15244,15225
SRTF,366,3769,40,80208,80248,76439,76479,76439
SRTF,9133,3770,37,68666,68703,64896,64933,64896
SRTF,7870,3770,66,220649,220715,216879,216945,216879
SRTF,8761,3770,53,143727,143780,139957,140010,139957
SRTF,7511,3771,32,52196,52228,48425,48457,48425
SRTF,9447,3772,77,296884,296961,293112,293189,293112
SRTF,9258,3773,81,330156,330237,326383,326464,326383
SRTF,640,3775,2,3775,3777,0,2,0
SRTF,8934,3775,31,48658,48689,44883,44914,44883
SRTF,5713,3775,84,354838,354922,351063,351147,351063
SRTF,7990,3777,85,363357,363442,359580,359665,359580
SRTF,1521,3778,18,16863,16881,13085,13103,13085
SRTF,5786,3779,91,419766,419857,415987,416078,415987
SRTF,7441,3782,21,23352,23373,19570,19591,19570
SRTF,6020,3783,30,45749,45779,41966,41996,41966
SRTF,4582,3783,16,13354,13370,9571,9587,9571
SRTF,9516,3785,74,275770,275844,271985,272059,271985
SRTF,3476,3786,77,296961,297038,293175,293252,293175
SRTF,5384,3786,80,322998,323078,319212,319292,319212
SRTF,6951,3787,37,68703,68740,64916,64953,64916
SRTF,1574,3788,15,11530,11545,7742,7757,7742
SRTF,5016,3789,15,11545,11560,7756,7771,7756
SRTF,8585,3790,62,194014,194076,190224,190286,190224
SRTF,5904,3791,68,234897,234965,231106,231174,231106
SRTF,4447,3791,83,347424,347507,343633,343716,343633
SRTF,4032,3792,5,3804,3809,12,17,12
SRTF,4795,3792,71,253908,253979,250116,250187,250116
SRTF,7570,3793,75,283135,283210,279342,279417,279342
SRTF,5606,3793,83,347507,347590,343714,343797,343714
SRTF,3212,3796,44,95890,95934,92094,92138,92094
SRTF,1016,3797,27,37497,37524,33700,33727,33700
SRTF,5638,3797,2,3802,3804,5,7,5
SRTF,6978,3799,32,52228,52260,48429,48461,48429
SRTF,4069,3801,73,269305,269378,265504,265577,265504
SRTF,3042,3802,28,40236,40264,36434,36462,36434
SRTF,3708,3802,95,455050,455145,451248,451343,451248
SRTF,7573,3803,64,207092,207156,203289,203353,203289
SRTF,4252,3805,5,3811,3816,6,11,6
SRTF,4611,3806,2,3809,3811,3,5,3
SRTF,2966,3807,60,182681,182741,178874,178934,178874
SRTF,8000,3808,48,116021,116069,112213,112261,112213
SRTF,2846,3808,83,347590,347673,343782,343865,343782
SRTF,4976,3809,10,3849,3859,40,50,40
SRTF,8959,3810,89,400878,400967,397068,397157,397068
SRTF,1327,3810,99,491355,491454,487545,487644,487545
SRTF,3550,3811,41,84361,84402,80550,80591,80550
SRTF,8972,3811,78,304622,304700,300811,300889,300811
SRTF,846,3812,86,372584,372670,368772,368858,368772
SRTF,1707,3814,80,323078,323158,319264,319344,319264
SRTF,6874,3815,9,3828,3837,13,22,13
SRTF,6395,3815,63,200123,200186,196308,196371,196308
SRTF,9223,3816,5,3816,3821,0,5,0
SRTF,3973,3816,5,3821,3826,5,10,5
SRTF,9929,3818,65,213463,213528,209645,209710,209645
SRTF,750,3818,37,68740,68777,64922,64959,64922
SRTF,6286,3823,2,3826,3828,3,5,3
SRTF,5100,3823,93,437494,437587,433671,433764,433671
SRTF,3456,3824,24,30202,30226,26378,26402,26378
SRTF,3039,3825,66,220715,220781,216890,216956,216890
SRTF,2798,3828,15,11560,11575,7732,7747,7732
SRTF,1818,3828,70,247287,247357,243459,243529,243459
SRTF,5647,3829,46,106157,106203,102328,102374,102328
SRTF,5827,3830,18,16881,16899,13051,13069,13051
SRTF,2649,3830,30,45779,45809,41949,41979,41949
SRTF,2619,3831,72,261335,261407,257504,257576,257504
SRTF,3523,3832,6,3837,3843,5,11,5
SRTF,6682,3832,86,372670,372756,368838,368924,368838
SRTF,2997,3835,23,27601,27624,23766,23789,23766
SRTF,2228,3839,76,290154,290230,286315,286391,286315
SRTF,4142,3839,6,3843,3849,4,10,4
SRTF,113,3840,93,437587,437680,433747,433840,433747
SRTF,6135,3840,42,88083,88125,84243,84285,84243
SRTF,5537,3841,84,354922,355006,351081,351165,351081
SRTF,3276,3841,26,34964,34990,31123,31149,31123
SRTF,60,3843,80,323158,323238,319315,319395,319315
SRTF,7716,3845,72,261407,261479,257562,257634,257562
SRTF,1379,3845,26,34990,35016,31145,31171,31145
SRTF,7648,3845,78,304700,304778,300855,300933,300855
SRTF,8003,3845,75,283210,283285,279365,279440,279365
SRTF,4706,3847,47,110332,110379,106485,106532,106485
SRTF,8478,3849,88,392044,392132,388195,388283,388195
SRTF,3726,3849,38,72370,72408,68521,68559,68521
SRTF,1206,3850,60,182741,182801,178891,178951,178891
SRTF,2104,3850,91,419857,419948,416007,416098,416007
SRTF,5295,3854,62,194076,194138,190222,190284,190222
SRTF,4702,3854,75,283285,283360,279431,279506,279431
SRTF,374,3854,42,88125,88167,84271,84313,84271
SRTF,3574,3854,83,347673,347756,343819,343902,343819
SRTF,4255,3856,61,187320,187381,183464,183525,183464
SRTF,9265,3858,81,330237,330318,326379,326460,326379
SRTF,6743,3861,60,182801,182861,178940,179000,178940
SRTF,5051,3861,85,363442,363527,359581,359666,359581
SRTF,7485,3862,25,32445,32470,28583,28608,28583
SRTF,5348,3862,42,88167,88209,84305,84347,84305
SRTF,330,3863,79,314185,314264,310322,310401,310322
SRTF,7942,3863,36,64949,64985,61086,61122,61086
SRTF,2602,3864,81,330318,330399,326454,326535,326454
SRTF,5029,3866,37,68777,68814,64911,64948,64911
SRTF,3297,3866,53,143780,143833,139914,139967,139914
SRTF,2529,3867,1,3872,3873,5,6,5
SRTF,4951,3867,60,182861,182921,178994,179054,178994
SRTF,7569,3867,87,382610,382697,378743,378830,378743
SRTF,2852,3868,68,234965,235033,231097,231165,231097
SRTF,7469,3870,92,428630,428722,424760,424852,424760
SRTF,4449,3871,44,95934,95978,92063,92107,92063
SRTF,9244,3872,61,187381,187442,183509,183570,183509
SRTF,9018,3872,34,58189,58223,54317,54351,54317
SRTF,8731,3873,46,106203,106249,102330,102376,102330
SRTF,1993,3874,14,8945,8959,5071,5085,5071
SRTF,6222,3874,46,106249,106295,102375,102421,102375
SRTF,4219,3875,20,21142,21162,17267,17287,17267
SRTF,6478,3875,82,338116,338198,334241,334323,334241
SRTF,1006,3876,14,8978,8992,5102,5116,5102
SRTF,7062,3876,47,110379,110426,106503,106550,106503
SRTF,8288,3878,34,58223,58257,54345,54379,54345
SRTF,6720,3880,67,228017,228084,224137,224204,224137
SRTF,4224,3882,19,19012,19031,15130,15149,15130
SRTF,9589,3883,88,392132,392220,388249,388337,388249
SRTF,7834,3883,48,116069,116117,112186,112234,112186
SRTF,6896,3885,82,338198,338280,334313,334395,334313
SRTF,9440,3885,6,3886,3892,1,7,1
SRTF,9031,3888,48,116117,116165,112229,112277,112229
SRTF,39,3890,33,54880,54913,50990,51023,50990
SRTF,9670,3891,52,138175,138227,134284,134336,134284
SRTF,5136,3892,67,228084,228151,224192,224259,224192
SRTF,3963,3893,61,187442,187503,183549,183610,183549
SRTF,3247,3893,65,213528,213593,209635,209700,209635
SRTF,7098,3895,19,19031,19050,15136,15155,15136
SRTF,7995,3896,2,3905,3907,9,11,9
SRTF,2186,3897,65,213593,213658,209696,209761,209696
SRTF,5319,3899,15,11575,11590,7676,7691,7676
SRTF,8950,3900,16,13370,13386,9470,9486,9470
SRTF,774,3900,19,19050,19069,15150,15169,15150
SRTF,3793,3901,9,3907,3916,6,15,6
SRTF,3967,3904,65,213658,213723,209754,209819,209754
SRTF,4624,3904,37,68814,68851,64910,64947,64910
SRTF,3072,3906,60,182921,182981,179015,179075,179015
SRTF,7106,3906,27,37524,37551,33618,33645,33618
SRTF,4692,3907,73,269378,269451,265471,265544,265471
SRTF,6316,3908,17,14986,15003,11078,11095,11078
SRTF,1626,3911,10,3921,3931,10,20,10
SRTF,465,3913,87,382697,382784,378784,378871,378784
SRTF,4338,3915,5,3916,3921,1,6,1
SRTF,9448,3916,19,19069,19088,15153,15172,15153
SRTF,5344,3917,99,491454,491553,487537,487636,487537
SRTF,5887,3918,34,58257,58291,54339,54373,54339
SRTF,2408,3920,50,126414,126464,122494,122544,122494
SRTF,3623,3922,56,159472,159528,155550,155606,155550
SRTF,3292,3923,6,3939,3945,16,22,16
SRTF,8601,3923,97,474520,474617,470597,470694,470597
SRTF,6189,3924,58,170905,170963,166981,167039,166981
SRTF,4466,3924,34,58291,58325,54367,54401,54367
SRTF,668,3925,3,3931,3934,6,9,6
SRTF,2199,3926,85,363527,363612,359601,359686,359601
SRTF,3871,3927,27,37551,37578,33624,33651,33624
SRTF,7857,3928,97,474617,474714,470689,470786,470689
SRTF,3464,3929,75,283360,283435,279431,279506,279431
SRTF,1432,3930,99,491553,491652,487623,487722,487623
SRTF,7042,3932,72,261479,261551,257547,257619,257547
SRTF,4593,3932,65,213723,213788,209791,209856,209791
SRTF,9787,3932,2,3934,3936,2,4,2
SRTF,6739,3932,84,355006,355090,351074,351158,351074
SRTF,8179,3933,22,25697,25719,21764,21786,21764
SRTF,6766,3933,78,304778,304856,300845,300923,300845
SRTF,7160,3935,3,3936,3939,1,4,1
SRTF,3057,3935,31,48689,48720,44754,44785,44754
SRTF,7059,3936,46,106295,106341,102359,102405,102359
SRTF,9898,3937,24,30226,30250,26289,26313,26289
SRTF,4868,3939,14,8992,9006,5053,5067,5053
SRTF,4092,3940,12,3945,3957,5,17,5
SRTF,56,3943,77,297038,297115,293095,293172,293095
SRTF,6711,3945,79,314264,314343,310319,310398,310319
SRTF,3442,3947,85,363612,363697,359665,359750,359665
SRTF,7457,3949,46,106341,106387,102392,102438,102392
SRTF,9455,3951,58,170963,171021,167012,167070,167012
SRTF,3673,3951,57,165110,165167,161159,161216,161159
SRTF,1750,3953,57,165167,165224,161214,161271,161214
SRTF,9833,3954,65,213788,213853,209834,209899,209834
SRTF,5256,3956,14,9457,9471,5501,5515,5501
SRTF,6700,3957,18,16899,16917,12942,12960,12942
SRTF,5125,3957,28,40264,40292,36307,36335,36307
SRTF,2472,3959,17,15003,15020,11044,11061,11044
SRTF,7550,3959,82,338280,338362,334321,334403,334321
SRTF,6706,3959,15,11590,11605,7631,7646,7631
SRTF,2366,3959,96,464398,464494,460439,460535,460439
SRTF,8732,3960,48,116165,116213,112205,112253,112205
SRTF,8971,3960,18,16917,16935,12957,12975,12957
SRTF,4608,3961,63,200186,200249,196225,196288,196225
SRTF,4747,3962,87,382784,382871,378822,378909,378822
SRTF,9899,3963,67,228151,228218,224188,224255,224188
SRTF,3137,3965,36,64985,65021,61020,61056,61020
SRTF,5067,3966,68,235033,235101,231067,231135,231067
SRTF,9608,3967,69,240916,240985,236949,237018,236949
SRTF,2321,3967,66,220781,220847,216814,216880,216814
SRTF,5641,3968,17,15020,15037,11052,11069,11052
SRTF,4401,3968,19,19088,19107,15120,15139,15120
SRTF,8141,3969,85,363697,363782,359728,359813,359728
SRTF,4862,3969,2,3970,3972,1,3,1
SRTF,9799,3970,23,27624,27647,23654,23677,23654
SRTF,4271,3970,14,9578,9592,5608,5622,5608
SRTF,2534,3970,65,213853,213918,209883,209948,209883
SRTF,4549,3970,63,200249,200312,196279,196342,196279
SRTF,1415,3972,29,43249,43278,39277,39306,39277
SRTF,480,3974,44,95978,96022,92004,92048,92004
SRTF,3253,3976,90,410451,410541,406475,406565,406475
SRTF,4989,3977,82,338362,338444,334385,334467,334385
SRTF,4993,3981,59,176859,176918,172878,172937,172878
SRTF,7196,3981,51,131954,132005,127973,128024,127973
SRTF,7496,3981,74,275844,275918,271863,271937,271863
SRTF,4850,3982,85,363782,363867,359800,359885,359800
SRTF,9308,3983,73,269451,269524,265468,265541,265468
SRTF,2250,3983,81,330399,330480,326416,326497,326416
SRTF,2336,3983,60,182981,183041,178998,179058,178998
SRTF,6350,3985,6,3985,3991,0,6,0
SRTF,8128,3985,15,11605,11620,7620,7635,7620
SRTF,7903,3985,54,149920,149974,145935,145989,145935
SRTF,273,3987,57,165224,165281,161237,161294,161237
SRTF,8885,3988,78,304856,304934,300868,300946,300868
SRTF,6728,3990,2,3991,3993,1,3,1
SRTF,6540,3992,91,419948,420039,415956,416047,415956
SRTF,5615,3992,13,4184,4197,192,205,192
SRTF,1273,3993,12,3993,4005,0,12,0
SRTF,7773,3994,56,159528,159584,155534,155590,155534
SRTF,5712,3998,40,80248,80288,76250,76290,76250
SRTF,7295,3998,22,25719,25741,21721,21743,21721
SRTF,1459,3998,99,491652,491751,487654,487753,487654
SRTF,672,4000,45,101165,101210,97165,97210,97165
SRTF,458,4000,58,171021,171079,167021,167079,167021
SRTF,2462,4000,2,4005,4007,5,7,5
SRTF,2904,4000,95,455145,455240,451145,451240,451145
SRTF,9135,4001,8,4030,4038,29,37,29
SRTF,6362,4002,33,54913,54946,50911,50944,50911
SRTF,8100,4005,17,15037,15054,11032,11049,11032
SRTF,4513,4005,20,21162,21182,17157,17177,17157
SRTF,2769,4005,92,428722,428814,424717,424809,424717
SRTF,4602,4006,75,283435,283510,279429,279504,279429
SRTF,7193,4006,7,4007,4014,1,8,1
SRTF,2868,4008,21,23373,23394,19365,19386,19365
SRTF,3978,4008,57,165281,165338,161273,161330,161273
SRTF,9724,4008,78,304934,305012,300926,301004,300926
SRTF,7840,4009,41,84402,84443,80393,80434,80393
SRTF,3431,4009,2,4014,4016,5,7,5
SRTF,2949,4009,45,101210,101255,97201,97246,97201
SRTF,5858,4011,7,4016,4023,5,12,5
SRTF,332,4014,99,491751,491850,487737,487836,487737
SRTF,7044,4016,92,428814,428906,424798,424890,424798
SRTF,9109,4016,42,88209,88251,84193,84235,84193
SRTF,6477,4016,87,382871,382958,378855,378942,378855
SRTF,3778,4017,32,52260,52292,48243,48275,48243
SRTF,9449,4018,62,194138,194200,190120,190182,190120
SRTF,952,4018,47,110426,110473,106408,106455,106408
SRTF,8756,4018,12,4040,4052,22,34,22
SRTF,9812,4019,19,19107,19126,15088,15107,15088
SRTF,9158,4019,75,283510,283585,279491,279566,279491
SRTF,9055,4019,5,4023,4028,4,9,4
SRTF,2891,4020,83,347756,347839,343736,343819,343736
SRTF,1027,4021,67,228218,228285,224197,224264,224197
SRTF,6404,4022,51,132005,132056,127983,128034,127983
SRTF,8524,4023,48,116213,116261,112190,112238,112190
SRTF,9606,4023,65,213918,213983,209895,209960,209895
SRTF,7012,4025,2,4028,4030,3,5,3
SRTF,6483,4025,52,138227,138279,134202,134254,134202
SRTF,3306,4025,96,464494,464590,460469,460565,460469
SRTF,3820,4027,82,338444,338526,334417,334499,334417
SRTF,9905,4027,63,200312,200375,196285,196348,196285
SRTF,949,4033,46,106387,106433,102354,102400,102354
SRTF,1809,4033,33,54946,54979,50913,50946,50913
SRTF,1163,4033,2,4038,4040,5,7,5
SRTF,2838,4033,61,187503,187564,183470,183531,183470
SRTF,7854,4036,28,40292,40320,36256,36284,36256
SRTF,1422,4036,34,58325,58359,54289,54323,54289
SRTF,2018,4037,90,410541,410631,406504,406594,406504
SRTF,5096,4039,71,253979,254050,249940,250011,249940
SRTF,5376,4041,32,52292,52324,48251,48283,48251
SRTF,6802,4042,84,355090,355174,351048,351132,351048
SRTF,5061,4042,2,4052,4054,10,12,10
SRTF,4937,4042,9,4062,4071,20,29,20
SRTF,8369,4047,28,40320,40348,36273,36301,36273
SRTF,7986,4050,43,91808,91851,87758,87801,87758
SRTF,4759,4051,10,4071,4081,20,30,20
SRTF,6508,4052,92,428906,428998,424854,424946,424854
SRTF,9897,4053,8,4054,4062,1,9,1
SRTF,8705,4053,30,45809,45839,41756,41786,41756
SRTF,5044,4054,17,15054,15071,11000,11017,11000
SRTF,7426,4055,92,428998,429090,424943,425035,424943
SRTF,5339,4056,86,372756,372842,368700,368786,368700
SRTF,4574,4059,12,4081,4093,22,34,22
SRTF,7711,4060,12,4093,4105,33,45,33
SRTF,9757,4060,20,21182,21202,17122,17142,17122
SRTF,234,4061,26,35016,35042,30955,30981,30955
SRTF,3302,4063,92,429090,429182,425027,425119,425027
SRTF,6939,4065,73,269524,269597,265459,265532,265459
SRTF,4715,4066,82,338526,338608,334460,334542,334460
SRTF,7032,4067,44,96022,96066,91955,91999,91955
SRTF,3649,4068,75,283585,283660,279517,279592,279517
SRTF,417,4070,54,149974,150028,145904,145958,145904
SRTF,7795,4070,92,429182,429274,425112,425204,425112
SRTF,7305,4071,93,437680,437773,433609,433702,433609
SRTF,3242,4072,13,4454,4467,382,395,382
SRTF,6505,4076,33,54979,55012,50903,50936,50903
SRTF,8544,4076,98,483090,483188,479014,479112,479014
SRTF,6717,4076,36,65021,65057,60945,60981,60945
SRTF,5059,4078,52,138279,138331,134201,134253,134201
SRTF,5930,4078,85,363867,363952,359789,359874,359789
SRTF,497,4079,77,297115,297192,293036,293113,293036
SRTF,2616,4079,21,23394,23415,19315,19336,19315
SRTF,9569,4080,91,420039,420130,415959,416050,415959
SRTF,3537,4082,18,16935,16953,12853,12871,12853
SRTF,2289,4082,50,126464,126514,122382,122432,122382
SRTF,8520,4083,96,464590,464686,460507,460603,460507
SRTF,5084,4085,64,207156,207220,203071,203135,203071
SRTF,8031,4086,75,283660,283735,279574,279649,279574
SRTF,5421,4086,15,11620,11635,7534,7549,7534
SRTF,5310,4086,63,200375,200438,196289,196352,196289
SRTF,5565,4086,86,372842,372928,368756,368842,368756
SRTF,9808,4087,85,363952,364037,359865,359950,359865
SRTF,9272,4088,94,446925,447019,442837,442931,442837
SRTF,2695,4088,16,13386,13402,9298,9314,9298
SRTF,1252,4090,68,235101,235169,231011,231079,231011
SRTF,9188,4091,90,410631,410721,406540,406630,406540
SRTF,9023,4092,86,372928,373014,368836,368922,368836
SRTF,9553,4094,74,275918,275992,271824,271898,271824
SRTF,6734,4095,56,159584,159640,155489,155545,155489
SRTF,9240,4099,45,101255,101300,97156,97201,97156
SRTF,9005,4102,33,55012,55045,50910,50943,50910
SRTF,9367,4102,26,35042,35068,30940,30966,30940
SRTF,5073,4103,87,382958,383045,378855,378942,378855
SRTF,1259,4107,20,21202,21222,17095,17115,17095
SRTF,2049,4107,48,116261,116309,112154,112202,112154
SRTF,469,4107,54,150028,150082,145921,145975,145921
SRTF,8766,4108,48,116309,116357,112201,112249,112201
SRTF,4213,4108,18,16953,16971,12845,12863,12845
SRTF,1642,4109,68,235169,235237,231060,231128,231060
SRTF,8269,4109,41,84443,84484,80334,80375,80334
SRTF,6548,4109,95,455240,455335,451131,451226,451131
SRTF,8957,4112,40,80288,80328,76176,76216,76176
SRTF,9451,4114,10,4129,4139,15,25,15
SRTF,1826,4114,89,400967,401056,396853,396942,396853
SRTF,1524,4116,69,240985,241054,236869,236938,236869
SRTF,3716,4117,9,4118,4127,1,10,1
SRTF,3068,4117,93,437773,437866,433656,433749,433656
SRTF,4630,4117,22,25741,25763,21624,21646,21624
SRTF,9034,4118,31,48720,48751,44602,44633,44602
SRTF,3744,4120,2,4127,4129,7,9,7
SRTF,1204,4124,34,58359,58393,54235,54269,54235
SRTF,4999,4131,58,171079,171137,166948,167006,166948
SRTF,4289,4131,67,228285,228352,224154,224221,224154
SRTF,1413,4133,81,330480,330561,326347,326428,326347
SRTF,7694,4133,99,491850,491949,487717,487816,487717
SRTF,7316,4133,90,410721,410811,406588,406678,406588
SRTF,4285,4134,99,491949,492048,487815,487914,487815
SRTF,7879,4134,29,43278,43307,39144,39173,39144
SRTF,2569,4135,85,364037,364122,359902,359987,359902
SRTF,4333,4135,42,88251,88293,84116,84158,84116
SRTF,8568,4136,81,330561,330642,326425,326506,326425
SRTF,5956,4136,6,4139,4145,3,9,3
SRTF,6449,4137,22,25763,25785,21626,21648,21626
SRTF,3775,4138,77,297192,297269,293054,293131,293054
SRTF,6922,4141,86,373014,373100,368873,368959,368873
SRTF,386,4142,59,176918,176977,172776,172835,172776
SRTF,788,4143,83,347839,347922,343696,343779,343696
SRTF,4343,4143,94,447019,447113,442876,442970,442876
SRTF,6463,4144,25,32470,32495,28326,28351,28326
SRTF,8553,4144,9,4145,4154,1,10,1
SRTF,4267,4145,10,4172,4182,27,37,27
SRTF,1013,4146,71,254050,254121,249904,249975,249904
SRTF,1876,4146,76,290230,290306,286084,286160,286084
SRTF,365,4146,36,65057,65093,60911,60947,60911
SRTF,6447,4150,22,25785,25807,21635,21657,21635
SRTF,9117,4150,59,176977,177036,172827,172886,172827
SRTF,9756,4150,9,4156,4165,6,15,6
SRTF,1214,4150,55,154708,154763,150558,150613,150558
SRTF,5932,4151,92,429274,429366,425123,425215,425123
SRTF,8896,4151,33,55045,55078,50894,50927,50894
SRTF,7738,4151,88,392220,392308,388069,388157,388069
SRTF,3083,4152,38,72408,72446,68256,68294,68256
SRTF,6251,4152,49,121912,121961,117760,117809,117760
SRTF,2963,4154,2,4154,4156,0,2,0
SRTF,4980,4155,92,429366,429458,425211,425303,425211
SRTF,7375,4155,76,290306,290382,286151,286227,286151
SRTF,7049,4157,33,55078,55111,50921,50954,50921
SRTF,6437,4157,98,483188,483286,479031,479129,479031
SRTF,667,4158,28,40348,40376,36190,36218,36190
SRTF,4855,4159,77,297269,297346,293110,293187,293110
SRTF,3603,4160,3,4165,4168,5,8,5
SRTF,6801,4161,79,314343,314422,310182,310261,310182
SRTF,6609,4163,76,290382,290458,286219,286295,286219
SRTF,3787,4164,55,154763,154818,150599,150654,150599
SRTF,745,4164,4,4168,4172,4,8,4
SRTF,1575,4167,51,132056,132107,127889,127940,127889
SRTF,520,4171,33,55111,55144,50940,50973,50940
SRTF,4113,4172,20,21222,21242,17050,17070,17050
SRTF,3617,4173,73,269597,269670,265424,265497,265424
SRTF,5706,4174,32,52324,52356,48150,48182,48150
SRTF,610,4175,21,23415,23436,19240,19261,19240
SRTF,9123,4175,29,43307,43336,39132,39161,39132
SRTF,6486,4175,54,150082,150136,145907,145961,145907
SRTF,3998,4177,60,183041,183101,178864,178924,178864
SRTF,1138,4177,32,52356,52388,48179,48211,48179
SRTF,687,4178,30,45839,45869,41661,41691,41661
SRTF,2696,4178,62,194200,194262,190022,190084,190022
SRTF,7482,4179,20,21242,21262,17063,17083,17063
SRTF,1526,4179,21,23436,23457,19257,19278,19257
SRTF,5423,4180,31,48751,48782,44571,44602,44571
SRTF,9211,4180,2,4182,4184,2,4,2
SRTF,9871,4181,17,15071,15088,10890,10907,10890
SRTF,9507,4182,23,27647,27670,23465,23488,23465
SRTF,4540,4182,15,11635,11650,7453,7468,7453
SRTF,2290,4183,35,61758,61793,57575,57610,57575
SRTF,8937,4183,34,58393,58427,54210,54244,54210
SRTF,9229,4184,21,23457,23478,19273,19294,19273
SRTF,6043,4185,62,194262,194324,190077,190139,190077
SRTF,9418,4185,27,37578,37605,33393,33420,33393
SRTF,582,4186,92,429458,429550,425272,425364,425272
SRTF,3940,4188,80,323238,323318,319050,319130,319050
SRTF,766,4188,64,207220,207284,203032,203096,203032
SRTF,9744,4190,49,121961,122010,117771,117820,117771
SRTF,7033,4195,86,373100,373186,368905,368991,368905
SRTF,3728,4195,8,4197,4205,2,10,2
SRTF,6357,4196,65,213983,214048,209787,209852,209787
SRTF,7310,4196,27,37605,37632,33409,33436,33409
SRTF,1247,4197,9,4213,4222,16,25,16
SRTF,1584,4197,26,35068,35094,30871,30897,30871
SRTF,4711,4198,5,4205,4210,7,12,7
SRTF,256,4199,80,323318,323398,319119,319199,319119
SRTF,3573,4199,57,165338,165395,161139,161196,161139
SRTF,2853,4200,48,116357,116405,112157,112205,112157
SRTF,2174,4200,90,410811,410901,406611,406701,406611
SRTF,3478,4200,68,235237,235305,231037,231105,231037
SRTF,6365,4200,94,447113,447207,442913,443007,442913
SRTF,1243,4203,53,143833,143886,139630,139683,139630
SRTF,4408,4204,67,228352,228419,224148,224215,224148
SRTF,836,4206,90,410901,410991,406695,406785,406695
SRTF,5358,4206,63,200438,200501,196232,196295,196232
SRTF,7055,4207,3,4210,4213,3,6,3
SRTF,879,4208,44,96066,96110,91858,91902,91858
SRTF,3088,4208,28,40376,40404,36168,36196,36168
SRTF,7717,4210,94,447207,447301,442997,443091,442997
SRTF,7849,4211,72,261551,261623,257340,257412,257340
SRTF,1995,4211,36,65093,65129,60882,60918,60882
SRTF,1037,4212,74,275992,276066,271780,271854,271780
SRTF,5968,4212,65,214048,214113,209836,209901,209836
SRTF,5143,4213,81,330642,330723,326429,326510,326429
SRTF,7739,4213,79,314422,314501,310209,310288,310209
SRTF,3268,4213,49,122010,122059,117797,117846,117797
SRTF,3293,4214,11,4222,4233,8,19,8
SRTF,8974,4217,32,52388,52420,48171,48203,48171
SRTF,5010,4218,76,290458,290534,286240,286316,286240
SRTF,196,4218,61,187564,187625,183346,183407,183346
SRTF,9354,4218,94,447301,447395,443083,443177,443083
SRTF,8781,4218,32,52420,52452,48202,48234,48202
SRTF,6485,4222,82,338608,338690,334386,334468,334386
SRTF,7900,4223,96,464686,464782,460463,460559,460463
SRTF,1157,4223,29,43336,43365,39113,39142,39113
SRTF,7233,4224,96,464782,464878,460558,460654,460558
SRTF,2062,4225,6,4234,4240,9,15,9
SRTF,1197,4225,50,126514,126564,122289,122339,122289
SRTF,986,4225,16,13402,13418,9177,9193,9177
SRTF,5730,4225,92,429550,429642,425325,425417,425325
SRTF,933,4227,86,373186,373272,368959,369045,368959
SRTF,9870,4228,7,4240,4247,12,19,12
SRTF,7228,4228,79,314501,314580,310273,310352,310273
SRTF,8559,4228,46,106433,106479,102205,102251,102205
SRTF,1287,4232,87,383045,383132,378813,378900,378813
SRTF,7673,4232,1,4233,4234,1,2,1
SRTF,3198,4232,72,261623,261695,257391,257463,257391
SRTF,5106,4232,39,76312,76351,72080,72119,72080
SRTF,9521,4233,50,126564,126614,122331,122381,122331
SRTF,886,4234,11,4252,4263,18,29,18
SRTF,3980,4234,13,4467,4480,233,246,233
SRTF,8006,4234,58,171137,171195,166903,166961,166903
SRTF,7020,4235,48,116405,116453,112170,112218,112170
SRTF,3937,4236,34,58427,58461,54191,54225,54191
SRTF,3096,4236,52,138331,138383,134095,134147,134095
SRTF,9414,4238,67,228419,228486,224181,224248,224181
SRTF,5587,4239,68,235305,235373,231066,231134,231066
SRTF,9114,4239,73,269670,269743,265431,265504,265431
SRTF,8364,4240,55,154818,154873,150578,150633,150578
SRTF,7373,4241,52,138383,138435,134142,134194,134142
SRTF,8973,4242,13,4484,4497,242,255,242
SRTF,1133,4242,94,447395,447489,443153,443247,443153
SRTF,1066,4243,19,19126,19145,14883,14902,14883
SRTF,6040,4243,40,80328,80368,76085,76125,76085
SRTF,8593,4243,5,4247,4252,4,9,4
SRTF,4530,4247,36,65129,65165,60882,60918,60882
SRTF,5487,4248,35,61793,61828,57545,57580,57545
SRTF,2691,4249,32,52452,52484,48203,48235,48203
SRTF,423,4249,32,52484,52516,48235,48267,48235
SRTF,4082,4251,22,25807,25829,21556,21578,21556
SRTF,9729,4253,25,32495,32520,28242,28267,28242
SRTF,1980,4255,6,4267,4273,12,18,12
SRTF,3050,4258,4,4263,4267,5,9,5
SRTF,2069,4259,21,23478,23499,19219,19240,19219
SRTF,7733,4259,79,314580,314659,310321,310400,310321
SRTF,7996,4260,9,4286,4295,26,35,26
SRTF,2475,4260,53,143886,143939,139626,139679,139626
SRTF,7828,4261,84,355174,355258,350913,350997,350913
SRTF,727,4261,26,35094,35120,30833,30859,30833
SRTF,9250,4261,35,61828,61863,57567,57602,57567
SRTF,9646,4261,42,88293,88335,84032,84074,84032
SRTF,9212,4262,78,305012,305090,300750,300828,300750
SRTF,9948,4262,14,9624,9638,5362,5376,5362
SRTF,1187,4263,6,4273,4279,10,16,10
SRTF,7153,4264,7,4279,4286,15,22,15
SRTF,8266,4264,71,254121,254192,249857,249928,249857
SRTF,4722,4266,89,401056,401145,396790,396879,396790
SRTF,5654,4267,19,19145,19164,14878,14897,14878
SRTF,585,4268,68,235373,235441,231105,231173,231105
SRTF,9239,4268,83,347922,348005,343654,343737,343654
SRTF,2153,4268,30,45869,45899,41601,41631,41601
SRTF,5312,4270,91,420130,420221,415860,415951,415860
SRTF,5378,4270,36,65165,65201,60895,60931,60895
SRTF,7007,4271,53,143939,143992,139668,139721,139668
SRTF,6013,4272,15,11650,11665,7378,7393,7378
SRTF,6617,4273,61,187625,187686,183352,183413,183352
SRTF,6092,4275,24,30250,30274,25975,25999,25975
SRTF,3519,4276,61,187686,187747,183410,183471,183410
SRTF,9999,4276,72,261695,261767,257419,257491,257419
SRTF,7852,4277,10,4351,4361,74,84,74
SRTF,6345,4277,80,323398,323478,319121,319201,319121
SRTF,1311,4278,69,241054,241123,236776,236845,236776
SRTF,4904,4282,46,106479,106525,102197,102243,102197
SRTF,209,4282,12,4401,4413,119,131,119
SRTF,2430,4283,12,4432,4444,149,161,149
SRTF,5778,4284,9,4305,4314,21,30,21
SRTF,6820,4284,20,21262,21282,16978,16998,16978
SRTF,9081,4284,9,4333,4342,49,58,49
SRTF,2238,4285,50,126614,126664,122329,122379,122329
SRTF,1445,4286,54,150136,150190,145850,145904,145850
SRTF,8744,4287,57,165395,165452,161108,161165,161108
SRTF,4586,4287,51,132107,132158,127820,127871,127820
SRTF,3602,4287,16,13418,13434,9131,9147,9131
SRTF,8218,4287,8,4295,4303,8,16,8
SRTF,872,4289,88,392308,392396,388019,388107,388019
SRTF,4078,4290,54,150190,150244,145900,145954,145900
SRTF,4849,4290,53,143992,144045,139702,139755,139702
SRTF,9778,4292,88,392396,392484,388104,388192,388104
SRTF,1757,4293,36,65201,65237,60908,60944,60908
SRTF,66,4297,18,16971,16989,12674,12692,12674
SRTF,8820,4298,83,348005,348088,343707,343790,343707
SRTF,4584,4298,21,23499,23520,19201,19222,19201
SRTF,8070,4298,2,4303,4305,5,7,5
SRTF,9278,4299,24,30274,30298,25975,25999,25975
SRTF,8674,4299,52,138435,138487,134136,134188,134136
SRTF,8871,4300,99,492048,492147,487748,487847,487748
SRTF,748,4300,57,165452,165509,161152,161209,161152
SRTF,8854,4302,58,171195,171253,166893,166951,166893
SRTF,6813,4305,13,4526,4539,221,234,221
SRTF,5107,4306,9,4342,4351,36,45,36
SRTF,3530,4307,27,37632,37659,33325,33352,33325
SRTF,6353,4310,1,4314,4315,4,5,4
SRTF,6884,4311,3,4315,4318,4,7,4
SRTF,8077,4311,93,437866,437959,433555,433648,433555
SRTF,1435,4311,58,171253,171311,166942,167000,166942
SRTF,9042,4311,8,4318,4326,7,15,7
SRTF,572,4312,25,32520,32545,28208,28233,28208
SRTF,5592,4312,25,32545,32570,28233,28258,28233
SRTF,6298,4314,10,4383,4393,69,79,69
SRTF,3499,4316,43,91851,91894,87535,87578,87535
SRTF,7415,4317,50,126664,126714,122347,122397,122347
SRTF,2878,4318,16,13434,13450,9116,9132,9116
SRTF,4864,4319,78,305090,305168,300771,300849,300771
SRTF,8261,4320,46,106525,106571,102205,102251,102205
SRTF,9573,4320,67,228486,228553,224166,224233,224166
SRTF,8880,4321,17,15088,15105,10767,10784,10767
SRTF,5925,4321,70,247357,247427,243036,243106,243036
SRTF,5327,4321,15,11665,11680,7344,7359,7344
SRTF,4477,4322,93,437959,438052,433637,433730,433637
SRTF,8436,4323,93,438052,438145,433729,433822,433729
SRTF,860,4324,98,483286,483384,478962,479060,478962
SRTF,7282,4326,7,4326,4333,0,7,0
SRTF,7759,4326,64,207284,207348,202958,203022,202958
SRTF,5603,4327,42,88335,88377,84008,84050,84008
SRTF,2281,4330,67,228553,228620,224223,224290,224223
SRTF,547,4330,69,241123,241192,236793,236862,236793
SRTF,9684,4330,40,80368,80408,76038,76078,76038
SRTF,8254,4331,78,305168,305246,300837,300915,300837
SRTF,4275,4331,30,45899,45929,41568,41598,41568
SRTF,8949,4332,87,383132,383219,378800,378887,378800
SRTF,6503,4332,33,55144,55177,50812,50845,50812
SRTF,4077,4334,62,194324,194386,189990,190052,189990
SRTF,7761,4335,58,171311,171369,166976,167034,166976
SRTF,5453,4340,66,220847,220913,216507,216573,216507
SRTF,2948,4340,19,19164,19183,14824,14843,14824
SRTF,1325,4346,97,474714,474811,470368,470465,470368
SRTF,8688,4348,50,126714,126764,122366,122416,122366
SRTF,9925,4349,35,61863,61898,57514,57549,57514
SRTF,2096,4349,48,116453,116501,112104,112152,112104
SRTF,9742,4350,15,11680,11695,7330,7345,7330
SRTF,7129,4350,69,241192,241261,236842,236911,236842
SRTF,6663,4354,36,65237,65273,60883,60919,60883
SRTF,6705,4354,41,84484,84525,80130,80171,80130
SRTF,9411,4354,39,76351,76390,71997,72036,71997
SRTF,9541,4355,9,4374,4383,19,28,19
SRTF,1712,4356,5,4361,4366,5,10,5
SRTF,3590,4357,94,447489,447583,443132,443226,443132
SRTF,7923,4357,29,43365,43394,39008,39037,39008
SRTF,1957,4358,60,183101,183161,178743,178803,178743
SRTF,521,4360,7,4366,4373,6,13,6
SRTF,1336,4361,84,355258,355342,350897,350981,350897
SRTF,5129,4362,77,297346,297423,292984,293061,292984
SRTF,7291,4362,94,447583,447677,443221,443315,443221
SRTF,704,4363,19,19183,19202,14820,14839,14820
SRTF,2590,4364,64,207348,207412,202984,203048,202984
SRTF,8631,4365,32,52516,52548,48151,48183,48151
SRTF,8561,4366,58,171369,171427,167003,167061,167003
SRTF,6836,4366,83,348088,348171,343722,343805,343722
SRTF,5829,4368,91,420221,420312,415853,415944,415853
SRTF,9271,4368,90,410991,411081,406623,406713,406623
SRTF,6011,4368,1,4373,4374,5,6,5
SRTF,3466,4369,82,338690,338772,334321,334403,334321
SRTF,3804,4370,35,61898,61933,57528,57563,57528
SRTF,9220,4370,68,235441,235509,231071,231139,231071
SRTF,6499,4372,69,241261,241330,236889,236958,236889
SRTF,9810,4374,60,183161,183221,178787,178847,178787
SRTF,7139,4376,29,43394,43423,39018,39047,39018
SRTF,2776,4378,41,84525,84566,80147,80188,80147
SRTF,6525,4378,32,52548,52580,48170,48202,48170
SRTF,7270,4378,51,132158,132209,127780,127831,127780
SRTF,6318,4379,60,183221,183281,178842,178902,178842
SRTF,1058,4380,41,84566,84607,80186,80227,80186
SRTF,468,4380,40,80408,80448,76028,76068,76028
SRTF,7585,4381,46,106571,106617,102190,102236,102190
SRTF,8813,4382,60,183281,183341,178899,178959,178899
SRTF,4174,4383,36,65273,65309,60890,60926,60890
SRTF,3906,4384,8,4393,4401,9,17,9
SRTF,5194,4386,23,27670,27693,23284,23307,23284
SRTF,1349,4388,26,35120,35146,30732,30758,30732
SRTF,198,4389,13,4550,4563,161,174,161
SRTF,8689,4390,60,183341,183401,178951,179011,178951
SRTF,3945,4390,26,35146,35172,30756,30782,30756
SRTF,8396,4392,76,290534,290610,286142,286218,286142
SRTF,9768,4394,16,13450,13466,9056,9072,9056
SRTF,8694,4394,15,11695,11710,7301,7316,7301
SRTF,3747,4396,45,101300,101345,96904,96949,96904
SRTF,5208,4399,16,13466,13482,9067,9083,9067
SRTF,1862,4399,60,183401,183461,179002,179062,179002
SRTF,6346,4402,25,32570,32595,28168,28193,28168
SRTF,6977,4402,26,35172,35198,30770,30796,30770
SRTF,3317,4402,51,132209,132260,127807,127858,127807
SRTF,9832,4403,8,4413,4421,10,18,10
SRTF,4357,4405,81,330723,330804,326318,326399,326318
SRTF,2042,4406,47,110473,110520,106067,106114,106067
SRTF,3648,4408,68,235509,235577,231101,231169,231101
SRTF,9937,4408,8,4424,4432,16,24,16
SRTF,8109,4409,34,58461,58495,54052,54086,54052
SRTF,9588,4412,97,474811,474908,470399,470496,470399
SRTF,163,4413,63,200501,200564,196088,196151,196088
SRTF,9894,4414,46,106617,106663,102203,102249,102203
SRTF,7462,4415,3,4421,4424,6,9,6
SRTF,8084,4416,58,171427,171485,167011,167069,167011
SRTF,7920,4418,99,492147,492246,487729,487828,487729
SRTF,9955,4419,57,165509,165566,161090,161147,161090
SRTF,7634,4419,92,429642,429734,425223,425315,425223
SRTF,6639,4421,89,401145,401234,396724,396813,396724
SRTF,1072,4422,37,68851,68888,64429,64466,64429
SRTF,3455,4422,24,30298,30322,25876,25900,25876
SRTF,7144,4423,69,241330,241399,236907,236976,236907
SRTF,3245,4424,97,474908,475005,470484,470581,470484
SRTF,1130,4425,56,159640,159696,155215,155271,155215
SRTF,3320,4426,13,4566,4579,140,153,140
SRTF,3796,4426,52,138487,138539,134061,134113,134061
SRTF,8,4426,55,154873,154928,150447,150502,150447
SRTF,4996,4427,18,16989,17007,12562,12580,12562
SRTF,6432,4428,48,116501,116549,112073,112121,112073
SRTF,9115,4428,60,183461,183521,179033,179093,179033
SRTF,1284,4430,51,132260,132311,127830,127881,127830
SRTF,1871,4431,48,116549,116597,112118,112166,112118
SRTF,8969,4431,30,45929,45959,41498,41528,41498
SRTF,2363,4431,90,411081,411171,406650,406740,406650
SRTF,790,4432,26,35198,35224,30766,30792,30766
SRTF,6803,4433,84,355342,355426,350909,350993,350909
SRTF,264,4433,42,88377,88419,83944,83986,83944
SRTF,3975,4434,23,27693,27716,23259,23282,23259
SRTF,1341,4435,98,483384,483482,478949,479047,478949
SRTF,5718,4435,63,200564,200627,196129,196192,196129
SRTF,2046,4437,10,4444,4454,7,17,7
SRTF,7955,4439,13,4579,4592,140,153,140
SRTF,7408,4439,24,30322,30346,25883,25907,25883
SRTF,4579,4440,44,96110,96154,91670,91714,91670
SRTF,1802,4440,70,247427,247497,242987,243057,242987
SRTF,5162,4443,45,101345,101390,96902,96947,96902
SRTF,2010,4443,33,55177,55210,50734,50767,50734
SRTF,3440,4444,85,364122,364207,359678,359763,359678
SRTF,1892,4445,90,411171,411261,406726,406816,406726
SRTF,1005,4451,20,21282,21302,16831,16851,16831
SRTF,6310,4452,70,247497,247567,243045,243115,243045
SRTF,437,4452,44,96154,96198,91702,91746,91702
SRTF,6852,4453,15,11710,11725,7257,7272,7257
SRTF,3697,4456,27,37659,37686,33203,33230,33203
SRTF,2942,4458,84,355426,355510,350968,351052,350968
SRTF,3829,4458,54,150244,150298,145786,145840,145786
SRTF,7788,4458,26,35224,35250,30766,30792,30766
SRTF,8735,4460,89,401234,401323,396774,396863,396774
SRTF,4126,4460,59,177036,177095,172576,172635,172576
SRTF,391,4465,35,61933,61968,57468,57503,57468
SRTF,7521,4466,75,283735,283810,279269,279344,279269
SRTF,6880,4468,96,464878,464974,460410,460506,460410
SRTF,631,4468,4,4480,4484,12,16,12
SRTF,1784,4470,63,200627,200690,196157,196220,196157
SRTF,5552,4471,63,200690,200753,196219,196282,196219
SRTF,4831,4471,62,194386,194448,189915,189977,189915
SRTF,1556,4473,60,183521,183581,179048,179108,179048
SRTF,7272,4474,72,261767,261839,257293,257365,257293
SRTF,5521,4476,92,429734,429826,425258,425350,425258
SRTF,8408,4477,82,338772,338854,334295,334377,334295
SRTF,8747,4477,28,40404,40432,35927,35955,35927
SRTF,4150,4478,69,241399,241468,236921,236990,236921
SRTF,4392,4478,15,11725,11740,7247,7262,7247
SRTF,5588,4479,23,27716,27739,23237,23260,23237
SRTF,8182,4480,91,420312,420403,415832,415923,415832
SRTF,2137,4481,82,338854,338936,334373,334455,334373
SRTF,4380,4482,58,171485,171543,167003,167061,167003
SRTF,5692,4482,74,276066,276140,271584,271658,271584
SRTF,9088,4482,26,35250,35276,30768,30794,30768
SRTF,9083,4483,78,305246,305324,300763,300841,300763
SRTF,4662,4485,85,364207,364292,359722,359807,359722
SRTF,4469,4485,37,68888,68925,64403,64440,64403
SRTF,5717,4487,94,447677,447771,443190,443284,443190
SRTF,120,4488,4,4497,4501,9,13,9
SRTF,8860,4490,15,11740,11755,7250,7265,7250
SRTF,7842,4491,6,4505,4511,14,20,14
SRTF,8413,4491,41,84607,84648,80116,80157,80116
SRTF,530,4491,93,438145,438238,433654,433747,433654
SRTF,7530,4491,4,4501,4505,10,14,10
SRTF,1146,4491,55,154928,154983,150437,150492,150437
SRTF,2812,4492,39,76390,76429,71898,71937,71898
SRTF,7107,4492,88,392484,392572,387992,388080,387992
SRTF,514,4492,27,37686,37713,33194,33221,33194
SRTF,3279,4493,77,297423,297500,292930,293007,292930
SRTF,5831,4493,63,200753,200816,196260,196323,196260
SRTF,2707,4493,58,171543,171601,167050,167108,167050
SRTF,270,4493,75,283810,283885,279317,279392,279317
SRTF,3035,4494,86,373272,373358,368778,368864,368778
SRTF,1355,4494,50,126764,126814,122270,122320,122270
SRTF,358,4495,51,132311,132362,127816,127867,127816
SRTF,277,4496,45,101390,101435,96894,96939,96894
SRTF,1298,4497,58,171601,171659,167104,167162,167104
SRTF,6225,4497,13,4592,4605,95,108,95
SRTF,7618,4498,88,392572,392660,388074,388162,388074
SRTF,249,4499,24,30346,30370,25847,25871,25847
SRTF,4101,4500,35,61968,62003,57468,57503,57468
SRTF,4627,4500,49,122059,122108,117559,117608,117559
SRTF,6115,4500,36,65309,65345,60809,60845,60809
SRTF,9199,4503,50,126814,126864,122311,122361,122311
SRTF,3921,4507,55,154983,155038,150476,150531,150476
SRTF,6877,4507,52,138539,138591,134032,134084,134032
SRTF,8740,4507,10,4514,4524,7,17,7
SRTF,8042,4508,98,483482,483580,478974,479072,478974
SRTF,9829,4511,3,4511,4514,0,3,0
SRTF,8587,4512,78,305324,305402,300812,300890,300812
SRTF,4440,4512,70,247567,247637,243055,243125,243055
SRTF,9208,4512,65,214113,214178,209601,209666,209601
SRTF,8927,4512,69,241468,241537,236956,237025,236956
SRTF,8914,4515,2,4524,4526,9,11,9
SRTF,5206,4516,87,383219,383306,378703,378790,378703
SRTF,6290,4516,31,48782,48813,44266,44297,44266
SRTF,6118,4517,96,464974,465070,460457,460553,460457
SRTF,2125,4517,73,269743,269816,265226,265299,265226
SRTF,8280,4521,67,228620,228687,224099,224166,224099
SRTF,5953,4522,98,483580,483678,479058,479156,479058
SRTF,9402,4522,25,32595,32620,28073,28098,28073
SRTF,3200,4523,47,110520,110567,105997,106044,105997
SRTF,4641,4524,96,465070,465166,460546,460642,460546
SRTF,4696,4524,37,68925,68962,64401,64438,64401
SRTF,5286,4524,81,330804,330885,326280,326361,326280
SRTF,1082,4524,46,106663,106709,102139,102185,102139
SRTF,6369,4524,55,155038,155093,150514,150569,150514
SRTF,8909,4529,88,392660,392748,388131,388219,388131
SRTF,4197,4529,18,17007,17025,12478,12496,12478
SRTF,8920,4529,65,214178,214243,209649,209714,209649
SRTF,717,4530,57,165566,165623,161036,161093,161036
SRTF,5446,4530,14,9765,9779,5235,5249,5235
SRTF,6223,4530,61,187747,187808,183217,183278,183217
SRTF,2217,4531,66,220913,220979,216382,216448,216382
SRTF,7430,4532,25,32620,32645,28088,28113,28088
SRTF,6971,4534,24,30370,30394,25836,25860,25836
SRTF,5398,4534,40,80448,80488,75914,75954,75914
SRTF,5002,4535,88,392748,392836,388213,388301,388213
SRTF,9233,4535,36,65345,65381,60810,60846,60810
SRTF,8878,4537,5,4539,4544,2,7,2
SRTF,8706,4537,69,241537,241606,237000,237069,237000
SRTF,4591,4538,6,4544,4550,6,12,6
SRTF,7905,4538,15,11755,11770,7217,7232,7217
SRTF,3557,4538,72,261839,261911,257301,257373,257301
SRTF,5417,4539,95,455335,455430,450796,450891,450796
SRTF,8277,4541,82,338936,339018,334395,334477,334395
SRTF,7188,4541,34,58495,58529,53954,53988,53954
SRTF,9967,4541,84,355510,355594,350969,351053,350969
SRTF,7946,4542,77,297500,297577,292958,293035,292958
SRTF,8069,4543,50,126864,126914,122321,122371,122321
SRTF,1469,4543,70,247637,247707,243094,243164,243094
SRTF,696,4544,20,21302,21322,16758,16778,16758
SRTF,3902,4545,81,330885,330966,326340,326421,326340
SRTF,1122,4547,79,314659,314738,310112,310191,310112
SRTF,241,4548,55,155093,155148,150545,150600,150545
SRTF,9984,4549,64,207412,207476,202863,202927,202863
SRTF,7201,4550,71,254192,254263,249642,249713,249642
SRTF,6854,4551,78,305402,305480,300851,300929,300851
SRTF,4740,4552,40,80488,80528,75936,75976,75936
SRTF,3318,4552,44,96198,96242,91646,91690,91646
SRTF,6164,4555,53,144045,144098,139490,139543,139490
SRTF,1714,4555,64,207476,207540,202921,202985,202921
SRTF,279,4555,80,323478,323558,318923,319003,318923
SRTF,19,4555,26,35276,35302,30721,30747,30721
SRTF,3493,4557,74,276140,276214,271583,271657,271583
SRTF,2285,4558,77,297577,297654,293019,293096,293019
SRTF,3655,4559,3,4563,4566,4,7,4
SRTF,8630,4559,49,122108,122157,117549,117598,117549
SRTF,9137,4562,45,101435,101480,96873,96918,96873
SRTF,4966,4563,38,72446,72484,67883,67921,67883
SRTF,5791,4565,64,207540,207604,202975,203039,202975
SRTF,6775,4566,54,150298,150352,145732,145786,145732
SRTF,8144,4566,69,241606,241675,237040,237109,237040
SRTF,4871,4566,49,122157,122206,117591,117640,117591
SRTF,1145,4566,21,23520,23541,18954,18975,18954
SRTF,6394,4567,95,455430,455525,450863,450958,450863
SRTF,4511,4567,14,9822,9836,5255,5269,5255
SRTF,5770,4567,58,171659,171717,167092,167150,167092
SRTF,8953,4568,66,220979,221045,216411,216477,216411
SRTF,7076,4569,61,187808,187869,183239,183300,183239
SRTF,1490,4569,94,447771,447865,443202,443296,443202
SRTF,3503,4570,45,101480,101525,96910,96955,96910
SRTF,5041,4571,78,305480,305558,300909,300987,300909
SRTF,6412,4573,64,207604,207668,203031,203095,203031
SRTF,6097,4575,33,55210,55243,50635,50668,50635
SRTF,5500,4576,97,475005,475102,470429,470526,470429
SRTF,2028,4576,72,261911,261983,257335,257407,257335
SRTF,9421,4576,31,48813,48844,44237,44268,44237
SRTF,2745,4577,78,305558,305636,300981,301059,300981
SRTF,9651,4578,73,269816,269889,265238,265311,265238
SRTF,2640,4578,77,297654,297731,293076,293153,293076
SRTF,3313,4579,61,187869,187930,183290,183351,183290
SRTF,7597,4581,21,23541,23562,18960,18981,18960
SRTF,6038,4582,74,276214,276288,271632,271706,271632
SRTF,2257,4583,21,23562,23583,18979,19000,18979
SRTF,9323,4584,65,214243,214308,209659,209724,209659
SRTF,7915,4584,98,483678,483776,479094,479192,479094
SRTF,1763,4585,72,261983,262055,257398,257470,257398
SRTF,4810,4586,36,65381,65417,60795,60831,60795
SRTF,9825,4587,56,159696,159752,155109,155165,155109
SRTF,5572,4588,45,101525,101570,96937,96982,96937
SRTF,4260,4589,14,9969,9983,5380,5394,5380
SRTF,4639,4591,19,19202,19221,14611,14630,14611
SRTF,3547,4591,77,297731,297808,293140,293217,293140
SRTF,2157,4592,97,475102,475199,470510,470607,470510
SRTF,5940,4593,28,40432,40460,35839,35867,35839
SRTF,8884,4593,84,355594,355678,351001,351085,351001
SRTF,4132,4594,21,23583,23604,18989,19010,18989
SRTF,3654,4595,99,492246,492345,487651,487750,487651
SRTF,2682,4596,28,40460,40488,35864,35892,35864
SRTF,6869,4597,19,19221,19240,14624,14643,14624
SRTF,7837,4598,6,4605,4611,7,13,7
SRTF,6630,4598,97,475199,475296,470601,470698,470601
SRTF,1703,4599,59,177095,177154,172496,172555,172496
SRTF,7263,4601,74,276288,276362,271687,271761,271687
SRTF,5489,4603,22,25829,25851,21226,21248,21226
SRTF,5054,4603,85,364292,364377,359689,359774,359689
SRTF,7526,4607,15,11770,11785,7163,7178,7163
SRTF,7902,4607,38,72484,72522,67877,67915,67877
SRTF,9076,4608,21,23604,23625,18996,19017,18996
SRTF,447,4611,7,4611,4618,0,7,0
SRTF,6138,4611,84,355678,355762,351067,351151,351067
SRTF,8857,4611,59,177154,177213,172543,172602,172543
SRTF,974,4612,29,43423,43452,38811,38840,38811
SRTF,1792,4612,91,420403,420494,415791,415882,415791
SRTF,7846,4613,16,13482,13498,8869,8885,8869
SRTF,7063,4615,14,9986,10000,5371,5385,5371
SRTF,2828,4615,42,88419,88461,83804,83846,83804
SRTF,1917,4616,3,4618,4621,2,5,2
SRTF,5547,4616,82,339018,339100,334402,334484,334402
SRTF,8617,4616,47,110567,110614,105951,105998,105951
SRTF,7161,4619,29,43452,43481,38833,38862,38833
SRTF,6239,4620,44,96242,96286,91622,91666,91622
SRTF,4394,4620,83,348171,348254,343551,343634,343551
SRTF,801,4621,74,276362,276436,271741,271815,271741
SRTF,4669,4621,55,155148,155203,150527,150582,150527
SRTF,5495,4623,13,4662,4675,39,52,39
SRTF,2501,4624,14,10000,10014,5376,5390,5376
SRTF,4636,4624,43,91894,91937,87270,87313,87270
SRTF,6002,4626,66,221045,221111,216419,216485,216419
SRTF,4206,4627,3,4635,4638,8,11,8
SRTF,2658,4628,13,4700,4713,72,85,72
SRTF,5809,4631,44,96286,96330,91655,91699,91655
SRTF,6914,4631,22,25851,25873,21220,21242,21220
SRTF,826,4632,44,96330,96374,91698,91742,91698
SRTF,6046,4633,73,269889,269962,265256,265329,265256
SRTF,5155,4633,4,4641,4645,8,12,8
SRTF,9471,4635,87,383306,383393,378671,378758,378671
SRTF,7477,4636,3,4638,4641,2,5,2
SRTF,140,4636,87,383393,383480,378757,378844,378757
SRTF,3982,4637,11,4651,4662,14,25,14
SRTF,731,4637,93,438238,438331,433601,433694,433601
SRTF,9372,4637,99,492345,492444,487708,487807,487708
SRTF,8488,4640,21,23625,23646,18985,19006,18985
SRTF,298,4642,41,84648,84689,80006,80047,80006
SRTF,8692,4644,16,13498,13514,8854,8870,8854
SRTF,1658,4644,3,4645,4648,1,4,1
SRTF,5715,4645,99,492444,492543,487799,487898,487799
SRTF,2666,4646,61,187930,187991,183284,183345,183284
SRTF,4621,4647,92,429826,429918,425179,425271,425179
SRTF,7919,4647,3,4648,4651,1,4,1
SRTF,2806,4648,31,48844,48875,44196,44227,44196
SRTF,9344,4648,56,159752,159808,155104,155160,155104
SRTF,1698,4648,27,37713,37740,33065,33092,33065
SRTF,2794,4650,74,276436,276510,271786,271860,271786
SRTF,5026,4651,70,247707,247777,243056,243126,243056
SRTF,7124,4651,95,455525,455620,450874,450969,450874
SRTF,2937,4652,79,314738,314817,310086,310165,310086
SRTF,7067,4652,31,48875,48906,44223,44254,44223
SRTF,5996,4654,16,13514,13530,8860,8876,8860
SRTF,4930,4654,84,355762,355846,351108,351192,351108
SRTF,2556,4654,27,37740,37767,33086,33113,33086
SRTF,7509,4655,77,297808,297885,293153,293230,293153
SRTF,7692,4656,40,80528,80568,75872,75912,75872
SRTF,9692,4656,41,84689,84730,80033,80074,80033
SRTF,5688,4657,58,171717,171775,167060,167118,167060
SRTF,33,4658,64,207668,207732,203010,203074,203010
SRTF,5392,4658,45,101570,101615,96912,96957,96912
SRTF,2858,4658,81,330966,331047,326308,326389,326308
SRTF,9134,4659,62,194448,194510,189789,189851,189789
SRTF,5631,4661,71,254263,254334,249602,249673,249602
SRTF,1028,4662,39,76429,76468,71767,71806,71767
SRTF,7758,4662,58,171775,171833,167113,167171,167113
SRTF,8252,4663,83,348254,348337,343591,343674,343591
SRTF,8375,4663,86,373358,373444,368695,368781,368695
SRTF,2514,4666,32,52580,52612,47914,47946,47914
SRTF,4585,4668,76,290610,290686,285942,286018,285942
SRTF,2876,4669,72,262055,262127,257386,257458,257386
SRTF,4672,4670,42,88461,88503,83791,83833,83791
SRTF,943,4670,22,25873,25895,21203,21225,21203
SRTF,8645,4670,89,401323,401412,396653,396742,396653
SRTF,4824,4670,27,37767,37794,33097,33124,33097
SRTF,9881,4673,9,4679,4688,6,15,6
SRTF,4981,4673,12,4688,4700,15,27,15
SRTF,716,4673,92,429918,430010,425245,425337,425245
SRTF,7071,4674,29,43481,43510,38807,38836,38807
SRTF,1396,4675,99,492543,492642,487868,487967,487868
SRTF,4895,4675,64,207732,207796,203057,203121,203057
SRTF,7079,4675,4,4675,4679,0,4,0
SRTF,5266,4675,57,165623,165680,160948,161005,160948
SRTF,5227,4677,34,58529,58563,53852,53886,53852
SRTF,9996,4677,27,37794,37821,33117,33144,33117
SRTF,8264,4677,83,348337,348420,343660,343743,343660
SRTF,4038,4678,48,116597,116645,111919,111967,111919
SRTF,4973,4683,50,126914,126964,122231,122281,122231
SRTF,5379,4683,28,40488,40516,35805,35833,35805
SRTF,9131,4684,20,21322,21342,16638,16658,16638
SRTF,4822,4686,44,96374,96418,91688,91732,91688
SRTF,6594,4689,36,65417,65453,60728,60764,60728
SRTF,7952,4690,14,10014,10028,5324,5338,5324
SRTF,3653,4690,82,339100,339182,334410,334492,334410
SRTF,9954,4692,14,10028,10042,5336,5350,5336
SRTF,9100,4695,23,27739,27762,23044,23067,23044
SRTF,2796,4697,59,177213,177272,172516,172575,172516
SRTF,6883,4698,14,10042,10056,5344,5358,5344
SRTF,3043,4699,64,207796,207860,203097,203161,203097
SRTF,7386,4700,19,19240,19259,14540,14559,14540
SRTF,8516,4701,78,305636,305714,300935,301013,300935
SRTF,1678,4703,28,40516,40544,35813,35841,35813
SRTF,5867,4703,86,373444,373530,368741,368827,368741
SRTF,5958,4704,64,207860,207924,203156,203220,203156
SRTF,6876,4709,96,465166,465262,460457,460553,460457
SRTF,7225,4710,36,65453,65489,60743,60779,60743
SRTF,9009,4711,51,132362,132413,127651,127702,127651
SRTF,6306,4711,38,72522,72560,67811,67849,67811
SRTF,7831,4712,89,401412,401501,396700,396789,396700
SRTF,5544,4712,19,19259,19278,14547,14566,14547
SRTF,4894,4713,61,187991,188052,183278,183339,183278
SRTF,2437,4713,19,19278,19297,14565,14584,14565
SRTF,4853,4713,82,339182,339264,334469,334551,334469
SRTF,9379,4717,88,392836,392924,388119,388207,388119
SRTF,711,4719,29,43510,43539,38791,38820,38791
SRTF,2166,4719,84,355846,355930,351127,351211,351127
SRTF,9416,4722,41,84730,84771,80008,80049,80008
SRTF,8618,4725,30,45959,45989,41234,41264,41234
SRTF,8870,4725,86,373530,373616,368805,368891,368805
SRTF,7732,4725,27,37821,37848,33096,33123,33096
SRTF,6124,4726,14,10056,10070,5330,5344,5330
SRTF,3136,4727,47,110614,110661,105887,105934,105887
SRTF,7040,4727,45,101615,101660,96888,96933,96888
SRTF,3195,4728,52,138591,138643,133863,133915,133863
SRTF,9165,4729,53,144098,144151,139369,139422,139369
SRTF,542,4729,11,4746,4757,17,28,17
SRTF,3912,4729,2,4741,4743,12,14,12
SRTF,6151,4732,14,10070,10084,5338,5352,5338
SRTF,1686,4732,89,401501,401590,396769,396858,396769
SRTF,6787,4732,30,45989,46019,41257,41287,41257
SRTF,3908,4733,18,17025,17043,12292,12310,12292
SRTF,5943,4734,3,4743,4746,9,12,9
SRTF,4228,4735,13,4757,4770,22,35,22
SRTF,278,4735,91,420494,420585,415759,415850,415759
SRTF,6558,4736,15,11785,11800,7049,7064,7049
SRTF,228,4736,80,323558,323638,318822,318902,318822
SRTF,181,4737,56,159808,159864,155071,155127,155071
SRTF,2102,4737,47,110661,110708,105924,105971,105924
SRTF,2671,4741,27,37848,37875,33107,33134,33107
SRTF,3823,4744,47,110708,110755,105964,106011,105964
SRTF,586,4748,53,144151,144204,139403,139456,139403
SRTF,7542,4749,31,48906,48937,44157,44188,44157
SRTF,4195,4749,50,126964,127014,122215,122265,122215
SRTF,6649,4752,23,27762,27785,23010,23033,23010
SRTF,395,4752,90,411261,411351,406509,406599,406509
SRTF,6360,4753,30,46019,46049,41266,41296,41266
SRTF,7182,4753,51,132413,132464,127660,127711,127660
SRTF,3737,4757,84,355930,356014,351173,351257,351173
SRTF,2693,4757,57,165680,165737,160923,160980,160923
SRTF,1059,4757,13,4770,4783,13,26,13
SRTF,3905,4757,62,194510,194572,189753,189815,189753
SRTF,5428,4758,46,106709,106755,101951,101997,101951
SRTF,6301,4758,47,110755,110802,105997,106044,105997
SRTF,8588,4759,98,483776,483874,479017,479115,479017
SRTF,1859,4760,85,364377,364462,359617,359702,359617
SRTF,9804,4760,97,475296,475393,470536,470633,470536
SRTF,6902,4760,33,55243,55276,50483,50516,50483
SRTF,9738,4761,90,411351,411441,406590,406680,406590
SRTF,3025,4761,59,177272,177331,172511,172570,172511
SRTF,4485,4763,23,27785,27808,23022,23045,23022
SRTF,7565,4763,18,17043,17061,12280,12298,12280
SRTF,6262,4763,71,254334,254405,249571,249642,249571
SRTF,4548,4765,51,132464,132515,127699,127750,127699
SRTF,9758,4765,82,339264,339346,334499,334581,334499
SRTF,6998,4766,22,25895,25917,21129,21151,21129
SRTF,4994,4769,17,15105,15122,10336,10353,10336
SRTF,3619,4769,85,364462,364547,359693,359778,359693
SRTF,6879,4773,3,4786,4789,13,16,13
SRTF,4329,4774,1,4783,4784,9,10,9
SRTF,9290,4775,83,348420,348503,343645,343728,343645
SRTF,3521,4776,59,177331,177390,172555,172614,172555
SRTF,373,4777,54,150352,150406,145575,145629,145575
SRTF,6750,4777,54,150406,150460,145629,145683,145629
SRTF,773,4777,6,4789,4795,12,18,12
SRTF,3071,4778,32,52612,52644,47834,47866,47834
SRTF,5167,4780,23,27808,27831,23028,23051,23028
SRTF,692,4780,22,25917,25939,21137,21159,21137
SRTF,3997,4780,44,96418,96462,91638,91682,91638
SRTF,1649,4780,43,91937,91980,87157,87200,87157
SRTF,354,4780,92,430010,430102,425230,425322,425230
SRTF,4794,4780,39,76468,76507,71688,71727,71688
SRTF,3362,4781,6,4795,4801,14,20,14
SRTF,9431,4782,59,177390,177449,172608,172667,172608
SRTF,7587,4782,26,35302,35328,30520,30546,30520
SRTF,8611,4784,86,373616,373702,368832,368918,368832
SRTF,7929,4784,82,339346,339428,334562,334644,334562
SRTF,6405,4784,2,4784,4786,0,2,0
SRTF,671,4784,31,48937,48968,44153,44184,44153
SRTF,9283,4784,6,4801,4807,17,23,17
SRTF,1202,4788,8,4818,4826,30,38,30
SRTF,1652,4790,70,247777,247847,242987,243057,242987
SRTF,2725,4790,98,483874,483972,479084,479182,479084
SRTF,7339,4792,9,4866,4875,74,83,74
SRTF,8728,4793,54,150460,150514,145667,145721,145667
SRTF,8244,4795,36,65489,65525,60694,60730,60694
SRTF,2158,4795,42,88503,88545,83708,83750,83708
SRTF,1448,4795,85,364547,364632,359752,359837,359752
SRTF,3620,4796,55,155203,155258,150407,150462,150407
SRTF,2788,4796,28,40544,40572,35748,35776,35748
SRTF,5693,4797,39,76507,76546,71710,71749,71710
SRTF,8060,4798,7,4808,4815,10,17,10
SRTF,2159,4798,84,356014,356098,351216,351300,351216
SRTF,1494,4799,65,214308,214373,209509,209574,209509
SRTF,8782,4803,30,46049,46079,41246,41276,41246
SRTF,4146,4804,72,262127,262199,257323,257395,257323
SRTF,655,4804,95,455620,455715,450816,450911,450816
SRTF,1361,4805,10,4907,4917,102,112,102
SRTF,1842,4806,1,4807,4808,1,2,1
SRTF,1278,4806,96,465262,465358,460456,460552,460456
SRTF,7653,4808,99,492642,492741,487834,487933,487834
SRTF,686,4809,23,27831,27854,23022,23045,23022
SRTF,8447,4810,3,4815,4818,5,8,5
SRTF,1497,4811,11,4984,4995,173,184,173
SRTF,8176,4811,8,4826,4834,15,23,15
SRTF,5682,4813,47,110802,110849,105989,106036,105989
SRTF,8650,4814,35,62003,62038,57189,57224,57189
SRTF,1922,4815,10,4924,4934,109,119,109
SRTF,4836,4815,38,72560,72598,67745,67783,67745
SRTF,5138,4815,41,84771,84812,79956,79997,79956
SRTF,9324,4817,43,91980,92023,87163,87206,87163
SRTF,5493,4818,94,447865,447959,443047,443141,443047
SRTF,928,4820,74,276510,276584,271690,271764,271690
SRTF,4390,4820,96,465358,465454,460538,460634,460538
SRTF,3676,4821,38,72598,72636,67777,67815,67777
SRTF,5959,4823,50,127014,127064,122191,122241,122191
SRTF,6059,4825,69,241675,241744,236850,236919,236850
SRTF,4695,4827,4,4834,4838,7,11,7
SRTF,8741,4830,95,455715,455810,450885,450980,450885
SRTF,1158,4831,8,4858,4866,27,35,27
SRTF,9581,4833,79,314817,314896,309984,310063,309984
SRTF,8073,4833,77,297885,297962,293052,293129,293052
SRTF,639,4835,4,4838,4842,3,7,3
SRTF,2141,4837,87,383480,383567,378643,378730,378643
SRTF,5120,4837,28,40572,40600,35735,35763,35735
SRTF,8671,4838,7,4846,4853,8,15,8
SRTF,2168,4839,31,48968,48999,44129,44160,44129
SRTF,7568,4841,4,4842,4846,1,5,1
SRTF,1143,4841,33,55276,55309,50435,50468,50435
SRTF,3867,4841,17,15122,15139,10281,10298,10281
SRTF,6730,4845,84,356098,356182,351253,351337,351253
SRTF,8057,4846,15,11800,11815,6954,6969,6954
SRTF,5878,4846,44,96462,96506,91616,91660,91616
SRTF,550,4846,21,23646,23667,18800,18821,18800
SRTF,587,4849,84,356182,356266,351333,351417,351333
SRTF,9914,4853,88,392924,393012,388071,388159,388071
SRTF,1217,4853,5,4853,4858,0,5,0
SRTF,732,4854,33,55309,55342,50455,50488,50455
SRTF,3691,4855,62,194572,194634,189717,189779,189717
SRTF,2979,4857,62,194634,194696,189777,189839,189777
SRTF,9887,4857,47,110849,110896,105992,106039,105992
SRTF,709,4858,26,35328,35354,30470,30496,30470
SRTF,80,4859,56,159864,159920,155005,155061,155005
SRTF,7681,4859,14,10084,10098,5225,5239,5225
SRTF,7434,4864,53,144204,144257,139340,139393,139340
SRTF,8139,4864,51,132515,132566,127651,127702,127651
SRTF,9014,4865,82,339428,339510,334563,334645,334563
SRTF,9816,4867,5,4882,4887,15,20,15
SRTF,7328,4868,4,4878,4882,10,14,10
SRTF,7141,4868,51,132566,132617,127698,127749,127698
SRTF,7191,4869,6,4887,4893,18,24,18
SRTF,2540,4869,78,305714,305792,300845,300923,300845
SRTF,382,4869,53,144257,144310,139388,139441,139388
SRTF,1277,4873,44,96506,96550,91633,91677,91633
SRTF,1099,4873,3,4875,4878,2,5,2
SRTF,4952,4873,87,383567,383654,378694,378781,378694
SRTF,2269,4875,81,331047,331128,326172,326253,326172
SRTF,2774,4875,23,27854,27877,22979,23002,22979
SRTF,4203,4875,10,4951,4961,76,86,76
SRTF,5110,4875,64,207924,207988,203049,203113,203049
SRTF,4414,4876,58,171833,171891,166957,167015,166957
SRTF,1393,4876,62,194696,194758,189820,189882,189820
SRTF,7924,4879,10,4964,4974,85,95,85
SRTF,1878,4882,79,314896,314975,310014,310093,310014
SRTF,4978,4883,37,68962,68999,64079,64116,64079
SRTF,4074,4886,75,283885,283960,278999,279074,278999
SRTF,7159,4886,59,177449,177508,172563,172622,172563
SRTF,4701,4887,47,110896,110943,106009,106056,106009
SRTF,79,4887,7,4893,4900,6,13,6
SRTF,6248,4887,53,144310,144363,139423,139476,139423
SRTF,9480,4888,13,5288,5301,400,413,400
SRTF,3219,4888,25,32645,32670,27757,27782,27757
SRTF,8819,4890,7,4900,4907,10,17,10
SRTF,8557,4890,44,96550,96594,91660,91704,91660
SRTF,4506,4891,44,96594,96638,91703,91747,91703
SRTF,736,4892,83,348503,348586,343611,343694,343611
SRTF,291,4893,43,92023,92066,87130,87173,87130
SRTF,6554,4893,21,23667,23688,18774,18795,18774
SRTF,8807,4893,27,37875,37902,32982,33009,32982
SRTF,2022,4895,45,101660,101705,96765,96810,96765
SRTF,4687,4895,48,116645,116693,111750,111798,111750
SRTF,3105,4897,79,314975,315054,310078,310157,310078
SRTF,5767,4897,98,483972,484070,479075,479173,479075
SRTF,3790,4897,63,200816,200879,195919,195982,195919
SRTF,7217,4898,45,101705,101750,96807,96852,96807
SRTF,1640,4904,62,194758,194820,189854,189916,189854
SRTF,4750,4906,72,262199,262271,257293,257365,257293
SRTF,5442,4908,57,165737,165794,160829,160886,160829
SRTF,1803,4909,7,4917,4924,8,15,8
SRTF,609,4910,49,122206,122255,117296,117345,117296
SRTF,272,4911,85,364632,364717,359721,359806,359721
SRTF,7624,4911,34,58563,58597,53652,53686,53652
SRTF,6606,4911,76,290686,290762,285775,285851,285775
SRTF,2805,4912,86,373702,373788,368790,368876,368790
SRTF,2973,4916,78,305792,305870,300876,300954,300876
SRTF,8019,4916,19,19297,19316,14381,14400,14381
SRTF,6994,4917,39,76546,76585,71629,71668,71629
SRTF,2073,4917,12,5074,5086,157,169,157
SRTF,4474,4917,97,475393,475490,470476,470573,470476
SRTF,4313,4920,50,127064,127114,122144,122194,122144
SRTF,5960,4920,30,46079,46109,41159,41189,41159
SRTF,7332,4920,79,315054,315133,310134,310213,310134
SRTF,6195,4920,89,401590,401679,396670,396759,396670
SRTF,7135,4920,29,43539,43568,38619,38648,38619
SRTF,5635,4922,44,96638,96682,91716,91760,91716
SRTF,4819,4922,39,76585,76624,71663,71702,71663
SRTF,8395,4922,60,183581,183641,178659,178719,178659
SRTF,7431,4924,44,96682,96726,91758,91802,91758
SRTF,9660,4925,32,52644,52676,47719,47751,47719
SRTF,1095,4926,14,10098,10112,5172,5186,5172
SRTF,4860,4926,54,150514,150568,145588,145642,145588
SRTF,9987,4926,70,247847,247917,242921,242991,242921
SRTF,3944,4927,89,401679,401768,396752,396841,396752
SRTF,9060,4927,12,5132,5144,205,217,205
SRTF,2912,4928,92,430102,430194,425174,425266,425174
SRTF,9185,4928,47,110943,110990,106015,106062,106015
SRTF,2986,4931,73,269962,270035,265031,265104,265031
SRTF,9934,4931,38,72636,72674,67705,67743,67705
SRTF,193,4931,6,4936,4942,5,11,5
SRTF,9753,4931,85,364717,364802,359786,359871,359786
SRTF,5053,4932,79,315133,315212,310201,310280,310201
SRTF,4859,4933,41,84812,84853,79879,79920,79879
SRTF,4090,4933,98,484070,484168,479137,479235,479137
SRTF,6716,4934,2,4934,4936,0,2,0
SRTF,3760,4937,57,165794,165851,160857,160914,160857
SRTF,6206,4938,27,37902,37929,32964,32991,32964
SRTF,5657,4938,35,62038,62073,57100,57135,57100
SRTF,7487,4938,38,72674,72712,67736,67774,67736
SRTF,8917,4939,40,80568,80608,75629,75669,75629
SRTF,4601,4939,56,159920,159976,154981,155037,154981
SRTF,7562,4939,17,15139,15156,10200,10217,10200
SRTF,2205,4940,85,364802,364887,359862,359947,359862
SRTF,2259,4941,47,110990,111037,106049,106096,106049
SRTF,5036,4942,10,4974,4984,32,42,32
SRTF,9900,4942,4,4942,4946,0,4,0
SRTF,8928,4943,38,72712,72750,67769,67807,67769
SRTF,2564,4943,4,4947,4951,4,8,4
SRTF,5901,4943,27,37929,37956,32986,33013,32986
SRTF,1063,4944,66,221111,221177,216167,216233,216167
SRTF,8168,4944,15,11815,11830,6871,6886,6871
SRTF,8351,4945,1,4946,4947,1,2,1
SRTF,8512,4945,80,323638,323718,318693,318773,318693
SRTF,3175,4945,77,297962,298039,293017,293094,293017
SRTF,3612,4946,68,235577,235645,230631,230699,230631
SRTF,525,4946,79,315212,315291,310266,310345,310266
SRTF,8458,4947,12,5153,5165,206,218,206
SRTF,3947,4951,78,305870,305948,300919,300997,300919
SRTF,6381,4951,65,214373,214438,209422,209487,209422
SRTF,8627,4953,82,339510,339592,334557,334639,334557
SRTF,3468,4956,86,373788,373874,368832,368918,368832
SRTF,6242,4957,55,155258,155313,150301,150356,150301
SRTF,6843,4958,3,4961,4964,3,6,3
SRTF,3389,4958,78,305948,306026,300990,301068,300990
SRTF,3517,4958,36,65525,65561,60567,60603,60567
SRTF,5784,4961,65,214438,214503,209477,209542,209477
SRTF,9568,4962,95,455810,455905,450848,450943,450848
SRTF,638,4964,94,447959,448053,442995,443089,442995
SRTF,2356,4966,13,5301,5314,335,348,335
SRTF,9992,4967,98,484168,484266,479201,479299,479201
SRTF,3435,4967,86,373874,373960,368907,368993,368907
SRTF,8087,4968,23,27877,27900,22909,22932,22909
SRTF,3239,4968,22,25939,25961,20971,20993,20971
SRTF,509,4968,36,65561,65597,60593,60629,60593
SRTF,3845,4970,82,339592,339674,334622,334704,334622
SRTF,1051,4971,38,72750,72788,67779,67817,67779
SRTF,263,4973,14,10112,10126,5139,5153,5139
SRTF,9659,4975,84,356266,356350,351291,351375,351291
SRTF,7360,4975,78,306026,306104,301051,301129,301051
SRTF,7818,4976,63,200879,200942,195903,195966,195903
SRTF,2531,4976,63,200942,201005,195966,196029,195966
SRTF,697,4976,47,111037,111084,106061,106108,106061
SRTF,2791,4976,46,106755,106801,101779,101825,101779
SRTF,9481,4979,12,5168,5180,189,201,189
SRTF,3287,4979,78,306104,306182,301125,301203,301125
SRTF,528,4980,80,323718,323798,318738,318818,318738
SRTF,3639,4986,28,40600,40628,35614,35642,35614
SRTF,2795,4987,43,92066,92109,87079,87122,87079
SRTF,7131,4987,17,15156,15173,10169,10186,10169
SRTF,8075,4987,48,116693,116741,111706,111754,111706
SRTF,4117,4988,51,132617,132668,127629,127680,127629
SRTF,4507,4992,83,348586,348669,343594,343677,343594
SRTF,8212,4992,70,247917,247987,242925,242995,242925
SRTF,6482,4992,97,475490,475587,470498,470595,470498
SRTF,5624,4994,48,116741,116789,111747,111795,111747
SRTF,3979,4994,51,132668,132719,127674,127725,127674
SRTF,6078,4994,9,4995,5004,1,10,1
SRTF,9433,4995,54,150568,150622,145573,145627,145573
SRTF,4166,4996,5,5004,5009,8,13,8
SRTF,8899,4997,11,5039,5050,42,53,42
SRTF,3624,4997,55,155313,155368,150316,150371,150316
SRTF,2440,4998,87,383654,383741,378656,378743,378656
SRTF,2555,5000,96,465454,465550,460454,460550,460454
SRTF,2815,5002,39,76624,76663,71622,71661,71622
SRTF,7726,5002,19,19316,19335,14314,14333,14314
SRTF,4919,5002,18,17061,17079,12059,12077,12059
SRTF,6620,5003,5,5009,5014,6,11,6
SRTF,2992,5004,63,201005,201068,196001,196064,196001
SRTF,1126,5005,6,5014,5020,9,15,9
SRTF,8844,5006,91,420585,420676,415579,415670,415579
SRTF,8127,5006,95,455905,456000,450899,450994,450899
SRTF,9640,5008,49,122255,122304,117247,117296,117247
SRTF,7838,5008,34,58597,58631,53589,53623,53589
SRTF,6986,5009,12,5180,5192,171,183,171
SRTF,1934,5010,49,122304,122353,117294,117343,117294
SRTF,6489,5011,7,5020,5027,9,16,9
SRTF,9207,5013,8,5030,5038,17,25,17
SRTF,5430,5014,26,35354,35380,30340,30366,30340
SRTF,5440,5014,91,420676,420767,415662,415753,415662
SRTF,1404,5016,80,323798,323878,318782,318862,318782
SRTF,1954,5016,30,46109,46139,41093,41123,41093
SRTF,7038,5016,15,11830,11845,6814,6829,6814
SRTF,2415,5017,11,5050,5061,33,44,33
SRTF,4227,5021,66,221177,221243,216156,216222,216156
SRTF,7466,5021,22,25961,25983,20940,20962,20940
SRTF,9161,5024,65,214503,214568,209479,209544,209479
SRTF,9890,5024,48,116789,116837,111765,111813,111765
SRTF,7639,5024,3,5027,5030,3,6,3
SRTF,6586,5027,14,10126,10140,5099,5113,5099
SRTF,603,5029,23,27900,27923,22871,22894,22871
SRTF,1030,5031,24,30394,30418,25363,25387,25363
SRTF,5541,5033,85,364887,364972,359854,359939,359854
SRTF,2359,5036,14,10140,10154,5104,5118,5104
SRTF,3106,5037,1,5038,5039,1,2,1
SRTF,5209,5037,31,48999,49030,43962,43993,43962
SRTF,3789,5039,47,111084,111131,106045,106092,106045
SRTF,9325,5041,57,165851,165908,160810,160867,160810
SRTF,3792,5041,91,420767,420858,415726,415817,415726
SRTF,1500,5043,90,411441,411531,406398,406488,406398
SRTF,4560,5043,79,315291,315370,310248,310327,310248
SRTF,1902,5047,95,456000,456095,450953,451048,450953
SRTF,4238,5047,74,276584,276658,271537,271611,271537
SRTF,4454,5048,14,10154,10168,5106,5120,5106
SRTF,16,5051,68,235645,235713,230594,230662,230594
SRTF,1977,5051,48,116837,116885,111786,111834,111786
SRTF,5519,5051,26,35380,35406,30329,30355,30329
SRTF,9339,5052,16,13530,13546,8478,8494,8478
SRTF,459,5052,35,62073,62108,57021,57056,57021
SRTF,6575,5053,49,122353,122402,117300,117349,117300
SRTF,4752,5054,58,171891,171949,166837,166895,166837
SRTF,2851,5054,44,96726,96770,91672,91716,91672
SRTF,2518,5055,84,356350,356434,351295,351379,351295
SRTF,111,5056,21,23688,23709,18632,18653,18632
SRTF,7294,5057,18,17079,17097,12022,12040,12022
SRTF,3977,5057,89,401768,401857,396711,396800,396711
SRTF,7284,5057,3,5061,5064,4,7,4
SRTF,3863,5059,26,35406,35432,30347,30373,30347
SRTF,5012,5060,95,456095,456190,451035,451130,451035
SRTF,8093,5061,49,122402,122451,117341,117390,117341
SRTF,7976,5062,86,373960,374046,368898,368984,368898
SRTF,627,5063,52,138643,138695,133580,133632,133580
SRTF,2648,5063,66,221243,221309,216180,216246,216180
SRTF,9907,5064,10,5064,5074,0,10,0
SRTF,6697,5065,61,188052,188113,182987,183048,182987
SRTF,9731,5065,51,132719,132770,127654,127705,127654
SRTF,4321,5067,96,465550,465646,460483,460579,460483
SRTF,2405,5068,17,15173,15190,10105,10122,10105
SRTF,5694,5068,94,448053,448147,442985,443079,442985
SRTF,1423,5068,48,116885,116933,111817,111865,111817
SRTF,7545,5072,20,21342,21362,16270,16290,16270
SRTF,7091,5073,75,283960,284035,278887,278962,278887
SRTF,6947,5073,96,465646,465742,460573,460669,460573
SRTF,499,5073,24,30418,30442,25345,25369,25345
SRTF,5581,5074,18,17097,17115,12023,12041,12023
SRTF,4353,5074,81,331128,331209,326054,326135,326054
SRTF,2702,5075,80,323878,323958,318803,318883,318803
SRTF,5812,5077,51,132770,132821,127693,127744,127693
SRTF,6926,5077,40,80608,80648,75531,75571,75531
SRTF,2108,5078,77,298039,298116,292961,293038,292961
SRTF,9124,5080,25,32670,32695,27590,27615,27590
SRTF,1091,5083,26,35432,35458,30349,30375,30349
SRTF,9456,5084,25,32695,32720,27611,27636,27611
SRTF,1478,5084,27,37956,37983,32872,32899,32872
SRTF,3381,5085,72,262271,262343,257186,257258,257186
SRTF,1294,5085,17,15190,15207,10105,10122,10105
SRTF,7471,5085,45,101750,101795,96665,96710,96665
SRTF,7447,5086,42,88545,88587,83459,83501,83459
SRTF,8784,5086,9,5086,5095,0,9,0
SRTF,3179,5086,38,72788,72826,67702,67740,67702
SRTF,8304,5087,27,37983,38010,32896,32923,32896
SRTF,313,5088,4,5095,5099,7,11,7
SRTF,5362,5089,40,80648,80688,75559,75599,75559
SRTF,6066,5091,43,92109,92152,87018,87061,87018
SRTF,6264,5092,6,5099,5105,7,13,7
SRTF,2789,5093,66,221309,221375,216216,216282,216216
SRTF,2376,5093,13,5314,5327,221,234,221
SRTF,7363,5095,9,5108,5117,13,22,13
SRTF,3932,5097,62,194820,194882,189723,189785,189723
SRTF,9975,5097,97,475587,475684,470490,470587,470490
SRTF,1967,5101,43,92152,92195,87051,87094,87051
SRTF,3349,5102,79,315370,315449,310268,310347,310268
SRTF,3854,5103,34,58631,58665,53528,53562,53528
SRTF,500,5104,15,11845,11860,6741,6756,6741
SRTF,1810,5105,43,92195,92238,87090,87133,87090
SRTF,2424,5105,88,393012,393100,387907,387995,387907
SRTF,8712,5105,3,5105,5108,0,3,0
SRTF,8501,5108,11,5117,5128,9,20,9
SRTF,2587,5108,65,214568,214633,209460,209525,209460
SRTF,1567,5109,28,40628,40656,35519,35547,35519
SRTF,1012,5109,45,101795,101840,96686,96731,96686
SRTF,5602,5109,15,11860,11875,6751,6766,6751
SRTF,2572,5110,29,43568,43597,38458,38487,38458
SRTF,2339,5110,83,348669,348752,343559,343642,343559
SRTF,6472,5111,72,262343,262415,257232,257304,257232
SRTF,9938,5113,63,201068,201131,195955,196018,195955
SRTF,7757,5114,51,132821,132872,127707,127758,127707
SRTF,730,5115,22,25983,26005,20868,20890,20868
SRTF,132,5116,69,241744,241813,236628,236697,236628
SRTF,3783,5119,54,150622,150676,145503,145557,145503
SRTF,8910,5121,29,43597,43626,38476,38505,38476
SRTF,8496,5122,16,13546,13562,8424,8440,8424
SRTF,803,5122,28,40656,40684,35534,35562,35534
SRTF,662,5124,69,241813,241882,236689,236758,236689
SRTF,771,5124,35,62108,62143,56984,57019,56984
SRTF,3951,5126,4,5128,5132,2,6,2
SRTF,1502,5126,20,21362,21382,16236,16256,16236
SRTF,802,5126,19,19335,19354,14209,14228,14209
SRTF,6160,5127,82,339674,339756,334547,334629,334547
SRTF,7689,5127,73,270035,270108,264908,264981,264908
SRTF,8604,5130,70,247987,248057,242857,242927,242857
SRTF,7025,5131,81,331209,331290,326078,326159,326078
SRTF,3659,5131,30,46139,46169,41008,41038,41008
SRTF,2325,5132,74,276658,276732,271526,271600,271526
SRTF,122,5134,18,17115,17133,11981,11999,11981
SRTF,1255,5136,65,214633,214698,209497,209562,209497
SRTF,1234,5136,42,88587,88629,83451,83493,83451
SRTF,9491,5137,68,235713,235781,230576,230644,230576
SRTF,9253,5138,23,27923,27946,22785,22808,22785
SRTF,3551,5141,9,5144,5153,3,12,3
SRTF,8086,5141,17,15207,15224,10066,10083,10066
SRTF,9454,5141,99,492741,492840,487600,487699,487600
SRTF,7642,5141,54,150676,150730,145535,145589,145535
SRTF,942,5142,26,35458,35484,30316,30342,30316
SRTF,9647,5145,88,393100,393188,387955,388043,387955
SRTF,6961,5147,42,88629,88671,83482,83524,83482
SRTF,8681,5150,82,339756,339838,334606,334688,334606
SRTF,1453,5150,22,26005,26027,20855,20877,20855
SRTF,9277,5152,38,72826,72864,67674,67712,67674
SRTF,7887,5153,46,106801,106847,101648,101694,101648
SRTF,7216,5153,27,38010,38037,32857,32884,32857
SRTF,9856,5154,37,68999,69036,63845,63882,63845
SRTF,2731,5154,33,55342,55375,50188,50221,50188
SRTF,3420,5158,15,11875,11890,6717,6732,6717
SRTF,6283,5159,81,331290,331371,326131,326212,326131
SRTF,2898,5160,61,188113,188174,182953,183014,182953
SRTF,539,5161,85,364972,365057,359811,359896,359811
SRTF,5095,5162,3,5165,5168,3,6,3
SRTF,4201,5162,76,290762,290838,285600,285676,285600
SRTF,3898,5164,25,32720,32745,27556,27581,27556
SRTF,3782,5166,78,306182,306260,301016,301094,301016
SRTF,8453,5166,56,159976,160032,154810,154866,154810
SRTF,8894,5167,98,484266,484364,479099,479197,479099
SRTF,4024,5167,81,331371,331452,326204,326285,326204
SRTF,6656,5171,92,430194,430286,425023,425115,425023
SRTF,188,5172,88,393188,393276,388016,388104,388016
SRTF,8321,5173,19,19354,19373,14181,14200,14181
SRTF,2106,5175,90,411531,411621,406356,406446,406356
SRTF,6550,5176,62,194882,194944,189706,189768,189706
SRTF,398,5177,80,323958,324038,318781,318861,318781
SRTF,5639,5178,90,411621,411711,406443,406533,406443
SRTF,1758,5178,33,55375,55408,50197,50230,50197
SRTF,3729,5178,21,23709,23730,18531,18552,18531
SRTF,1541,5179,42,88671,88713,83492,83534,83492
SRTF,2097,5179,98,484364,484462,479185,479283,479185
SRTF,1069,5182,32,52676,52708,47494,47526,47494
SRTF,3263,5184,5,5192,5197,8,13,8
SRTF,4685,5184,8,5197,5205,13,21,13
SRTF,3123,5185,71,254405,254476,249220,249291,249220
SRTF,6718,5185,20,21382,21402,16197,16217,16197
SRTF,5215,5185,43,92238,92281,87053,87096,87053
SRTF,5793,5187,55,155368,155423,150181,150236,150181
SRTF,7292,5188,91,420858,420949,415670,415761,415670
SRTF,429,5188,84,356434,356518,351246,351330,351246
SRTF,1971,5189,54,150730,150784,145541,145595,145541
SRTF,2340,5189,83,348752,348835,343563,343646,343563
SRTF,9492,5189,39,76663,76702,71474,71513,71474
SRTF,8251,5190,48,116933,116981,111743,111791,111743
SRTF,6096,5190,83,348835,348918,343645,343728,343645
SRTF,4,5191,81,331452,331533,326261,326342,326261
SRTF,7162,5191,22,26027,26049,20836,20858,20836
SRTF,8757,5192,9,5205,5214,13,22,13
SRTF,6881,5192,69,241882,241951,236690,236759,236690
SRTF,7000,5192,70,248057,248127,242865,242935,242865
SRTF,7632,5193,19,19373,19392,14180,14199,14180
SRTF,4984,5197,14,10168,10182,4971,4985,4971
SRTF,6147,5200,74,276732,276806,271532,271606,271532
SRTF,4335,5201,66,221375,221441,216174,216240,216174
SRTF,8738,5202,85,365057,365142,359855,359940,359855
SRTF,1904,5203,57,165908,165965,160705,160762,160705
SRTF,6140,5204,47,111131,111178,105927,105974,105927
SRTF,9534,5205,43,92281,92324,87076,87119,87076
SRTF,9179,5206,18,17133,17151,11927,11945,11927
SRTF,1119,5207,33,55408,55441,50201,50234,50201
SRTF,4318,5208,92,430286,430378,425078,425170,425078
SRTF,1816,5208,96,465742,465838,460534,460630,460534
SRTF,5225,5209,8,5229,5237,20,28,20
SRTF,6729,5210,56,160032,160088,154822,154878,154822
SRTF,7753,5212,68,235781,235849,230569,230637,230569
SRTF,4212,5213,4,5214,5218,1,5,1
SRTF,5543,5214,21,23730,23751,18516,18537,18516
SRTF,7011,5218,4,5218,5222,0,4,0
SRTF,9517,5220,65,214698,214763,209478,209543,209478
SRTF,8548,5221,8,5245,5253,24,32,24
SRTF,380,5222,7,5222,5229,0,7,0
SRTF,2560,5223,76,290838,290914,285615,285691,285615
SRTF,3333,5223,72,262415,262487,257192,257264,257192
SRTF,5042,5229,41,84853,84894,79624,79665,79624
SRTF,9641,5229,19,19392,19411,14163,14182,14163
SRTF,6967,5231,61,188174,188235,182943,183004,182943
SRTF,5075,5231,89,401857,401946,396626,396715,396626
SRTF,4169,5232,64,207988,208052,202756,202820,202756
SRTF,1092,5232,46,106847,106893,101615,101661,101615
SRTF,171,5232,78,306260,306338,301028,301106,301028
SRTF,6416,5233,30,46169,46199,40936,40966,40936
SRTF,1424,5233,12,5272,5284,39,51,39
SRTF,8357,5234,17,15224,15241,9990,10007,9990
SRTF,6712,5235,50,127114,127164,121879,121929,121879
SRTF,2390,5237,7,5237,5244,0,7,0
SRTF,412,5237,77,298116,298193,292879,292956,292879
SRTF,1795,5238,66,221441,221507,216203,216269,216203
SRTF,785,5240,23,27946,27969,22706,22729,22706
SRTF,9097,5241,28,40684,40712,35443,35471,35443
SRTF,3373,5241,57,165965,166022,160724,160781,160724
SRTF,3120,5242,53,144363,144416,139121,139174,139121
SRTF,1872,5243,39,76702,76741,71459,71498,71459
SRTF,3329,5243,56,160088,160144,154845,154901,154845
SRTF,4713,5244,1,5244,5245,0,1,0
SRTF,8001,5246,42,88713,88755,83467,83509,83467
SRTF,7663,5246,68,235849,235917,230603,230671,230603
SRTF,4995,5247,10,5253,5263,6,16,6
SRTF,8373,5247,85,365142,365227,359895,359980,359895
SRTF,2585,5248,22,26049,26071,20801,20823,20801
SRTF,7240,5249,44,96770,96814,91521,91565,91521
SRTF,187,5249,45,101840,101885,96591,96636,96591
SRTF,1989,5249,44,96814,96858,91565,91609,91565
SRTF,2346,5251,21,23751,23772,18500,18521,18500
SRTF,1861,5252,24,30442,30466,25190,25214,25190
SRTF,6086,5253,40,80688,80728,75435,75475,75435
SRTF,5448,5254,81,331533,331614,326279,326360,326279
SRTF,9868,5255,85,365227,365312,359972,360057,359972
SRTF,8430,5255,75,284035,284110,278780,278855,278780
SRTF,4025,5255,65,214763,214828,209508,209573,209508
SRTF,913,5256,52,138695,138747,133439,133491,133439
SRTF,8123,5257,41,84894,84935,79637,79678,79637
SRTF,94,5258,58,171949,172007,166691,166749,166691
SRTF,3396,5258,40,80728,80768,75470,75510,75470
SRTF,3589,5260,69,241951,242020,236691,236760,236691
SRTF,8108,5260,66,221507,221573,216247,216313,216247
SRTF,9710,5261,87,383741,383828,378480,378567,378480
SRTF,6285,5262,9,5263,5272,1,10,1
SRTF,8039,5263,67,228687,228754,223424,223491,223424
SRTF,9552,5263,90,411711,411801,406448,406538,406448
SRTF,7824,5264,30,46199,46229,40935,40965,40935
SRTF,5385,5266,75,284110,284185,278844,278919,278844
SRTF,9410,5266,59,177508,177567,172242,172301,172242
SRTF,5874,5269,40,80768,80808,75499,75539,75499
SRTF,8354,5273,67,228754,228821,223481,223548,223481
SRTF,5201,5275,67,228821,228888,223546,223613,223546
SRTF,7541,5275,37,69036,69073,63761,63798,63761
SRTF,85,5276,17,15241,15258,9965,9982,9965
SRTF,3192,5276,50,127164,127214,121888,121938,121888
SRTF,8948,5279,14,10182,10196,4903,4917,4903
SRTF,2023,5280,4,5284,5288,4,8,4
SRTF,6585,5281,69,242020,242089,236739,236808,236739
SRTF,3805,5283,68,235917,235985,230634,230702,230634
SRTF,9487,5283,43,92324,92367,87041,87084,87041
SRTF,8345,5285,30,46229,46259,40944,40974,40944
SRTF,6746,5285,76,290914,290990,285629,285705,285629
SRTF,3759,5285,58,172007,172065,166722,166780,166722
SRTF,3628,5287,63,201131,201194,195844,195907,195844
SRTF,898,5287,28,40712,40740,35425,35453,35425
SRTF,6400,5287,24,30466,30490,25179,25203,25179
SRTF,6276,5288,90,411801,411891,406513,406603,406513
SRTF,6383,5289,18,17151,17169,11862,11880,11862
SRTF,1990,5291,32,52708,52740,47417,47449,47417
SRTF,1908,5291,54,150784,150838,145493,145547,145493
SRTF,9664,5292,20,21402,21422,16110,16130,16110
SRTF,557,5293,51,132872,132923,127579,127630,127579
SRTF,1416,5295,37,69073,69110,63778,63815,63778
SRTF,8543,5295,44,96858,96902,91563,91607,91563
SRTF,5405,5296,89,401946,402035,396650,396739,396650
SRTF,8366,5298,60,183641,183701,178343,178403,178343
SRTF,2037,5299,51,132923,132974,127624,127675,127624
SRTF,1054,5299,64,208052,208116,202753,202817,202753
SRTF,4931,5300,51,132974,133025,127674,127725,127674
SRTF,581,5301,47,111178,111225,105877,105924,105877
SRTF,9460,5302,76,290990,291066,285688,285764,285688
SRTF,8634,5302,54,150838,150892,145536,145590,145536
SRTF,6509,5303,41,84935,84976,79632,79673,79632
SRTF,4502,5305,91,420949,421040,415644,415735,415644
SRTF,540,5305,51,133025,133076,127720,127771,127720
SRTF,3830,5307,27,38037,38064,32730,32757,32730
SRTF,6270,5307,72,262487,262559,257180,257252,257180
SRTF,4899,5308,59,177567,177626,172259,172318,172259
SRTF,5626,5308,30,46259,46289,40951,40981,40951
SRTF,8793,5308,99,492840,492939,487532,487631,487532
SRTF,3568,5310,78,306338,306416,301028,301106,301028
SRTF,8581,5310,79,315449,315528,310139,310218,310139
SRTF,15,5311,65,214828,214893,209517,209582,209517
SRTF,6088,5311,81,331614,331695,326303,326384,326303
SRTF,4699,5313,92,430378,430470,425065,425157,425065
SRTF,4532,5314,98,484462,484560,479148,479246,479148
SRTF,381,5315,37,69110,69147,63795,63832,63795
SRTF,6624,5315,64,208116,208180,202801,202865,202801
SRTF,7715,5316,90,411891,411981,406575,406665,406575
SRTF,4719,5316,70,248127,248197,242811,242881,242811
SRTF,7112,5317,49,122451,122500,117134,117183,117134
SRTF,8811,5318,88,393276,393364,387958,388046,387958
SRTF,7925,5319,12,5327,5339,8,20,8
SRTF,1270,5319,74,276806,276880,271487,271561,271487
SRTF,9822,5319,16,13562,13578,8243,8259,8243
SRTF,644,5320,43,92367,92410,87047,87090,87047
SRTF,6796,5322,30,46289,46319,40967,40997,40967
SRTF,8121,5322,50,127214,127264,121892,121942,121892
SRTF,8940,5323,96,465838,465934,460515,460611,460515
SRTF,7712,5324,23,27969,27992,22645,22668,22645
SRTF,5865,5325,74,276880,276954,271555,271629,271555
SRTF,5111,5326,20,21422,21442,16096,16116,16096
SRTF,9974,5327,99,492939,493038,487612,487711,487612
SRTF,8577,5328,88,393364,393452,388036,388124,388036
SRTF,8753,5329,25,32745,32770,27416,27441,27416
SRTF,2218,5330,40,80808,80848,75478,75518,75478
SRTF,4033,5330,37,69147,69184,63817,63854,63817
SRTF,7508,5330,36,65597,65633,60267,60303,60267
SRTF,545,5334,42,88755,88797,83421,83463,83421
SRTF,6925,5335,29,43626,43655,38291,38320,38291
SRTF,6853,5336,38,72864,72902,67528,67566,67528
SRTF,5896,5338,66,221573,221639,216235,216301,216235
SRTF,2267,5341,48,116981,117029,111640,111688,111640
SRTF,862,5342,99,493038,493137,487696,487795,487696
SRTF,1772,5342,68,235985,236053,230643,230711,230643
SRTF,2316,5343,90,411981,412071,406638,406728,406638
SRTF,1464,5343,80,324038,324118,318695,318775,318695
SRTF,8739,5344,59,177626,177685,172282,172341,172282
SRTF,3326,5345,48,117029,117077,111684,111732,111684
SRTF,1499,5346,59,177685,177744,172339,172398,172339
SRTF,3030,5347,27,38064,38091,32717,32744,32717
SRTF,2454,5347,64,208180,208244,202833,202897,202833
SRTF,611,5348,15,11890,11905,6542,6557,6542
SRTF,1472,5352,50,127264,127314,121912,121962,121912
SRTF,9826,5353,21,23772,23793,18419,18440,18419
SRTF,9820,5355,30,46319,46349,40964,40994,40964
SRTF,3238,5355,30,46349,46379,40994,41024,40994
SRTF,7532,5356,13,5459,5472,103,116,103
SRTF,6295,5356,51,133076,133127,127720,127771,127720
SRTF,6677,5360,93,438331,438424,432971,433064,432971
SRTF,6999,5362,84,356518,356602,351156,351240,351156
SRTF,6093,5365,2,5367,5369,2,4,2
SRTF,4499,5366,53,144416,144469,139050,139103,139050
SRTF,3412,5366,78,306416,306494,301050,301128,301050
SRTF,6187,5367,12,5369,5381,2,14,2
SRTF,4668,5368,88,393452,393540,388084,388172,388084
SRTF,9603,5369,43,92410,92453,87041,87084,87041
SRTF,1768,5370,12,5389,5401,19,31,19
SRTF,1414,5370,91,421040,421131,415670,415761,415670
SRTF,8765,5372,72,262559,262631,257187,257259,257187
SRTF,971,5373,52,138747,138799,133374,133426,133374
SRTF,8513,5374,19,19411,19430,14037,14056,14037
SRTF,2724,5374,28,40740,40768,35366,35394,35366
SRTF,4386,5374,8,5381,5389,7,15,7
SRTF,6255,5378,29,43655,43684,38277,38306,38277
SRTF,9634,5383,51,133127,133178,127744,127795,127744
SRTF,1625,5383,69,242089,242158,236706,236775,236706
SRTF,1272,5387,31,49030,49061,43643,43674,43643
SRTF,8498,5387,90,412071,412161,406684,406774,406684
SRTF,462,5387,16,13578,13594,8191,8207,8191
SRTF,3949,5388,78,306494,306572,301106,301184,301106
SRTF,8151,5389,69,242158,242227,236769,236838,236769
SRTF,8519,5390,48,117077,117125,111687,111735,111687
SRTF,1536,5390,20,21442,21462,16052,16072,16052
SRTF,3,5390,41,84976,85017,79586,79627,79586
SRTF,8777,5392,10,5408,5418,16,26,16
SRTF,1302,5392,76,291066,291142,285674,285750,285674
SRTF,41,5393,17,15258,15275,9865,9882,9865
SRTF,8420,5393,67,228888,228955,223495,223562,223495
SRTF,2700,5394,23,27992,28015,22598,22621,22598
SRTF,4156,5395,7,5401,5408,6,13,6
SRTF,9267,5397,78,306572,306650,301175,301253,301175
SRTF,6556,5398,39,76741,76780,71343,71382,71343
SRTF,5883,5398,43,92453,92496,87055,87098,87055
SRTF,7165,5401,93,438424,438517,433023,433116,433023
SRTF,843,5401,81,331695,331776,326294,326375,326294
SRTF,7427,5402,57,166022,166079,160620,160677,160620
SRTF,5199,5402,38,72902,72940,67500,67538,67500
SRTF,9666,5403,35,62143,62178,56740,56775,56740
SRTF,8419,5404,44,96902,96946,91498,91542,91498
SRTF,8112,5406,71,254476,254547,249070,249141,249070
SRTF,6742,5408,14,10196,10210,4788,4802,4788
SRTF,962,5408,16,13594,13610,8186,8202,8186
SRTF,1220,5408,28,40768,40796,35360,35388,35360
SRTF,7959,5409,86,374046,374132,368637,368723,368637
SRTF,3132,5409,39,76780,76819,71371,71410,71371
SRTF,3117,5409,94,448147,448241,442738,442832,442738
SRTF,2783,5410,74,276954,277028,271544,271618,271544
SRTF,8105,5411,42,88797,88839,83386,83428,83386
SRTF,6174,5413,8,5426,5434,13,21,13
SRTF,2513,5413,72,262631,262703,257218,257290,257218
SRTF,918,5415,47,111225,111272,105810,105857,105810
SRTF,1207,5415,57,166079,166136,160664,160721,160664
SRTF,4274,5415,2,5418,5420,3,5,3
SRTF,2551,5416,36,65633,65669,60217,60253,60217
SRTF,5658,5417,70,248197,248267,242780,242850,242780
SRTF,7082,5419,3,5420,5423,1,4,1
SRTF,1581,5420,65,214893,214958,209473,209538,209473
SRTF,240,5423,3,5423,5426,0,3,0
SRTF,3227,5423,41,85017,85058,79594,79635,79594
SRTF,7372,5424,86,374132,374218,368708,368794,368708
SRTF,7583,5424,38,72940,72978,67516,67554,67516
SRTF,6021,5427,96,465934,466030,460507,460603,460507
SRTF,5387,5428,1,5434,5435,6,7,6
SRTF,1370,5429,48,117125,117173,111696,111744,111696
SRTF,9732,5430,13,5678,5691,248,261,248
SRTF,2474,5432,9,5435,5444,3,12,3
SRTF,7563,5432,99,493137,493236,487705,487804,487705
SRTF,2626,5433,37,69184,69221,63751,63788,63751
SRTF,2375,5433,67,228955,229022,223522,223589,223522
SRTF,2047,5435,73,270108,270181,264673,264746,264673
SRTF,8096,5435,18,17169,17187,11734,11752,11734
SRTF,8605,5439,23,28015,28038,22576,22599,22576
SRTF,2223,5439,30,46379,46409,40940,40970,40940
SRTF,3059,5442,7,5444,5451,2,9,2
SRTF,327,5442,95,456190,456285,450748,450843,450748
SRTF,7326,5442,34,58665,58699,53223,53257,53223
SRTF,2839,5443,39,76819,76858,71376,71415,71376
SRTF,1471,5445,60,183701,183761,178256,178316,178256
SRTF,3525,5445,56,160144,160200,154699,154755,154699
SRTF,1865,5445,66,221639,221705,216194,216260,216194
SRTF,4405,5447,79,315528,315607,310081,310160,310081
SRTF,8837,5448,97,475684,475781,470236,470333,470236
SRTF,2109,5448,76,291142,291218,285694,285770,285694
SRTF,741,5449,90,412161,412251,406712,406802,406712
SRTF,4801,5450,8,5451,5459,1,9,1
SRTF,1832,5450,91,421131,421222,415681,415772,415681
SRTF,150,5450,17,15275,15292,9825,9842,9825
SRTF,3395,5451,26,35484,35510,30033,30059,30033
SRTF,5317,5452,22,26071,26093,20619,20641,20619
SRTF,4628,5454,34,58699,58733,53245,53279,53245
SRTF,5684,5454,71,254547,254618,249093,249164,249093
SRTF,4068,5455,63,201194,201257,195739,195802,195739
SRTF,4291,5457,40,80848,80888,75391,75431,75391
SRTF,4306,5462,75,284185,284260,278723,278798,278723
SRTF,8045,5463,80,324118,324198,318655,318735,318655
SRTF,7547,5463,11,5475,5486,12,23,12
SRTF,2804,5463,34,58733,58767,53270,53304,53270
SRTF,1571,5463,3,5472,5475,9,12,9
SRTF,90,5463,12,5528,5540,65,77,65
SRTF,9563,5467,17,15292,15309,9825,9842,9825
SRTF,921,5468,44,96946,96990,91478,91522,91478
SRTF,1316,5468,57,166136,166193,160668,160725,160668
SRTF,2379,5469,78,306650,306728,301181,301259,301181
SRTF,6614,5470,97,475781,475878,470311,470408,470311
SRTF,5962,5471,25,32770,32795,27299,27324,27299
SRTF,1970,5472,75,284260,284335,278788,278863,278788
SRTF,1176,5475,44,96990,97034,91515,91559,91515
SRTF,2874,5476,8,5486,5494,10,18,10
SRTF,5234,5476,88,393540,393628,388064,388152,388064
SRTF,5695,5480,26,35510,35536,30030,30056,30030
SRTF,6279,5481,97,475878,475975,470397,470494,470397
SRTF,7816,5481,55,155423,155478,149942,149997,149942
SRTF,2801,5482,20,21462,21482,15980,16000,15980
SRTF,9446,5484,58,172065,172123,166581,166639,166581
SRTF,3786,5485,48,117173,117221,111688,111736,111688
SRTF,49,5486,37,69221,69258,63735,63772,63735
SRTF,526,5486,95,456285,456380,450799,450894,450799
SRTF,8484,5487,54,150892,150946,145405,145459,145405
SRTF,3819,5488,12,5615,5627,127,139,127
SRTF,1089,5490,94,448241,448335,442751,442845,442751
SRTF,6512,5490,11,5494,5505,4,15,4
SRTF,1203,5490,97,475975,476072,470485,470582,470485
SRTF,6981,5491,33,55441,55474,49950,49983,49950
SRTF,6530,5492,75,284335,284410,278843,278918,278843
SRTF,8678,5494,88,393628,393716,388134,388222,388134
SRTF,7765,5494,13,5698,5711,204,217,204
SRTF,1909,5495,4,5505,5509,10,14,10
SRTF,6651,5495,81,331776,331857,326281,326362,326281
SRTF,9983,5497,31,49061,49092,43564,43595,43564
SRTF,6479,5497,53,144469,144522,138972,139025,138972
SRTF,2974,5498,6,5509,5515,11,17,11
SRTF,6073,5499,82,339838,339920,334339,334421,334339
SRTF,8829,5499,71,254618,254689,249119,249190,249119
SRTF,7811,5501,81,331857,331938,326356,326437,326356
SRTF,4934,5505,67,229022,229089,223517,223584,223517
SRTF,5299,5506,28,40796,40824,35290,35318,35290
SRTF,7019,5507,35,62178,62213,56671,56706,56671
SRTF,4352,5509,86,374218,374304,368709,368795,368709
SRTF,2219,5510,6,5515,5521,5,11,5
SRTF,7022,5510,71,254689,254760,249179,249250,249179
SRTF,5303,5515,7,5521,5528,6,13,6
SRTF,6348,5515,29,43684,43713,38169,38198,38169
SRTF,6596,5517,19,19430,19449,13913,13932,13913
SRTF,4323,5518,84,356602,356686,351084,351168,351084
SRTF,7411,5519,46,106893,106939,101374,101420,101374
SRTF,3481,5520,45,101885,101930,96365,96410,96365
SRTF,9599,5520,71,254760,254831,249240,249311,249240
SRTF,3899,5520,59,177744,177803,172224,172283,172224
SRTF,5504,5521,17,15309,15326,9788,9805,9788
SRTF,7222,5522,61,188235,188296,182713,182774,182713
SRTF,5993,5523,40,80888,80928,75365,75405,75365
SRTF,2761,5525,50,127314,127364,121789,121839,121789
SRTF,5885,5529,35,62213,62248,56684,56719,56684
SRTF,162,5530,83,348918,349001,343388,343471,343388
SRTF,6253,5533,19,19449,19468,13916,13935,13916
SRTF,233,5534,82,339920,340002,334386,334468,334386
SRTF,7744,5534,95,456380,456475,450846,450941,450846
SRTF,192,5535,19,19468,19487,13933,13952,13933
SRTF,464,5536,93,438517,438610,432981,433074,432981
SRTF,7522,5538,89,402035,402124,396497,396586,396497
SRTF,8271,5539,9,5540,5549,1,10,1
SRTF,254,5539,83,349001,349084,343462,343545,343462
SRTF,1888,5539,9,5557,5566,18,27,18
SRTF,9383,5539,12,5634,5646,95,107,95
SRTF,5135,5540,75,284410,284485,278870,278945,278870
SRTF,5264,5540,96,466030,466126,460490,460586,460490
SRTF,565,5541,8,5549,5557,8,16,8
SRTF,2147,5542,47,111272,111319,105730,105777,105730
SRTF,4971,5543,26,35536,35562,29993,30019,29993
SRTF,1713,5543,69,242227,242296,236684,236753,236684
SRTF,7184,5544,14,10210,10224,4666,4680,4666
SRTF,2920,5546,55,155478,155533,149932,149987,149932
SRTF,8996,5546,23,28038,28061,22492,22515,22492
SRTF,2543,5546,25,32795,32820,27249,27274,27249
SRTF,2052,5548,87,383828,383915,378280,378367,378280
SRTF,7647,5551,78,306728,306806,301177,301255,301177
SRTF,4551,5552,78,306806,306884,301254,301332,301254
SRTF,3943,5552,50,127364,127414,121812,121862,121812
SRTF,6052,5555,97,476072,476169,470517,470614,470517
SRTF,4851,5555,66,221705,221771,216150,216216,216150
SRTF,6507,5555,59,177803,177862,172248,172307,172248
SRTF,9548,5558,11,5568,5579,10,21,10
SRTF,4345,5558,32,52740,52772,47182,47214,47182
SRTF,4619,5558,70,248267,248337,242709,242779,242709
SRTF,7390,5559,93,438610,438703,433051,433144,433051
SRTF,9321,5559,66,221771,221837,216212,216278,216212
SRTF,7589,5560,67,229089,229156,223529,223596,223529
SRTF,5355,5560,39,76858,76897,71298,71337,71298
SRTF,7043,5560,58,172123,172181,166563,166621,166563
SRTF,871,5560,81,331938,332019,326378,326459,326378
SRTF,2460,5560,37,69258,69295,63698,63735,63698
SRTF,8918,5563,2,5566,5568,3,5,3
SRTF,3155,5565,51,133178,133229,127613,127664,127613
SRTF,5672,5565,61,188296,188357,182731,182792,182731
SRTF,695,5565,74,277028,277102,271463,271537,271463
SRTF,6386,5565,49,122500,122549,116935,116984,116935
SRTF,958,5567,12,5648,5660,81,93,81
SRTF,747,5569,73,270181,270254,264612,264685,264612
SRTF,2610,5569,12,5662,5674,93,105,93
SRTF,4368,5570,9,5579,5588,9,18,9
SRTF,3201,5571,99,493236,493335,487665,487764,487665
SRTF,4998,5573,83,349084,349167,343511,343594,343511
SRTF,3241,5574,81,332019,332100,326445,326526,326445
SRTF,8104,5574,60,183761,183821,178187,178247,178187
SRTF,3158,5575,51,133229,133280,127654,127705,127654
SRTF,161,5575,31,49092,49123,43517,43548,43517
SRTF,6930,5577,73,270254,270327,264677,264750,264677
SRTF,7646,5578,92,430470,430562,424892,424984,424892
SRTF,4790,5578,38,72978,73016,67400,67438,67400
SRTF,9,5578,95,456475,456570,450897,450992,450897
SRTF,7227,5579,46,106939,106985,101360,101406,101360
SRTF,6408,5580,36,65669,65705,60089,60125,60089
SRTF,5014,5581,23,28061,28084,22480,22503,22480
SRTF,8518,5582,28,40824,40852,35242,35270,35242
SRTF,5766,5583,81,332100,332181,326517,326598,326517
SRTF,6529,5585,94,448335,448429,442750,442844,442750
SRTF,3172,5585,7,5594,5601,9,16,9
SRTF,772,5585,83,349167,349250,343582,343665,343582
SRTF,5444,5585,50,127414,127464,121829,121879,121829
SRTF,5596,5586,18,17187,17205,11601,11619,11601
SRTF,2354,5588,95,456570,456665,450982,451077,450982
SRTF,1061,5588,94,448429,448523,442841,442935,442841
SRTF,532,5588,6,5588,5594,0,6,0
SRTF,6422,5588,15,11905,11920,6317,6332,6317
SRTF,3170,5590,47,111319,111366,105729,105776,105729
SRTF,9243,5591,11,5601,5612,10,21,10
SRTF,2467,5591,76,291218,291294,285627,285703,285627
SRTF,153,5592,57,166193,166250,160601,160658,160601
SRTF,1846,5592,58,172181,172239,166589,166647,166589
SRTF,4418,5592,79,315607,315686,310015,310094,310015
SRTF,259,5592,40,80928,80968,75336,75376,75336
SRTF,4969,5593,48,117221,117269,111628,111676,111628
SRTF,5078,5594,79,315686,315765,310092,310171,310092
SRTF,5711,5596,63,201257,201320,195661,195724,195661
SRTF,343,5596,77,298193,298270,292597,292674,292597
SRTF,7539,5599,20,21482,21502,15883,15903,15883
SRTF,7798,5599,47,111366,111413,105767,105814,105767
SRTF,5146,5599,13,5739,5752,140,153,140
SRTF,6008,5599,31,49123,49154,43524,43555,43524
SRTF,294,5600,81,332181,332262,326581,326662,326581
SRTF,5409,5602,45,101930,101975,96328,96373,96328
SRTF,5661,5603,44,97034,97078,91431,91475,91431
SRTF,1266,5604,45,101975,102020,96371,96416,96371
SRTF,5255,5606,45,102020,102065,96414,96459,96414
SRTF,8554,5606,3,5612,5615,6,9,6
SRTF,5698,5607,69,242296,242365,236689,236758,236689
SRTF,9391,5607,13,5758,5771,151,164,151
SRTF,2245,5607,88,393716,393804,388109,388197,388109
SRTF,7598,5609,41,85058,85099,79449,79490,79449
SRTF,6927,5611,65,214958,215023,209347,209412,209347
SRTF,8599,5611,69,242365,242434,236754,236823,236754
SRTF,5179,5615,22,26093,26115,20478,20500,20478
SRTF,8300,5615,23,28084,28107,22469,22492,22469
SRTF,6514,5616,19,19487,19506,13871,13890,13871
SRTF,5497,5618,82,340002,340084,334384,334466,334384
SRTF,3936,5618,19,19506,19525,13888,13907,13888
SRTF,95,5618,54,150946,151000,145328,145382,145328
SRTF,2964,5619,80,324198,324278,318579,318659,318579
SRTF,1123,5619,16,13610,13626,7991,8007,7991
SRTF,1152,5619,84,356686,356770,351067,351151,351067
SRTF,3226,5621,13,5771,5784,150,163,150
SRTF,5475,5622,20,21502,21522,15880,15900,15880
SRTF,851,5622,77,298270,298347,292648,292725,292648
SRTF,8025,5622,93,438703,438796,433081,433174,433081
SRTF,2401,5624,61,188357,188418,182733,182794,182733
SRTF,2882,5624,91,421222,421313,415598,415689,415598
SRTF,351,5625,92,430562,430654,424937,425029,424937
SRTF,2686,5626,47,111413,111460,105787,105834,105787
SRTF,4010,5626,26,35562,35588,29936,29962,29936
SRTF,1528,5626,3,5627,5630,1,4,1
SRTF,3924,5628,4,5630,5634,2,6,2
SRTF,6363,5629,48,117269,117317,111640,111688,111640
SRTF,4243,5630,19,19525,19544,13895,13914,13895
SRTF,1681,5631,31,49154,49185,43523,43554,43523
SRTF,3713,5633,45,102065,102110,96432,96477,96432
SRTF,4764,5634,59,177862,177921,172228,172287,172228
SRTF,3531,5634,89,402124,402213,396490,396579,396490
SRTF,6274,5636,37,69295,69332,63659,63696,63659
SRTF,3382,5637,14,10224,10238,4587,4601,4587
SRTF,9216,5640,76,291294,291370,285654,285730,285654
SRTF,8283,5641,68,236053,236121,230412,230480,230412
SRTF,7238,5643,41,85099,85140,79456,79497,79456
SRTF,507,5644,78,306884,306962,301240,301318,301240
SRTF,9604,5644,83,349250,349333,343606,343689,343606
SRTF,616,5645,63,201320,201383,195675,195738,195675
SRTF,6165,5645,24,30490,30514,24845,24869,24845
SRTF,8511,5646,2,5646,5648,0,2,0
SRTF,3122,5647,50,127464,127514,121817,121867,121817
SRTF,6655,5648,90,412251,412341,406603,406693,406603
SRTF,5350,5649,89,402213,402302,396564,396653,396564
SRTF,7397,5649,62,194944,195006,189295,189357,189295
SRTF,5479,5650,31,49185,49216,43535,43566,43535
SRTF,1555,5655,17,15326,15343,9671,9688,9671
SRTF,2067,5656,2,5660,5662,4,6,4
SRTF,1520,5658,27,38091,38118,32433,32460,32433
SRTF,8282,5660,56,160200,160256,154540,154596,154540
SRTF,7380,5660,62,195006,195068,189346,189408,189346
SRTF,4149,5660,96,466126,466222,460466,460562,460466
SRTF,2684,5661,36,65705,65741,60044,60080,60044
SRTF,5200,5663,29,43713,43742,38050,38079,38050
SRTF,9855,5664,22,26115,26137,20451,20473,20451
SRTF,9295,5664,56,160256,160312,154592,154648,154592
SRTF,6704,5666,65,215023,215088,209357,209422,209357
SRTF,2953,5668,14,10238,10252,4570,4584,4570
SRTF,3835,5668,43,92496,92539,86828,86871,86828
SRTF,3095,5668,99,493335,493434,487667,487766,487667
SRTF,4118,5669,68,236121,236189,230452,230520,230452
SRTF,2811,5670,84,356770,356854,351100,351184,351100
SRTF,6535,5670,15,11920,11935,6250,6265,6250
SRTF,2117,5671,58,172239,172297,166568,166626,166568
SRTF,9129,5672,4,5674,5678,2,6,2
SRTF,9896,5672,70,248337,248407,242665,242735,242665
SRTF,3230,5672,97,476169,476266,470497,470594,470497
SRTF,4968,5672,78,306962,307040,301290,301368,301290
SRTF,5290,5673,30,46409,46439,40736,40766,40736
SRTF,5023,5675,72,262703,262775,257028,257100,257028
SRTF,2452,5675,63,201383,201446,195708,195771,195708
SRTF,64,5675,35,62248,62283,56573,56608,56573
SRTF,6726,5676,57,166250,166307,160574,160631,160574
SRTF,7123,5677,79,315765,315844,310088,310167,310088
SRTF,3563,5679,33,55474,55507,49795,49828,49795
SRTF,6057,5680,26,35588,35614,29908,29934,29908
SRTF,7198,5682,13,5784,5797,102,115,102
SRTF,6185,5682,5,5691,5696,9,14,9
SRTF,8196,5684,32,52772,52804,47088,47120,47088
SRTF,3368,5685,38,73016,73054,67331,67369,67331
SRTF,3138,5686,64,208244,208308,202558,202622,202558
SRTF,1368,5690,18,17205,17223,11515,11533,11515
SRTF,3341,5690,78,307040,307118,301350,301428,301350
SRTF,377,5691,14,10252,10266,4561,4575,4561
SRTF,8780,5692,47,111460,111507,105768,105815,105768
SRTF,8915,5692,25,32820,32845,27128,27153,27128
SRTF,9977,5692,57,166307,166364,160615,160672,160615
SRTF,2130,5693,93,438796,438889,433103,433196,433103
SRTF,3700,5693,33,55507,55540,49814,49847,49814
SRTF,6050,5694,75,284485,284560,278791,278866,278791
SRTF,7235,5694,17,15343,15360,9649,9666,9649
SRTF,3784,5694,47,111507,111554,105813,105860,105813
SRTF,7819,5695,1,5696,5697,1,2,1
SRTF,4797,5695,21,23793,23814,18098,18119,18098
SRTF,5123,5696,32,52804,52836,47108,47140,47108
SRTF,9483,5697,1,5697,5698,0,1,0
SRTF,4523,5698,35,62283,62318,56585,56620,56585
SRTF,1926,5699,21,23814,23835,18115,18136,18115
SRTF,268,5699,72,262775,262847,257076,257148,257076
SRTF,1962,5699,20,21522,21542,15823,15843,15823
SRTF,9949,5704,11,5716,5727,12,23,12
SRTF,1814,5704,5,5711,5716,7,12,7
SRTF,6201,5705,32,52836,52868,47131,47163,47131
SRTF,5433,5708,52,138799,138851,133091,133143,133091
SRTF,4103,5710,22,26137,26159,20427,20449,20427
SRTF,652,5713,83,349333,349416,343620,343703,343620
SRTF,2722,5717,99,493434,493533,487717,487816,487717
SRTF,5768,5718,81,332262,332343,326544,326625,326544
SRTF,6240,5720,90,412341,412431,406621,406711,406621
SRTF,7357,5720,37,69332,69369,63612,63649,63612
SRTF,8900,5720,58,172297,172355,166577,166635,166577
SRTF,3439,5722,35,62318,62353,56596,56631,56596
SRTF,1722,5724,55,155533,155588,149809,149864,149809
SRTF,9755,5724,5,5727,5732,3,8,3
SRTF,6493,5724,98,484560,484658,478836,478934,478836
SRTF,470,5726,14,10266,10280,4540,4554,4540
SRTF,6856,5728,57,166364,166421,160636,160693,160636
SRTF,9345,5729,7,5732,5739,3,10,3
SRTF,5549,5730,25,32845,32870,27115,27140,27115
SRTF,5407,5730,74,277102,277176,271372,271446,271372
SRTF,9961,5731,74,277176,277250,271445,271519,271445
SRTF,5598,5731,15,11935,11950,6204,6219,6204
SRTF,1018,5732,78,307118,307196,301386,301464,301386
SRTF,461,5732,97,476266,476363,470534,470631,470534
SRTF,8803,5733,49,122549,122598,116816,116865,116816
SRTF,5,5734,47,111554,111601,105820,105867,105820
SRTF,4735,5737,27,38118,38145,32381,32408,32381
SRTF,3197,5738,37,69369,69406,63631,63668,63631
SRTF,7167,5738,69,242434,242503,236696,236765,236696
SRTF,3834,5738,47,111601,111648,105863,105910,105863
SRTF,6616,5739,18,17223,17241,11484,11502,11484
SRTF,9713,5740,61,188418,188479,182678,182739,182678
SRTF,9945,5741,77,298347,298424,292606,292683,292606
SRTF,4160,5741,14,10280,10294,4539,4553,4539
SRTF,960,5742,6,5752,5758,10,16,10
SRTF,2928,5744,17,15360,15377,9616,9633,9616
SRTF,484,5745,20,21542,21562,15797,15817,15797
SRTF,9906,5745,76,291370,291446,285625,285701,285625
SRTF,818,5750,28,40852,40880,35102,35130,35102
SRTF,4254,5750,87,383915,384002,378165,378252,378165
SRTF,8072,5752,68,236189,236257,230437,230505,230437
SRTF,1919,5752,63,201446,201509,195694,195757,195694
SRTF,5509,5753,57,166421,166478,160668,160725,160668
SRTF,3566,5754,19,19544,19563,13790,13809,13790
SRTF,6418,5755,74,277250,277324,271495,271569,271495
SRTF,7974,5755,56,160312,160368,154557,154613,154557
SRTF,3714,5755,41,85140,85181,79385,79426,79385
SRTF,9893,5756,80,324278,324358,318522,318602,318522
SRTF,8755,5756,79,315844,315923,310088,310167,310088
SRTF,1781,5757,24,30514,30538,24757,24781,24757
SRTF,225,5759,22,26159,26181,20400,20422,20400
SRTF,1235,5760,86,374304,374390,368544,368630,368544
SRTF,955,5765,59,177921,177980,172156,172215,172156
SRTF,8802,5769,46,106985,107031,101216,101262,101216
SRTF,2079,5772,78,307196,307274,301424,301502,301424
SRTF,8437,5773,38,73054,73092,67281,67319,67281
SRTF,2522,5774,32,52868,52900,47094,47126,47094
SRTF,3124,5776,75,284560,284635,278784,278859,278784
SRTF,1544,5776,89,402302,402391,396526,396615,396526
SRTF,2090,5777,81,332343,332424,326566,326647,326566
SRTF,3234,5777,60,183821,183881,178044,178104,178044
SRTF,9205,5778,13,6022,6035,244,257,244
SRTF,992,5779,66,221837,221903,216058,216124,216058
SRTF,2646,5779,33,55540,55573,49761,49794,49761
SRTF,8029,5780,69,242503,242572,236723,236792,236723
SRTF,4167,5780,75,284635,284710,278855,278930,278855
SRTF,8050,5781,77,298424,298501,292643,292720,292643
SRTF,2029,5782,48,117317,117365,111535,111583,111535
SRTF,9531,5782,45,102110,102155,96328,96373,96328
SRTF,7199,5782,43,92539,92582,86757,86800,86757
SRTF,3922,5783,28,40880,40908,35097,35125,35097
SRTF,8110,5783,95,456665,456760,450882,450977,450882
SRTF,2256,5784,39,76897,76936,71113,71152,71113
SRTF,6867,5785,13,6247,6260,462,475,462
SRTF,3701,5788,92,430654,430746,424866,424958,424866
SRTF,961,5788,53,144522,144575,138734,138787,138734
SRTF,9766,5789,82,340084,340166,334295,334377,334295
SRTF,3145,5789,8,5812,5820,23,31,23
SRTF,9122,5790,42,88839,88881,83049,83091,83049
SRTF,9561,5790,71,254831,254902,249041,249112,249041
SRTF,190,5791,7,5797,5804,6,13,6
SRTF,1592,5791,41,85181,85222,79390,79431,79390
SRTF,7253,5791,44,97078,97122,91287,91331,91287
SRTF,7910,5791,9,5836,5845,45,54,45
SRTF,3199,5793,27,38145,38172,32352,32379,32352
SRTF,9514,5794,14,10294,10308,4500,4514,4500
SRTF,6982,5795,52,138851,138903,133056,133108,133056
SRTF,7299,5796,26,35614,35640,29818,29844,29818
SRTF,1179,5796,59,177980,178039,172184,172243,172184
SRTF,1093,5797,46,107031,107077,101234,101280,101234
SRTF,1564,5797,7,5805,5812,8,15,8
SRTF,5279,5798,15,11950,11965,6152,6167,6152
SRTF,8583,5799,1,5804,5805,5,6,5
SRTF,344,5801,45,102155,102200,96354,96399,96354
SRTF,5931,5801,73,270327,270400,264526,264599,264526
SRTF,3045,5806,82,340166,340248,334360,334442,334360
SRTF,2835,5806,57,166478,166535,160672,160729,160672
SRTF,5671,5806,48,117365,117413,111559,111607,111559
SRTF,4977,5807,42,88881,88923,83074,83116,83074
SRTF,3709,5808,58,172355,172413,166547,166605,166547
SRTF,2786,5808,38,73092,73130,67284,67322,67284
SRTF,3533,5810,41,85222,85263,79412,79453,79412
SRTF,5604,5810,34,58767,58801,52957,52991,52957
SRTF,792,5811,47,111648,111695,105837,105884,105837
SRTF,5254,5811,9,5845,5854,34,43,34
SRTF,6277,5812,8,5820,5828,8,16,8
SRTF,6613,5816,34,58801,58835,52985,53019,52985
SRTF,3298,5818,99,493533,493632,487715,487814,487715
SRTF,6076,5818,39,76936,76975,71118,71157,71118
SRTF,5664,5818,8,5828,5836,10,18,10
SRTF,6562,5819,56,160368,160424,154549,154605,154549
SRTF,6830,5820,42,88923,88965,83103,83145,83103
SRTF,7453,5822,96,466222,466318,460400,460496,460400
SRTF,2813,5823,92,430746,430838,424923,425015,424923
SRTF,5855,5823,81,332424,332505,326601,326682,326601
SRTF,9857,5824,11,5934,5945,110,121,110
SRTF,8797,5827,33,55573,55606,49746,49779,49746
SRTF,2717,5827,40,80968,81008,75141,75181,75141
SRTF,2164,5827,58,172413,172471,166586,166644,166586
SRTF,8762,5829,43,92582,92625,86753,86796,86753
SRTF,8847,5830,69,242572,242641,236742,236811,236742
SRTF,5336,5831,27,38172,38199,32341,32368,32341
SRTF,4475,5831,18,17241,17259,11410,11428,11410
SRTF,3221,5832,9,5854,5863,22,31,22
SRTF,7283,5835,92,430838,430930,425003,425095,425003
SRTF,6246,5839,85,365312,365397,359473,359558,359473
SRTF,7252,5839,95,456760,456855,450921,451016,450921
SRTF,5938,5840,85,365397,365482,359557,359642,359557
SRTF,3223,5842,74,277324,277398,271482,271556,271482
SRTF,8696,5844,87,384002,384089,378158,378245,378158
SRTF,3070,5845,78,307274,307352,301429,301507,301429
SRTF,8939,5845,10,5872,5882,27,37,27
SRTF,4407,5850,87,384089,384176,378239,378326,378239
SRTF,6578,5851,76,291446,291522,285595,285671,285595
SRTF,9408,5851,35,62353,62388,56502,56537,56502
SRTF,324,5854,65,215088,215153,209234,209299,209234
SRTF,8810,5854,83,349416,349499,343562,343645,343562
SRTF,184,5855,9,5863,5872,8,17,8
SRTF,4955,5856,31,49216,49247,43360,43391,43360
SRTF,157,5864,59,178039,178098,172175,172234,172175
SRTF,4232,5866,98,484658,484756,478792,478890,478792
SRTF,3026,5867,32,52900,52932,47033,47065,47033
SRTF,5183,5867,15,11965,11980,6098,6113,6098
SRTF,8656,5868,47,111695,111742,105827,105874,105827
SRTF,4504,5869,21,23835,23856,17966,17987,17966
SRTF,808,5870,20,21562,21582,15692,15712,15692
SRTF,8672,5872,42,88965,89007,83093,83135,83093
SRTF,9198,5873,81,332505,332586,326632,326713,326632
SRTF,9337,5873,90,412431,412521,406558,406648,406558
SRTF,8693,5873,39,76975,77014,71102,71141,71102
SRTF,8589,5874,59,178098,178157,172224,172283,172224
SRTF,4804,5874,8,5926,5934,52,60,52
SRTF,5013,5874,22,26181,26203,20307,20329,20307
SRTF,7006,5875,31,49247,49278,43372,43403,43372
SRTF,4049,5876,95,456855,456950,450979,451074,450979
SRTF,9469,5876,49,122598,122647,116722,116771,116722
SRTF,1167,5877,6,5887,5893,10,16,10
SRTF,4817,5877,48,117413,117461,111536,111584,111536
SRTF,450,5878,49,122647,122696,116769,116818,116769
SRTF,2533,5879,36,65741,65777,59862,59898,59862
SRTF,438,5881,97,476363,476460,470482,470579,470482
SRTF,5277,5882,1,5882,5883,0,1,0
SRTF,5801,5882,4,5883,5887,1,5,1
SRTF,4556,5884,57,166535,166592,160651,160708,160651
SRTF,2162,5887,50,127514,127564,121627,121677,121627
SRTF,2850,5889,83,349499,349582,343610,343693,343610
SRTF,9041,5890,47,111742,111789,105852,105899,105852
SRTF,2357,5891,81,332586,332667,326695,326776,326695
SRTF,6342,5892,7,5893,5900,1,8,1
SRTF,98,5892,35,62388,62423,56496,56531,56496
SRTF,1727,5895,17,15377,15394,9482,9499,9482
SRTF,1263,5895,7,5900,5907,5,12,5
SRTF,288,5895,53,144575,144628,138680,138733,138680
SRTF,1723,5897,78,307352,307430,301455,301533,301455
SRTF,9901,5897,96,466318,466414,460421,460517,460421
SRTF,4598,5898,65,215153,215218,209255,209320,209255
SRTF,9033,5899,96,466414,466510,460515,460611,460515
SRTF,2071,5901,82,340248,340330,334347,334429,334347
SRTF,4841,5901,39,77014,77053,71113,71152,71113
SRTF,9084,5901,11,5955,5966,54,65,54
SRTF,9473,5901,91,421313,421404,415412,415503,415412
SRTF,8545,5902,26,35640,35666,29738,29764,29738
SRTF,3218,5904,6,5915,5921,11,17,11
SRTF,4635,5904,20,21582,21602,15678,15698,15678
SRTF,6675,5904,62,195068,195130,189164,189226,189164
SRTF,2582,5906,28,40908,40936,35002,35030,35002
SRTF,7991,5906,4,5907,5911,1,5,1
SRTF,2914,5906,4,5911,5915,5,9,5
SRTF,7387,5906,38,73130,73168,67224,67262,67224
SRTF,2065,5907,49,122696,122745,116789,116838,116789
SRTF,8376,5909,26,35666,35692,29757,29783,29757
SRTF,5367,5911,24,30538,30562,24627,24651,24627
SRTF,3694,5911,91,421404,421495,415493,415584,415493
SRTF,8603,5912,43,92625,92668,86713,86756,86713
SRTF,1280,5913,17,15394,15411,9481,9498,9481
SRTF,9270,5914,98,484756,484854,478842,478940,478842
SRTF,145,5915,33,55606,55639,49691,49724,49691
SRTF,7641,5917,93,438889,438982,432972,433065,432972
SRTF,510,5917,61,188479,188540,182562,182623,182562
SRTF,4384,5918,5,5921,5926,3,8,3
SRTF,6214,5918,82,340330,340412,334412,334494,334412
SRTF,5022,5919,39,77053,77092,71134,71173,71134
SRTF,363,5919,83,349582,349665,343663,343746,343663
SRTF,8107,5920,64,208308,208372,202388,202452,202388
SRTF,2656,5925,51,133280,133331,127355,127406,127355
SRTF,2301,5926,21,23856,23877,17930,17951,17930
SRTF,3075,5929,25,32870,32895,26941,26966,26941
SRTF,4892,5929,66,221903,221969,215974,216040,215974
SRTF,6403,5930,87,384176,384263,378246,378333,378246
SRTF,5198,5930,66,221969,222035,216039,216105,216039
SRTF,8704,5931,40,81008,81048,75077,75117,75077
SRTF,3535,5934,25,32895,32920,26961,26986,26961
SRTF,6198,5935,72,262847,262919,256912,256984,256912
SRTF,9909,5938,50,127564,127614,121626,121676,121626
SRTF,8262,5938,19,19563,19582,13625,13644,13625
SRTF,8574,5938,5,5945,5950,7,12,7
SRTF,8697,5939,53,144628,144681,138689,138742,138689
SRTF,3366,5939,30,46439,46469,40500,40530,40500
SRTF,3689,5941,55,155588,155643,149647,149702,149647
SRTF,1199,5941,40,81048,81088,75107,75147,75107
SRTF,4061,5944,73,270400,270473,264456,264529,264456
SRTF,9549,5944,62,195130,195192,189186,189248,189186
SRTF,2258,5946,94,448523,448617,442577,442671,442577
SRTF,9103,5947,67,229156,229223,223209,223276,223209
SRTF,9571,5947,1,5950,5951,3,4,3
SRTF,2092,5947,75,284710,284785,278763,278838,278763
SRTF,402,5949,69,242641,242710,236692,236761,236692
SRTF,3191,5951,2,5951,5953,0,2,0
SRTF,4009,5951,30,46469,46499,40518,40548,40518
SRTF,920,5951,2,5953,5955,2,4,2
SRTF,5741,5953,33,55639,55672,49686,49719,49686
SRTF,4903,5953,78,307430,307508,301477,301555,301477
SRTF,1107,5954,47,111789,111836,105835,105882,105835
SRTF,9464,5955,25,32920,32945,26965,26990,26965
SRTF,6761,5956,30,46499,46529,40543,40573,40543
SRTF,6944,5956,37,69406,69443,63450,63487,63450
SRTF,4834,5956,20,21602,21622,15646,15666,15646
SRTF,8247,5956,66,222035,222101,216079,216145,216079
SRTF,9867,5957,11,5981,5992,24,35,24
SRTF,8725,5958,35,62423,62458,56465,56500,56465
SRTF,1007,5959,5,5966,5971,7,12,7
SRTF,7463,5959,46,107077,107123,101118,101164,101118
SRTF,6178,5961,28,40936,40964,34975,35003,34975
SRTF,2036,5962,7,5971,5978,9,16,9
SRTF,867,5966,92,430930,431022,424964,425056,424964
SRTF,5861,5966,69,242710,242779,236744,236813,236744
SRTF,9300,5967,51,133331,133382,127364,127415,127364
SRTF,5070,5968,60,183881,183941,177913,177973,177913
SRTF,9027,5968,95,456950,457045,450982,451077,450982
SRTF,9232,5969,21,23877,23898,17908,17929,17908
SRTF,5680,5969,13,6260,6273,291,304,291
SRTF,9011,5969,91,421495,421586,415526,415617,415526
SRTF,744,5971,96,466510,466606,460539,460635,460539
SRTF,6293,5972,58,172471,172529,166499,166557,166499
SRTF,7409,5972,17,15411,15428,9439,9456,9439
SRTF,3422,5973,43,92668,92711,86695,86738,86695
SRTF,5436,5974,3,5978,5981,4,7,4
SRTF,1056,5975,30,46529,46559,40554,40584,40554
SRTF,2483,5976,75,284785,284860,278809,278884,278809
SRTF,7792,5976,86,374390,374476,368414,368500,368414
SRTF,584,5977,14,10308,10322,4331,4345,4331
SRTF,9466,5977,87,384263,384350,378286,378373,378286
SRTF,123,5977,99,493632,493731,487655,487754,487655
SRTF,2244,5978,45,102200,102245,96222,96267,96222
SRTF,5399,5979,56,160424,160480,154445,154501,154445
SRTF,5278,5982,55,155643,155698,149661,149716,149661
SRTF,4911,5983,97,476460,476557,470477,470574,470477
SRTF,7168,5984,30,46559,46589,40575,40605,40575
SRTF,941,5984,31,49278,49309,43294,43325,43294
SRTF,8536,5985,49,122745,122794,116760,116809,116760
SRTF,347,5986,12,6001,6013,15,27,15
SRTF,1151,5986,4,5996,6000,10,14,10
SRTF,7644,5988,49,122794,122843,116806,116855,116806
SRTF,6954,5988,95,457045,457140,451057,451152,451057
SRTF,7659,5988,40,81088,81128,75100,75140,75100
SRTF,492,5988,97,476557,476654,470569,470666,470569
SRTF,681,5989,3,5992,5995,3,6,3
SRTF,8132,5991,65,215218,215283,209227,209292,209227
SRTF,3994,5991,93,438982,439075,432991,433084,432991
SRTF,7465,5993,1,5995,5996,2,3,2
SRTF,7617,5993,81,332667,332748,326674,326755,326674
SRTF,6016,5994,48,117461,117509,111467,111515,111467
SRTF,2311,5995,76,291522,291598,285527,285603,285527
SRTF,7706,5997,18,17259,17277,11262,11280,11262
SRTF,2370,5997,1,6000,6001,3,4,3
SRTF,690,5997,89,402391,402480,396394,396483,396394
SRTF,9111,6000,58,172529,172587,166529,166587,166529
SRTF,5769,6001,52,138903,138955,132902,132954,132902
SRTF,360,6002,6,6013,6019,11,17,11
SRTF,4012,6003,19,19582,19601,13579,13598,13579
SRTF,5659,6004,23,28107,28130,22103,22126,22103
SRTF,9036,6005,87,384350,384437,378345,378432,378345
SRTF,8856,6007,76,291598,291674,285591,285667,285591
SRTF,2146,6007,19,19601,19620,13594,13613,13594
SRTF,5530,6008,27,38199,38226,32191,32218,32191
SRTF,4738,6009,21,23898,23919,17889,17910,17889
SRTF,4588,6009,60,183941,184001,177932,177992,177932
SRTF,7787,6009,40,81128,81168,75119,75159,75119
SRTF,9986,6010,23,28130,28153,22120,22143,22120
SRTF,5034,6010,41,85263,85304,79253,79294,79253
SRTF,9365,6010,49,122843,122892,116833,116882,116833
SRTF,1879,6012,26,35692,35718,29680,29706,29680
SRTF,6957,6014,88,393804,393892,387790,387878,387790
SRTF,275,6015,48,117509,117557,111494,111542,111494
SRTF,1096,6016,85,365482,365567,359466,359551,359466
SRTF,6919,6016,88,393892,393980,387876,387964,387876
SRTF,7964,6017,78,307508,307586,301491,301569,301491
SRTF,133,6019,3,6019,6022,0,3,0
SRTF,2315,6019,24,30562,30586,24543,24567,24543
SRTF,5313,6019,24,30586,30610,24567,24591,24567
SRTF,6265,6022,49,122892,122941,116870,116919,116870
SRTF,1011,6024,80,324358,324438,318334,318414,318334
SRTF,9936,6025,22,26203,26225,20178,20200,20178
SRTF,9838,6026,19,19620,19639,13594,13613,13594
SRTF,4277,6026,82,340412,340494,334386,334468,334386
SRTF,3539,6028,87,384437,384524,378409,378496,378409
SRTF,8339,6028,6,6044,6050,16,22,16
SRTF,976,6028,47,111836,111883,105808,105855,105808
SRTF,6779,6030,5,6037,6042,7,12,7
SRTF,9669,6030,77,298501,298578,292471,292548,292471
SRTF,6039,6031,63,201509,201572,195478,195541,195478
SRTF,2865,6031,11,6063,6074,32,43,32
SRTF,758,6031,44,97122,97166,91091,91135,91091
SRTF,8941,6032,53,144681,144734,138649,138702,138649
SRTF,9580,6032,90,412521,412611,406489,406579,406489
SRTF,4114,6033,98,484854,484952,478821,478919,478821
SRTF,7458,6033,2,6035,6037,2,4,2
SRTF,3610,6033,59,178157,178216,172124,172183,172124
SRTF,9373,6034,76,291674,291750,285640,285716,285640
SRTF,4259,6034,13,6281,6294,247,260,247
SRTF,9537,6034,74,277398,277472,271364,271438,271364
SRTF,7605,6035,90,412611,412701,406576,406666,406576
SRTF,8292,6035,44,97166,97210,91131,91175,91131
SRTF,1141,6035,72,262919,262991,256884,256956,256884
SRTF,2160,6036,94,448617,448711,442581,442675,442581
SRTF,9504,6037,9,6054,6063,17,26,17
SRTF,3897,6038,70,248407,248477,242369,242439,242369
SRTF,893,6038,20,21622,21642,15584,15604,15584
SRTF,8720,6038,32,52932,52964,46894,46926,46894
SRTF,4158,6039,2,6042,6044,3,5,3
SRTF,5426,6040,58,172587,172645,166547,166605,166547
SRTF,5620,6040,24,30610,30634,24570,24594,24570
SRTF,2655,6040,40,81168,81208,75128,75168,75128
SRTF,7078,6041,69,242779,242848,236738,236807,236738
SRTF,641,6042,67,229223,229290,223181,223248,223181
SRTF,3666,6043,18,17277,17295,11234,11252,11234
SRTF,3174,6046,94,448711,448805,442665,442759,442665
SRTF,4141,6047,14,10322,10336,4275,4289,4275
SRTF,1597,6047,4,6050,6054,3,7,3
SRTF,2824,6048,46,107123,107169,101075,101121,101075
SRTF,6061,6048,66,222101,222167,216053,216119,216053
SRTF,2638,6049,86,374476,374562,368427,368513,368427
SRTF,4658,6049,86,374562,374648,368513,368599,368513
SRTF,1736,6052,36,65777,65813,59725,59761,59725
SRTF,2417,6052,14,10336,10350,4284,4298,4284
SRTF,7594,6054,60,184001,184061,177947,178007,177947
SRTF,5732,6054,70,248477,248547,242423,242493,242423
SRTF,4223,6055,51,133382,133433,127327,127378,127327
SRTF,3187,6056,45,102245,102290,96189,96234,96189
SRTF,6888,6058,29,43742,43771,37684,37713,37684
SRTF,1849,6059,59,178216,178275,172157,172216,172157
SRTF,4304,6059,53,144734,144787,138675,138728,138675
SRTF,1553,6059,78,307586,307664,301527,301605,301527
SRTF,5471,6060,37,69443,69480,63383,63420,63383
SRTF,2558,6063,87,384524,384611,378461,378548,378461
SRTF,6723,6065,66,222167,222233,216102,216168,216102
SRTF,9990,6065,7,6074,6081,9,16,9
SRTF,4262,6065,72,262991,263063,256926,256998,256926
SRTF,3041,6068,56,160480,160536,154412,154468,154412
SRTF,9879,6071,65,215283,215348,209212,209277,209212
SRTF,7013,6073,12,6087,6099,14,26,14
SRTF,9957,6078,6,6081,6087,3,9,3
SRTF,1664,6078,42,89007,89049,82929,82971,82929
SRTF,4605,6078,62,195192,195254,189114,189176,189114
SRTF,5480,6079,19,19639,19658,13560,13579,13560
SRTF,4004,6079,74,277472,277546,271393,271467,271393
SRTF,4292,6079,59,178275,178334,172196,172255,172196
SRTF,5824,6080,48,117557,117605,111477,111525,111477
SRTF,9445,6081,68,236257,236325,230176,230244,230176
SRTF,6642,6082,15,11980,11995,5898,5913,5898
SRTF,1616,6082,14,10350,10364,4268,4282,4268
SRTF,9047,6083,53,144787,144840,138704,138757,138704
SRTF,7432,6085,15,11995,12010,5910,5925,5910
SRTF,6114,6085,17,15428,15445,9343,9360,9343
SRTF,1796,6089,5,6101,6106,12,17,12
SRTF,5237,6089,25,32945,32970,26856,26881,26856
SRTF,1614,6090,71,254902,254973,248812,248883,248812
SRTF,757,6090,11,6106,6117,16,27,16
SRTF,3296,6091,66,222233,222299,216142,216208,216142
SRTF,3206,6091,83,349665,349748,343574,343657,343574
SRTF,9361,6092,20,21642,21662,15550,15570,15550
SRTF,7002,6093,43,92711,92754,86618,86661,86618
SRTF,3236,6093,2,6099,6101,6,8,6
SRTF,4326,6094,75,284860,284935,278766,278841,278766
SRTF,2066,6097,39,77092,77131,70995,71034,70995
SRTF,6506,6099,32,52964,52996,46865,46897,46865
SRTF,2013,6099,21,23919,23940,17820,17841,17820
SRTF,1732,6099,38,73168,73206,67069,67107,67069
SRTF,4612,6100,90,412701,412791,406601,406691,406601
SRTF,3399,6102,68,236325,236393,230223,230291,230223
SRTF,318,6102,92,431022,431114,424920,425012,424920
SRTF,6511,6102,73,270473,270546,264371,264444,264371
SRTF,5806,6103,24,30634,30658,24531,24555,24531
SRTF,5269,6103,58,172645,172703,166542,166600,166542
SRTF,5180,6106,64,208372,208436,202266,202330,202266
SRTF,9155,6107,45,102290,102335,96183,96228,96183
SRTF,8442,6111,63,201572,201635,195461,195524,195461
SRTF,4081,6111,5,6117,6122,6,11,6
SRTF,9415,6112,34,58835,58869,52723,52757,52723
SRTF,2663,6115,48,117605,117653,111490,111538,111490
SRTF,5486,6115,44,97210,97254,91095,91139,91095
SRTF,1738,6116,78,307664,307742,301548,301626,301548
SRTF,6539,6117,63,201635,201698,195518,195581,195518
SRTF,5663,6120,52,138955,139007,132835,132887,132835
SRTF,7953,6121,8,6122,6130,1,9,1
SRTF,8175,6121,77,298578,298655,292457,292534,292457
SRTF,3876,6121,9,6130,6139,9,18,9
SRTF,1227,6122,24,30658,30682,24536,24560,24536
SRTF,7513,6123,80,324438,324518,318315,318395,318315
SRTF,3745,6124,17,15445,15462,9321,9338,9321
SRTF,4844,6124,50,127614,127664,121490,121540,121490
SRTF,8600,6127,92,431114,431206,424987,425079,424987
SRTF,9085,6129,71,254973,255044,248844,248915,248844
SRTF,4406,6129,10,6162,6172,33,43,33
SRTF,6627,6130,33,55672,55705,49542,49575,49542
SRTF,8172,6131,22,26225,26247,20094,20116,20094
SRTF,8876,6131,31,49309,49340,43178,43209,43178
SRTF,9430,6131,10,6173,6183,42,52,42
SRTF,2820,6132,32,52996,53028,46864,46896,46864
SRTF,645,6132,82,340494,340576,334362,334444,334362
SRTF,4997,6135,22,26247,26269,20112,20134,20112
SRTF,1189,6136,23,28153,28176,22017,22040,22017
SRTF,3785,6136,14,10364,10378,4228,4242,4228
SRTF,4358,6139,88,393980,394068,387841,387929,387841
SRTF,2959,6139,7,6139,6146,0,7,0
SRTF,2135,6140,92,431206,431298,425066,425158,425066
SRTF,3046,6142,64,208436,208500,202294,202358,202294
SRTF,9299,6142,57,166592,166649,160450,160507,160450
SRTF,2685,6142,9,6146,6155,4,13,4
SRTF,9691,6144,12,6193,6205,49,61,49
SRTF,2647,6144,88,394068,394156,387924,388012,387924
SRTF,3094,6144,73,270546,270619,264402,264475,264402
SRTF,5669,6146,85,365567,365652,359421,359506,359421
SRTF,1129,6150,4,6158,6162,8,12,8
SRTF,1449,6150,89,402480,402569,396330,396419,396330
SRTF,8572,6152,82,340576,340658,334424,334506,334424
SRTF,9268,6152,17,15462,15479,9310,9327,9310
SRTF,1580,6154,3,6155,6158,1,4,1
SRTF,6288,6154,96,466606,466702,460452,460548,460452
SRTF,7943,6154,13,6427,6440,273,286,273
SRTF,4970,6155,65,215348,215413,209193,209258,209193
SRTF,3310,6155,30,46589,46619,40434,40464,40434
SRTF,6267,6159,77,298655,298732,292496,292573,292496
SRTF,7350,6159,50,127664,127714,121505,121555,121505
SRTF,3948,6160,14,10378,10392,4218,4232,4218
SRTF,3703,6160,96,466702,466798,460542,460638,460542
SRTF,3719,6163,77,298732,298809,292569,292646,292569
SRTF,7822,6163,19,19658,19677,13495,13514,13495
SRTF,2172,6164,62,195254,195316,189090,189152,189090
SRTF,2477,6164,59,178334,178393,172170,172229,172170
SRTF,7892,6166,54,151000,151054,144834,144888,144834
SRTF,993,6166,84,356854,356938,350688,350772,350688
SRTF,9554,6167,24,30682,30706,24515,24539,24515
SRTF,829,6168,97,476654,476751,470486,470583,470486
SRTF,8181,6169,45,102335,102380,96166,96211,96166
SRTF,4659,6169,14,10392,10406,4223,4237,4223
SRTF,7148,6170,88,394156,394244,387986,388074,387986
SRTF,2497,6171,71,255044,255115,248873,248944,248873
SRTF,9830,6172,95,457140,457235,450968,451063,450968
SRTF,564,6172,26,35718,35744,29546,29572,29546
SRTF,2182,6172,1,6172,6173,0,1,0
SRTF,5935,6175,20,21662,21682,15487,15507,15487
SRTF,9318,6176,17,15479,15496,9303,9320,9303
SRTF,9326,6182,10,6183,6193,1,11,1
SRTF,6699,6183,95,457235,457330,451052,451147,451052
SRTF,1431,6183,45,102380,102425,96197,96242,96197
SRTF,9364,6184,59,178393,178452,172209,172268,172209
SRTF,100,6184,65,215413,215478,209229,209294,209229
SRTF,1240,6185,15,12010,12025,5825,5840,5825
SRTF,9943,6185,18,17295,17313,11110,11128,11110
SRTF,784,6190,87,384611,384698,378421,378508,378421
SRTF,613,6190,42,89049,89091,82859,82901,82859
SRTF,5512,6191,55,155698,155753,149507,149562,149507
SRTF,9884,6192,30,46619,46649,40427,40457,40427
SRTF,8341,6196,80,324518,324598,318322,318402,318322
SRTF,4800,6197,32,53028,53060,46831,46863,46831
SRTF,251,6197,9,6213,6222,16,25,16
SRTF,3305,6198,15,12025,12040,5827,5842,5827
SRTF,6965,6199,8,6205,6213,6,14,6
SRTF,8922,6200,91,421586,421677,415386,415477,415386
SRTF,6209,6200,28,40964,40992,34764,34792,34764
SRTF,6190,6200,21,23940,23961,17740,17761,17740
SRTF,8886,6203,14,10406,10420,4203,4217,4203
SRTF,4080,6204,46,107169,107215,100965,101011,100965
SRTF,9788,6204,15,12040,12055,5836,5851,5836
SRTF,9635,6207,11,6236,6247,29,40,29
SRTF,3009,6207,35,62458,62493,56251,56286,56251
SRTF,6792,6207,45,102425,102470,96218,96263,96218
SRTF,1218,6212,95,457330,457425,451118,451213,451118
SRTF,9371,6212,43,92754,92797,86542,86585,86542
SRTF,7190,6213,49,122941,122990,116728,116777,116728
SRTF,8126,6214,79,315923,316002,309709,309788,309709
SRTF,3426,6217,66,222299,222365,216082,216148,216082
SRTF,9128,6217,15,12055,12070,5838,5853,5838
SRTF,2936,6218,91,421677,421768,415459,415550,415459
SRTF,5397,6219,8,6228,6236,9,17,9
SRTF,3889,6219,92,431298,431390,425079,425171,425079
SRTF,5627,6221,73,270619,270692,264398,264471,264398
SRTF,5534,6222,6,6222,6228,0,6,0
SRTF,7839,6222,52,139007,139059,132785,132837,132785
SRTF,4501,6226,66,222365,222431,216139,216205,216139
SRTF,8133,6227,98,484952,485050,478725,478823,478725
SRTF,1855,6228,39,77131,77170,70903,70942,70903
SRTF,8721,6229,84,356938,357022,350709,350793,350709
SRTF,823,6229,39,77170,77209,70941,70980,70941
SRTF,2203,6230,41,85304,85345,79074,79115,79074
SRTF,6069,6230,82,340658,340740,334428,334510,334428
SRTF,4241,6231,71,255115,255186,248884,248955,248884
SRTF,5567,6232,50,127714,127764,121482,121532,121482
SRTF,882,6233,49,122990,123039,116757,116806,116757
SRTF,6256,6233,87,384698,384785,378465,378552,378465
SRTF,48,6235,50,127764,127814,121529,121579,121529
SRTF,1663,6236,67,229290,229357,223054,223121,223054
SRTF,8641,6236,46,107215,107261,100979,101025,100979
SRTF,3423,6236,47,111883,111930,105647,105694,105647
SRTF,756,6238,21,23961,23982,17723,17744,17723
SRTF,6480,6238,93,439075,439168,432837,432930,432837
SRTF,4014,6239,85,365652,365737,359413,359498,359413
SRTF,6794,6240,91,421768,421859,415528,415619,415528
SRTF,5754,6240,20,21682,21702,15442,15462,15442
SRTF,3711,6241,38,73206,73244,66965,67003,66965
SRTF,721,6241,60,184061,184121,177820,177880,177820
SRTF,3487,6242,36,65813,65849,59571,59607,59571
SRTF,2825,6246,35,62493,62528,56247,56282,56247
SRTF,9191,6249,77,298809,298886,292560,292637,292560
SRTF,9461,6250,70,248547,248617,242297,242367,242297
SRTF,5997,6250,93,439168,439261,432918,433011,432918
SRTF,2302,6251,35,62528,62563,56277,56312,56277
SRTF,4600,6251,34,58869,58903,52618,52652,52618
SRTF,752,6254,71,255186,255257,248932,249003,248932
SRTF,9952,6255,51,133433,133484,127178,127229,127178
SRTF,5330,6256,53,144840,144893,138584,138637,138584
SRTF,2380,6256,85,365737,365822,359481,359566,359481
SRTF,5774,6256,77,298886,298963,292630,292707,292630
SRTF,8051,6256,91,421859,421950,415603,415694,415603
SRTF,2030,6257,62,195316,195378,189059,189121,189059
SRTF,5944,6257,69,242848,242917,236591,236660,236591
SRTF,1797,6257,82,340740,340822,334483,334565,334483
SRTF,7497,6261,14,10420,10434,4159,4173,4159
SRTF,3669,6261,60,184121,184181,177860,177920,177860
SRTF,1755,6262,76,291750,291826,285488,285564,285488
SRTF,4364,6263,78,307742,307820,301479,301557,301479
SRTF,9162,6264,54,151054,151108,144790,144844,144790
SRTF,8567,6265,75,284935,285010,278670,278745,278670
SRTF,6,6265,94,448805,448899,442540,442634,442540
SRTF,4681,6265,53,144893,144946,138628,138681,138628
SRTF,2260,6267,48,117653,117701,111386,111434,111386
SRTF,2946,6268,99,493731,493830,487463,487562,487463
SRTF,5927,6269,69,242917,242986,236648,236717,236648
SRTF,7111,6269,58,172703,172761,166434,166492,166434
SRTF,749,6269,98,485050,485148,478781,478879,478781
SRTF,2179,6272,65,215478,215543,209206,209271,209206
SRTF,2310,6272,8,6273,6281,1,9,1
SRTF,6074,6273,45,102470,102515,96197,96242,96197
SRTF,7769,6273,13,6443,6456,170,183,170
SRTF,2601,6274,65,215543,215608,209269,209334,209269
SRTF,1726,6276,48,117701,117749,111425,111473,111425
SRTF,6615,6276,49,123039,123088,116763,116812,116763
SRTF,102,6278,99,493830,493929,487552,487651,487552
SRTF,2306,6279,53,144946,144999,138667,138720,138667
SRTF,5359,6280,96,466798,466894,460518,460614,460518
SRTF,8929,6282,4,6294,6298,12,16,12
SRTF,880,6283,12,6298,6310,15,27,15
SRTF,7770,6284,24,30706,30730,24422,24446,24422
SRTF,1911,6284,23,28176,28199,21892,21915,21892
SRTF,2473,6285,16,13626,13642,7341,7357,7341
SRTF,8620,6287,65,215608,215673,209321,209386,209321
SRTF,236,6287,58,172761,172819,166474,166532,166474
SRTF,206,6287,88,394244,394332,387957,388045,387957
SRTF,827,6288,42,89091,89133,82803,82845,82803
SRTF,4665,6289,58,172819,172877,166530,166588,166530
SRTF,369,6293,48,117749,117797,111456,111504,111456
SRTF,1779,6294,42,89133,89175,82839,82881,82839
SRTF,250,6295,72,263063,263135,256768,256840,256768
SRTF,1921,6295,31,49340,49371,43045,43076,43045
SRTF,1676,6295,47,111930,111977,105635,105682,105635
SRTF,3872,6296,73,270692,270765,264396,264469,264396
SRTF,6781,6297,18,17313,17331,11016,11034,11016
SRTF,5525,6297,52,139059,139111,132762,132814,132762
SRTF,3491,6297,38,73244,73282,66947,66985,66947
SRTF,2618,6299,2,6310,6312,11,13,11
SRTF,8528,6300,60,184181,184241,177881,177941,177881
SRTF,8378,6302,71,255257,255328,248955,249026,248955
SRTF,452,6303,13,6510,6523,207,220,207
SRTF,2249,6303,34,58903,58937,52600,52634,52600
SRTF,2486,6304,55,155753,155808,149449,149504,149449
SRTF,1101,6305,29,43771,43800,37466,37495,37466
SRTF,9834,6305,62,195378,195440,189073,189135,189073
SRTF,4536,6305,7,6312,6319,7,14,7
SRTF,4856,6308,64,208500,208564,202192,202256,202192
SRTF,3715,6309,9,6332,6341,23,32,23
SRTF,8852,6310,93,439261,439354,432951,433044,432951
SRTF,6598,6310,69,242986,243055,236676,236745,236676
SRTF,9315,6312,56,160536,160592,154224,154280,154224
SRTF,2954,6313,4,6321,6325,8,12,8
SRTF,559,6313,62,195440,195502,189127,189189,189127
SRTF,3957,6314,61,188540,188601,182226,182287,182226
SRTF,874,6316,2,6319,6321,3,5,3
SRTF,607,6316,15,12070,12085,5754,5769,5754
SRTF,4724,6316,28,40992,41020,34676,34704,34676
SRTF,2751,6317,24,30730,30754,24413,24437,24413
SRTF,3931,6318,71,255328,255399,249010,249081,249010
SRTF,3211,6318,7,6325,6332,7,14,7
SRTF,4492,6320,71,255399,255470,249079,249150,249079
SRTF,1057,6320,49,123088,123137,116768,116817,116768
SRTF,5636,6322,32,53060,53092,46738,46770,46738
SRTF,4314,6324,35,62563,62598,56239,56274,56239
SRTF,5594,6326,35,62598,62633,56272,56307,56272
SRTF,739,6327,15,12085,12100,5758,5773,5758
SRTF,9070,6327,87,384785,384872,378458,378545,378458
SRTF,4315,6327,15,12100,12115,5773,5788,5773
SRTF,3993,6328,56,160592,160648,154264,154320,154264
SRTF,8658,6330,30,46649,46679,40319,40349,40319
SRTF,5091,6331,81,332748,332829,326417,326498,326417
SRTF,8291,6331,39,77209,77248,70878,70917,70878
SRTF,81,6331,80,324598,324678,318267,318347,318267
SRTF,9985,6334,48,117797,117845,111463,111511,111463
SRTF,4190,6336,45,102515,102560,96179,96224,96179
SRTF,3079,6337,18,17331,17349,10994,11012,10994
SRTF,9797,6337,96,466894,466990,460557,460653,460557
SRTF,4908,6337,29,43800,43829,37463,37492,37463
SRTF,9002,6338,52,139111,139163,132773,132825,132773
SRTF,9397,6338,19,19677,19696,13339,13358,13339
SRTF,3677,6340,12,6341,6353,1,13,1
SRTF,2469,6342,74,277546,277620,271204,271278,271204
SRTF,1551,6342,78,307820,307898,301478,301556,301478
SRTF,7346,6343,74,277620,277694,271277,271351,271277
SRTF,9171,6343,88,394332,394420,387989,388077,387989
SRTF,2645,6344,75,285010,285085,278666,278741,278666
SRTF,2960,6344,3,6353,6356,9,12,9
SRTF,9964,6347,99,493929,494028,487582,487681,487582
SRTF,6436,6349,44,97254,97298,90905,90949,90905
SRTF,3185,6352,3,6356,6359,4,7,4
SRTF,6241,6353,55,155808,155863,149455,149510,149455
SRTF,1491,6353,39,77248,77287,70895,70934,70895
SRTF,3378,6353,88,394420,394508,388067,388155,388067
SRTF,6517,6354,42,89175,89217,82821,82863,82821
SRTF,2371,6354,90,412791,412881,406437,406527,406437
SRTF,2149,6356,67,229357,229424,223001,223068,223001
SRTF,5617,6358,20,21702,21722,15344,15364,15344
SRTF,3687,6358,9,6359,6368,1,10,1
SRTF,979,6359,35,62633,62668,56274,56309,56274
SRTF,5173,6360,76,291826,291902,285466,285542,285466
SRTF,8707,6361,76,291902,291978,285541,285617,285541
SRTF,3699,6361,34,58937,58971,52576,52610,52576
SRTF,3208,6361,65,215673,215738,209312,209377,209312
SRTF,5847,6362,56,160648,160704,154286,154342,154286
SRTF,2673,6362,82,340822,340904,334460,334542,334460
SRTF,7300,6363,91,421950,422041,415587,415678,415587
SRTF,6475,6364,94,448899,448993,442535,442629,442535
SRTF,9806,6364,37,69480,69517,63116,63153,63116
SRTF,4874,6364,63,201698,201761,195334,195397,195334
SRTF,5218,6365,48,117845,117893,111480,111528,111480
SRTF,1600,6368,10,6368,6378,0,10,0
SRTF,6754,6368,43,92797,92840,86429,86472,86429
SRTF,2659,6370,90,412881,412971,406511,406601,406511
SRTF,7461,6370,63,201761,201824,195391,195454,195391
SRTF,835,6371,81,332829,332910,326458,326539,326458
SRTF,978,6371,23,28199,28222,21828,21851,21828
SRTF,7908,6371,56,160704,160760,154333,154389,154333
SRTF,7979,6372,54,151108,151162,144736,144790,144736
SRTF,136,6374,3,6378,6381,4,7,4
SRTF,777,6376,8,6381,6389,5,13,5
SRTF,2802,6376,98,485148,485246,478772,478870,478772
SRTF,7204,6376,89,402569,402658,396193,396282,396193
SRTF,6603,6378,12,6403,6415,25,37,25
SRTF,7065,6379,74,277694,277768,271315,271389,271315
SRTF,6296,6380,56,160760,160816,154380,154436,154380
SRTF,5648,6380,88,394508,394596,388128,388216,388128
SRTF,2276,6381,66,222431,222497,216050,216116,216050
SRTF,4302,6381,45,102560,102605,96179,96224,96179
SRTF,7720,6382,69,243055,243124,236673,236742,236673
SRTF,4879,6382,8,6389,6397,7,15,7
SRTF,8208,6382,32,53092,53124,46710,46742,46710
SRTF,9142,6391,5,6397,6402,6,11,6
SRTF,5788,6391,88,394596,394684,388205,388293,388205
SRTF,5046,6394,27,38226,38253,31832,31859,31832
SRTF,5221,6396,44,97298,97342,90902,90946,90902
SRTF,21,6396,55,155863,155918,149467,149522,149467
SRTF,4128,6396,41,85345,85386,78949,78990,78949
SRTF,2406,6397,58,172877,172935,166480,166538,166480
SRTF,7667,6400,53,144999,145052,138599,138652,138599
SRTF,4798,6401,1,6402,6403,1,2,1
SRTF,2867,6401,38,73282,73320,66881,66919,66881
SRTF,9965,6401,79,316002,316081,309601,309680,309601
SRTF,6217,6401,33,55705,55738,49304,49337,49304
SRTF,1378,6402,92,431390,431482,424988,425080,424988
SRTF,9360,6403,36,65849,65885,59446,59482,59446
SRTF,2420,6404,50,127814,127864,121410,121460,121410
SRTF,7581,6404,89,402658,402747,396254,396343,396254
SRTF,2112,6406,2,6415,6417,9,11,9
SRTF,3736,6409,70,248617,248687,242208,242278,242208
SRTF,3345,6410,90,412971,413061,406561,406651,406561
SRTF,4057,6410,25,32970,32995,26560,26585,26560
SRTF,2546,6411,7,6420,6427,9,16,9
SRTF,5217,6411,15,12115,12130,5704,5719,5704
SRTF,8897,6411,3,6417,6420,6,9,6
SRTF,925,6413,28,41020,41048,34607,34635,34607
SRTF,5917,6413,95,457425,457520,451012,451107,451012
SRTF,5687,6414,87,384872,384959,378458,378545,378458
SRTF,4462,6416,42,89217,89259,82801,82843,82801
SRTF,2631,6416,92,431482,431574,425066,425158,425066
SRTF,7703,6416,47,111977,112024,105561,105608,105561
SRTF,2995,6416,81,332910,332991,326494,326575,326494
SRTF,4253,6419,41,85386,85427,78967,79008,78967
SRTF,2214,6420,24,30754,30778,24334,24358,24334
SRTF,3374,6420,36,65885,65921,59465,59501,59465
SRTF,17,6420,28,41048,41076,34628,34656,34628
SRTF,3631,6426,79,316081,316160,309655,309734,309655
SRTF,9150,6429,50,127864,127914,121435,121485,121435
SRTF,5817,6429,47,112024,112071,105595,105642,105595
SRTF,5913,6430,53,145052,145105,138622,138675,138622
SRTF,2099,6430,62,195502,195564,189072,189134,189072
SRTF,1717,6430,26,35744,35770,29314,29340,29314
SRTF,9503,6431,71,255470,255541,249039,249110,249039
SRTF,3683,6432,3,6440,6443,8,11,8
SRTF,9412,6435,57,166649,166706,160214,160271,160214
SRTF,6387,6437,72,263135,263207,256698,256770,256698
SRTF,9099,6437,61,188601,188662,182164,182225,182164
SRTF,72,6439,64,208564,208628,202125,202189,202125
SRTF,2866,6439,56,160816,160872,154377,154433,154377
SRTF,1901,6441,53,145105,145158,138664,138717,138664
SRTF,2322,6445,6,6456,6462,11,17,11
SRTF,1525,6446,74,277768,277842,271322,271396,271322
SRTF,6072,6447,6,6467,6473,20,26,20
SRTF,4813,6447,27,38253,38280,31806,31833,31806
SRTF,5147,6448,81,332991,333072,326543,326624,326543
SRTF,5722,6449,45,102605,102650,96156,96201,96156
SRTF,8607,6449,63,201824,201887,195375,195438,195375
SRTF,6337,6450,17,15496,15513,9046,9063,9046
SRTF,2625,6450,14,10434,10448,3984,3998,3984
SRTF,9610,6450,12,6490,6502,40,52,40
SRTF,7578,6452,63,201887,201950,195435,195498,195435
SRTF,9153,6452,7,6473,6480,21,28,21
SRTF,5414,6453,68,236393,236461,229940,230008,229940
SRTF,1036,6456,38,73320,73358,66864,66902,66864
SRTF,4027,6457,70,248687,248757,242230,242300,242230
SRTF,370,6457,63,201950,202013,195493,195556,195493
SRTF,8311,6458,64,208628,208692,202170,202234,202170
SRTF,4023,6460,71,255541,255612,249081,249152,249081
SRTF,8305,6460,98,485246,485344,478786,478884,478786
SRTF,9980,6461,95,457520,457615,451059,451154,451059
SRTF,7891,6461,5,6462,6467,1,6,1
SRTF,5844,6464,42,89259,89301,82795,82837,82795
SRTF,3129,6465,74,277842,277916,271377,271451,271377
SRTF,1347,6467,50,127914,127964,121447,121497,121447
SRTF,9121,6468,25,32995,33020,26527,26552,26527
SRTF,2923,6468,36,65921,65957,59453,59489,59453
SRTF,3189,6468,86,374648,374734,368180,368266,368180
SRTF,6446,6468,8,6482,6490,14,22,14
SRTF,5735,6468,61,188662,188723,182194,182255,182194
SRTF,875,6469,31,49371,49402,42902,42933,42902
SRTF,3258,6469,91,422041,422132,415572,415663,415572
SRTF,5323,6470,75,285085,285160,278615,278690,278615
SRTF,1856,6471,83,349748,349831,343277,343360,343277
SRTF,3387,6474,55,155918,155973,149444,149499,149444
SRTF,9920,6474,94,448993,449087,442519,442613,442519
SRTF,8698,6475,98,485344,485442,478869,478967,478869
SRTF,7335,6475,2,6480,6482,5,7,5
SRTF,3999,6476,41,85427,85468,78951,78992,78951
SRTF,9375,6476,78,307898,307976,301422,301500,301422
SRTF,5320,6477,69,243124,243193,236647,236716,236647
SRTF,1695,6477,84,357022,357106,350545,350629,350545
SRTF,6307,6479,62,195564,195626,189085,189147,189085
SRTF,6007,6481,67,229424,229491,222943,223010,222943
SRTF,3695,6481,39,77287,77326,70806,70845,70806
SRTF,4093,6483,80,324678,324758,318195,318275,318195
SRTF,433,6484,45,102650,102695,96166,96211,96166
SRTF,5483,6487,27,38280,38307,31793,31820,31793
SRTF,2101,6488,44,97342,97386,90854,90898,90854
SRTF,1047,6490,51,133484,133535,126994,127045,126994
SRTF,2222,6493,87,384959,385046,378466,378553,378466
SRTF,786,6493,82,340904,340986,334411,334493,334411
SRTF,6197,6495,49,123137,123186,116642,116691,116642
SRTF,6313,6496,62,195626,195688,189130,189192,189130
SRTF,6698,6496,29,43829,43858,37333,37362,37333
SRTF,8197,6499,8,6502,6510,3,11,3
SRTF,8320,6499,39,77326,77365,70827,70866,70827
SRTF,6102,6500,45,102695,102740,96195,96240,96195
SRTF,8719,6502,72,263207,263279,256705,256777,256705
SRTF,5130,6502,55,155973,156028,149471,149526,149471
SRTF,1456,6506,70,248757,248827,242251,242321,242251
SRTF,807,6506,87,385046,385133,378540,378627,378540
SRTF,9629,6507,38,73358,73396,66851,66889,66851
SRTF,8595,6507,37,69517,69554,63010,63047,63010
SRTF,2580,6509,56,160872,160928,154363,154419,154363
SRTF,4643,6509,69,243193,243262,236684,236753,236684
SRTF,2225,6511,62,195688,195750,189177,189239,189177
SRTF,4543,6511,51,133535,133586,127024,127075,127024
SRTF,4512,6513,15,12130,12145,5617,5632,5617
SRTF,1029,6514,93,439354,439447,432840,432933,432840
SRTF,3312,6516,66,222497,222563,215981,216047,215981
SRTF,4746,6519,90,413061,413151,406542,406632,406542
SRTF,2523,6519,45,102740,102785,96221,96266,96221
SRTF,7674,6519,63,202013,202076,195494,195557,195494
SRTF,6338,6520,66,222563,222629,216043,216109,216043
SRTF,8400,6521,48,117893,117941,111372,111420,111372
SRTF,6573,6522,51,133586,133637,127064,127115,127064
SRTF,6619,6523,93,439447,439540,432924,433017,432924
SRTF,8293,6523,82,340986,341068,334463,334545,334463
SRTF,7608,6523,15,12145,12160,5622,5637,5622
SRTF,4683,6524,8,6544,6552,20,28,20
SRTF,8462,6524,84,357106,357190,350582,350666,350582
SRTF,2103,6525,64,208692,208756,202167,202231,202167
SRTF,1780,6527,52,139163,139215,132636,132688,132636
SRTF,7737,6528,48,117941,117989,111413,111461,111413
SRTF,186,6528,34,58971,59005,52443,52477,52443
SRTF,596,6530,7,6537,6544,7,14,7
SRTF,2565,6530,79,316160,316239,309630,309709,309630
SRTF,4393,6531,37,69554,69591,63023,63060,63023
SRTF,8748,6533,13,6556,6569,23,36,23
SRTF,7039,6533,62,195750,195812,189217,189279,189217
SRTF,5226,6533,45,102785,102830,96252,96297,96252
SRTF,3528,6534,27,38307,38334,31773,31800,31773
SRTF,6451,6537,30,46679,46709,40142,40172,40142
SRTF,3016,6538,19,19696,19715,13158,13177,13158
SRTF,6724,6539,99,494028,494127,487489,487588,487489
SRTF,9698,6539,45,102830,102875,96291,96336,96291
SRTF,4071,6539,64,208756,208820,202217,202281,202217
SRTF,1510,6540,52,139215,139267,132675,132727,132675
SRTF,541,6541,50,127964,128014,121423,121473,121423
SRTF,1873,6542,40,81208,81248,74666,74706,74666
SRTF,4840,6543,58,172935,172993,166392,166450,166392
SRTF,710,6544,27,38334,38361,31790,31817,31790
SRTF,215,6546,41,85468,85509,78922,78963,78922
SRTF,7472,6546,96,466990,467086,460444,460540,460444
SRTF,3692,6547,87,385133,385220,378586,378673,378586
SRTF,2139,6548,63,202076,202139,195528,195591,195528
SRTF,4792,6548,75,285160,285235,278612,278687,278612
SRTF,2019,6549,4,6552,6556,3,7,3
SRTF,7601,6552,63,202139,202202,195587,195650,195587
SRTF,8468,6553,39,77365,77404,70812,70851,70812
SRTF,9760,6553,86,374734,374820,368181,368267,368181
SRTF,4936,6553,30,46709,46739,40156,40186,40156
SRTF,8054,6554,52,139267,139319,132713,132765,132713
SRTF,9781,6554,60,184241,184301,177687,177747,177687
SRTF,3163,6555,80,324758,324838,318203,318283,318203
SRTF,7860,6558,67,229491,229558,222933,223000,222933
SRTF,5287,6559,83,349831,349914,343272,343355,343272
SRTF,6721,6559,30,46739,46769,40180,40210,40180
SRTF,1679,6563,21,23982,24003,17419,17440,17419
SRTF,2886,6563,64,208820,208884,202257,202321,202257
SRTF,8402,6564,24,30778,30802,24214,24238,24214
SRTF,2910,6564,35,62668,62703,56104,56139,56104
SRTF,940,6565,92,431574,431666,425009,425101,425009
SRTF,2500,6566,40,81248,81288,74682,74722,74682
SRTF,7297,6566,61,188723,188784,182157,182218,182157
SRTF,6537,6567,88,394684,394772,388117,388205,388117
SRTF,5821,6568,93,439540,439633,432972,433065,432972
SRTF,1775,6570,96,467086,467182,460516,460612,460516
SRTF,1866,6570,14,10448,10462,3878,3892,3878
SRTF,6442,6571,96,467182,467278,460611,460707,460611
SRTF,7543,6571,74,277916,277990,271345,271419,271345
SRTF,9695,6572,85,365822,365907,359250,359335,359250
SRTF,1542,6573,47,112071,112118,105498,105545,105498
SRTF,8177,6574,21,24003,24024,17429,17450,17429
SRTF,2832,6574,81,333072,333153,326498,326579,326498
SRTF,6878,6575,54,151162,151216,144587,144641,144587
SRTF,8787,6576,16,13642,13658,7066,7082,7066
SRTF,5109,6578,68,236461,236529,229883,229951,229883
SRTF,2286,6579,42,89301,89343,82722,82764,82722
SRTF,3564,6579,96,467278,467374,460699,460795,460699
SRTF,2750,6581,56,160928,160984,154347,154403,154347
SRTF,8159,6581,66,222629,222695,216048,216114,216048
SRTF,4230,6582,61,188784,188845,182202,182263,182202
SRTF,5112,6582,28,41076,41104,34494,34522,34494
SRTF,2906,6583,43,92840,92883,86257,86300,86257
SRTF,173,6585,71,255612,255683,249027,249098,249027
SRTF,5948,6587,4,6597,6601,10,14,10
SRTF,4341,6587,75,285235,285310,278648,278723,278648
SRTF,2484,6588,11,6609,6620,21,32,21
SRTF,2822,6588,47,112118,112165,105530,105577,105530
SRTF,579,6588,57,166706,166763,160118,160175,160118
SRTF,3377,6589,16,13658,13674,7069,7085,7069
SRTF,4553,6589,84,357190,357274,350601,350685,350601
SRTF,2943,6591,13,6659,6672,68,81,68
SRTF,8008,6592,35,62703,62738,56111,56146,56111
SRTF,3410,6593,57,166763,166820,160170,160227,160170
SRTF,9104,6594,92,431666,431758,425072,425164,425072
SRTF,8210,6596,79,316239,316318,309643,309722,309643
SRTF,8076,6597,45,102875,102920,96278,96323,96278
SRTF,7614,6598,8,6601,6609,3,11,3
SRTF,3348,6599,32,53124,53156,46525,46557,46525
SRTF,689,6600,72,263279,263351,256679,256751,256679
SRTF,1960,6602,28,41104,41132,34502,34530,34502
SRTF,4510,6603,98,485442,485540,478839,478937,478839
SRTF,8989,6604,41,85509,85550,78905,78946,78905
SRTF,5886,6604,53,145158,145211,138554,138607,138554
SRTF,8061,6605,18,17349,17367,10744,10762,10744
SRTF,6622,6606,24,30802,30826,24196,24220,24196
SRTF,9839,6609,17,15513,15530,8904,8921,8904
SRTF,1271,6609,11,6620,6631,11,22,11
SRTF,2098,6610,81,333153,333234,326543,326624,326543
SRTF,9079,6610,41,85550,85591,78940,78981,78940
SRTF,8034,6611,41,85591,85632,78980,79021,78980
SRTF,1125,6612,58,172993,173051,166381,166439,166381
SRTF,361,6614,24,30826,30850,24212,24236,24212
SRTF,7364,6614,44,97386,97430,90772,90816,90772
SRTF,3330,6614,40,81288,81328,74674,74714,74674
SRTF,3511,6614,14,10462,10476,3848,3862,3848
SRTF,4518,6615,71,255683,255754,249068,249139,249068
SRTF,232,6616,42,89343,89385,82727,82769,82727
SRTF,9217,6616,48,117989,118037,111373,111421,111373
SRTF,7379,6617,73,270765,270838,264148,264221,264148
SRTF,6406,6617,15,12160,12175,5543,5558,5543
SRTF,431,6617,62,195812,195874,189195,189257,189195
SRTF,9260,6618,37,69591,69628,62973,63010,62973
SRTF,591,6619,24,30850,30874,24231,24255,24231
SRTF,8368,6620,28,41132,41160,34512,34540,34512
SRTF,6162,6620,62,195874,195936,189254,189316,189254
SRTF,7001,6622,61,188845,188906,182223,182284,182223
SRTF,4438,6622,57,166820,166877,160198,160255,160198
SRTF,4124,6623,68,236529,236597,229906,229974,229906
SRTF,2991,6626,74,277990,278064,271364,271438,271364
SRTF,4269,6628,50,128014,128064,121386,121436,121386
SRTF,2950,6628,37,69628,69665,63000,63037,63000
SRTF,9966,6629,8,6631,6639,2,10,2
SRTF,2570,6629,16,13674,13690,7045,7061,7045
SRTF,2490,6633,20,21722,21742,15089,15109,15089
SRTF,9224,6633,3,6639,6642,6,9,6
SRTF,1537,6635,97,476751,476848,470116,470213,470116
SRTF,4940,6636,54,151216,151270,144580,144634,144580
SRTF,6768,6636,80,324838,324918,318202,318282,318202
SRTF,5794,6637,9,6648,6657,11,20,11
SRTF,5025,6638,41,85632,85673,78994,79035,78994
SRTF,1774,6638,38,73396,73434,66758,66796,66758
SRTF,6294,6639,3,6642,6645,3,6,3
SRTF,1315,6640,17,15530,15547,8890,8907,8890
SRTF,7921,6642,83,349914,349997,343272,343355,343272
SRTF,3038,6642,56,160984,161040,154342,154398,154342
SRTF,2365,6643,82,341068,341150,334425,334507,334425
SRTF,7668,6643,79,316318,316397,309675,309754,309675
SRTF,4134,6644,3,6645,6648,1,4,1
SRTF,1568,6644,62,195936,195998,189292,189354,189292
SRTF,1090,6645,71,255754,255825,249109,249180,249109
SRTF,9665,6645,89,402747,402836,396102,396191,396102
SRTF,4583,6646,96,467374,467470,460728,460824,460728
SRTF,5275,6646,42,89385,89427,82739,82781,82739
SRTF,9854,6651,85,365907,365992,359256,359341,359256
SRTF,8459,6651,92,431758,431850,425107,425199,425107
SRTF,2994,6652,49,123186,123235,116534,116583,116534
SRTF,1951,6652,32,53156,53188,46504,46536,46504
SRTF,4525,6653,79,316397,316476,309744,309823,309744
SRTF,6588,6654,48,118037,118085,111383,111431,111383
SRTF,9168,6655,2,6657,6659,2,4,2
SRTF,356,6655,77,298963,299040,292308,292385,292308
SRTF,1729,6656,70,248827,248897,242171,242241,242171
SRTF,7005,6657,81,333234,333315,326577,326658,326577
SRTF,6643,6658,44,97430,97474,90772,90816,90772
SRTF,2653,6659,69,243262,243331,236603,236672,236603
SRTF,5309,6663,14,10476,10490,3813,3827,3813
SRTF,6131,6665,36,65957,65993,59292,59328,59292
SRTF,439,6665,46,107261,107307,100596,100642,100596
SRTF,6105,6666,51,133637,133688,126971,127022,126971
SRTF,1249,6667,22,26269,26291,19602,19624,19602
SRTF,142,6668,94,449087,449181,442419,442513,442419
SRTF,8383,6668,64,208884,208948,202216,202280,202216
SRTF,5415,6671,50,128064,128114,121393,121443,121393
SRTF,7823,6671,52,139319,139371,132648,132700,132648
SRTF,9579,6673,8,6686,6694,13,21,13
SRTF,6579,6673,41,85673,85714,79000,79041,79000
SRTF,1928,6674,87,385220,385307,378546,378633,378546
SRTF,1674,6675,86,374820,374906,368145,368231,368145
SRTF,775,6677,59,178452,178511,171775,171834,171775
SRTF,5884,6678,16,13690,13706,7012,7028,7012
SRTF,3543,6680,10,6715,6725,35,45,35
SRTF,8773,6681,31,49402,49433,42721,42752,42721
SRTF,5388,6681,62,195998,196060,189317,189379,189317
SRTF,5852,6681,18,17367,17385,10686,10704,10686
SRTF,6933,6683,9,6694,6703,11,20,11
SRTF,5416,6683,29,43858,43887,37175,37204,37175
SRTF,3337,6683,54,151270,151324,144587,144641,144587
SRTF,9310,6684,15,12175,12190,5491,5506,5491
SRTF,9823,6686,71,255825,255896,249139,249210,249139
SRTF,4614,6686,90,413151,413241,406465,406555,406465
SRTF,3154,6687,50,128114,128164,121427,121477,121427
SRTF,3451,6689,98,485540,485638,478851,478949,478851
SRTF,5614,6691,62,196060,196122,189369,189431,189369
SRTF,8098,6691,74,278064,278138,271373,271447,271373
SRTF,226,6694,38,73434,73472,66740,66778,66740
SRTF,7173,6694,21,24024,24045,17330,17351,17330
SRTF,8470,6694,64,208948,209012,202254,202318,202254
SRTF,3500,6696,4,6703,6707,7,11,7
SRTF,8250,6696,95,457615,457710,450919,451014,450919
SRTF,6892,6697,31,49433,49464,42736,42767,42736
SRTF,8178,6697,85,365992,366077,359295,359380,359295
SRTF,2678,6701,58,173051,173109,166350,166408,166350
SRTF,6077,6701,51,133688,133739,126987,127038,126987
SRTF,6032,6704,3,6707,6710,3,6,3
SRTF,1975,6704,37,69665,69702,62961,62998,62961
SRTF,7003,6704,49,123235,123284,116531,116580,116531
SRTF,1071,6704,10,6741,6751,37,47,37
SRTF,9349,6704,4,6711,6715,7,11,7
SRTF,3355,6707,24,30874,30898,24167,24191,24167
SRTF,3270,6708,1,6710,6711,2,3,2
SRTF,325,6709,93,439633,439726,432924,433017,432924
SRTF,9008,6709,15,12190,12205,5481,5496,5481
SRTF,2554,6710,72,263351,263423,256641,256713,256641
SRTF,4282,6711,35,62738,62773,56027,56062,56027
SRTF,7054,6713,50,128164,128214,121451,121501,121451
SRTF,4721,6715,56,161040,161096,154325,154381,154325
SRTF,2773,6716,61,188906,188967,182190,182251,182190
SRTF,4098,6718,5,6725,6730,7,12,7
SRTF,7090,6719,88,394772,394860,388053,388141,388053
SRTF,5170,6719,21,24045,24066,17326,17347,17326
SRTF,8665,6720,95,457710,457805,450990,451085,450990
SRTF,6917,6720,43,92883,92926,86163,86206,86163
SRTF,2060,6721,69,243331,243400,236610,236679,236610
SRTF,8551,6722,71,255896,255967,249174,249245,249174
SRTF,1112,6722,59,178511,178570,171789,171848,171789
SRTF,4707,6726,18,17385,17403,10659,10677,10659
SRTF,5911,6726,88,394860,394948,388134,388222,388134
SRTF,6228,6727,5,6730,6735,3,8,3
SRTF,8195,6728,62,196122,196184,189394,189456,189394
SRTF,6372,6731,12,6779,6791,48,60,48
SRTF,551,6731,82,341150,341232,334419,334501,334419
SRTF,1590,6731,13,6801,6814,70,83,70
SRTF,7391,6732,47,112165,112212,105433,105480,105433
SRTF,1602,6732,6,6735,6741,3,9,3
SRTF,96,6736,34,59005,59039,52269,52303,52269
SRTF,1292,6737,53,145211,145264,138474,138527,138474
SRTF,6263,6737,57,166877,166934,160140,160197,160140
SRTF,840,6738,84,357274,357358,350536,350620,350536
SRTF,5608,6738,10,6767,6777,29,39,29
SRTF,9591,6739,52,139371,139423,132632,132684,132632
SRTF,6654,6743,41,85714,85755,78971,79012,78971
SRTF,2541,6744,89,402836,402925,396092,396181,396092
SRTF,8362,6745,22,26291,26313,19546,19568,19546
SRTF,6458,6747,74,278138,278212,271391,271465,271391
SRTF,9682,6747,43,92926,92969,86179,86222,86179
SRTF,5268,6748,93,439726,439819,432978,433071,432978
SRTF,2753,6748,20,21742,21762,14994,15014,14994
SRTF,475,6748,47,112212,112259,105464,105511,105464
SRTF,7231,6749,6,6751,6757,2,8,2
SRTF,4427,6751,50,128214,128264,121463,121513,121463
SRTF,6473,6752,68,236597,236665,229845,229913,229845
SRTF,5063,6754,40,81328,81368,74574,74614,74574
SRTF,7832,6755,9,6757,6766,2,11,2
SRTF,4932,6761,1,6766,6767,5,6,5
SRTF,6670,6763,59,178570,178629,171807,171866,171807
SRTF,4730,6763,82,341232,341314,334469,334551,334469
SRTF,2633,6763,18,17403,17421,10640,10658,10640
SRTF,9067,6763,40,81368,81408,74605,74645,74605
SRTF,1966,6764,60,184301,184361,177537,177597,177537
SRTF,9296,6766,56,161096,161152,154330,154386,154330
SRTF,1215,6766,51,133739,133790,126973,127024,126973
SRTF,8633,6766,45,102920,102965,96154,96199,96154
SRTF,8555,6766,78,307976,308054,301210,301288,301210
SRTF,852,6767,91,422132,422223,415365,415456,415365
SRTF,5725,6768,82,341314,341396,334546,334628,334546
SRTF,2011,6770,31,49464,49495,42694,42725,42694
SRTF,5101,6770,50,128264,128314,121494,121544,121494
SRTF,3514,6771,39,77404,77443,70633,70672,70633
SRTF,4434,6771,2,6777,6779,6,8,6
SRTF,5459,6772,84,357358,357442,350586,350670,350586
SRTF,8347,6772,52,139423,139475,132651,132703,132651
SRTF,3972,6773,16,13706,13722,6933,6949,6933
SRTF,4248,6774,87,385307,385394,378533,378620,378533
SRTF,156,6776,31,49495,49526,42719,42750,42719
SRTF,768,6777,16,13722,13738,6945,6961,6945
SRTF,8185,6777,30,46769,46799,39992,40022,39992
SRTF,7847,6777,28,41160,41188,34383,34411,34383
SRTF,1959,6780,85,366077,366162,359297,359382,359297
SRTF,9261,6780,4,6792,6796,12,16,12
SRTF,4888,6781,63,202202,202265,195421,195484,195421
SRTF,6281,6782,5,6796,6801,14,19,14
SRTF,4784,6782,43,92969,93012,86187,86230,86187
SRTF,1049,6783,56,161152,161208,154369,154425,154369
SRTF,6570,6784,72,263423,263495,256639,256711,256639
SRTF,4818,6785,30,46799,46829,40014,40044,40014
SRTF,8921,6786,62,196184,196246,189398,189460,189398
SRTF,1890,6787,65,215738,215803,208951,209016,208951
SRTF,2604,6788,57,166934,166991,160146,160203,160146
SRTF,7179,6789,1,6791,6792,2,3,2
SRTF,2957,6789,34,59039,59073,52250,52284,52250
SRTF,8449,6791,35,62773,62808,55982,56017,55982
SRTF,4893,6792,31,49526,49557,42734,42765,42734
SRTF,7068,6792,93,439819,439912,433027,433120,433027
SRTF,2143,6793,90,413241,413331,406448,406538,406448
SRTF,8461,6794,33,55738,55771,48944,48977,48944
SRTF,7229,6794,52,139475,139527,132681,132733,132681
SRTF,6153,6795,75,285310,285385,278515,278590,278515
SRTF,2787,6796,28,41188,41216,34392,34420,34392
SRTF,4520,6797,77,299040,299117,292243,292320,292243
SRTF,4809,6799,79,316476,316555,309677,309756,309677
SRTF,390,6799,47,112259,112306,105460,105507,105460
SRTF,6838,6799,38,73472,73510,66673,66711,66673
SRTF,8020,6800,17,15547,15564,8747,8764,8747
SRTF,3985,6801,37,69702,69739,62901,62938,62901
SRTF,5780,6801,33,55771,55804,48970,49003,48970
SRTF,549,6801,57,166991,167048,160190,160247,160190
SRTF,8745,6802,66,222695,222761,215893,215959,215893
SRTF,503,6806,91,422223,422314,415417,415508,415417
SRTF,9149,6806,7,6815,6822,9,16,9
SRTF,9092,6806,69,243400,243469,236594,236663,236594
SRTF,1927,6807,53,145264,145317,138457,138510,138457
SRTF,800,6809,31,49557,49588,42748,42779,42748
SRTF,1171,6809,61,188967,189028,182158,182219,182158
SRTF,6428,6811,88,394948,395036,388137,388225,388137
SRTF,3964,6811,92,431850,431942,425039,425131,425039
SRTF,8690,6811,1,6814,6815,3,4,3
SRTF,1790,6812,52,139527,139579,132715,132767,132715
SRTF,2002,6813,60,184361,184421,177548,177608,177548
SRTF,3895,6815,40,81408,81448,74593,74633,74593
SRTF,2714,6816,32,53188,53220,46372,46404,46372
SRTF,9519,6818,67,229558,229625,222740,222807,222740
SRTF,633,6819,5,6822,6827,3,8,3
SRTF,1209,6819,46,107307,107353,100488,100534,100488
SRTF,6340,6821,36,65993,66029,59172,59208,59172
SRTF,8987,6823,72,263495,263567,256672,256744,256672
SRTF,2527,6823,38,73510,73548,66687,66725,66687
SRTF,7151,6825,52,139579,139631,132754,132806,132754
SRTF,9728,6828,31,49588,49619,42760,42791,42760
SRTF,5088,6828,34,59073,59107,52245,52279,52245
SRTF,7340,6830,31,49619,49650,42789,42820,42789
SRTF,455,6833,56,161208,161264,154375,154431,154375
SRTF,7881,6833,76,291978,292054,285145,285221,285145
SRTF,8394,6837,87,385394,385481,378557,378644,378557
SRTF,4177,6837,64,209012,209076,202175,202239,202175
SRTF,4625,6837,55,156028,156083,149191,149246,149191
SRTF,4161,6838,31,49650,49681,42812,42843,42812
SRTF,9313,6839,19,19715,19734,12876,12895,12876
SRTF,7862,6839,12,6841,6853,2,14,2
SRTF,2364,6841,90,413331,413421,406490,406580,406490
SRTF,7114,6841,42,89427,89469,82586,82628,82586
SRTF,8115,6843,12,6853,6865,10,22,10
SRTF,8223,6843,21,24066,24087,17223,17244,17223
SRTF,4633,6845,21,24087,24108,17242,17263,17242
SRTF,3166,6846,52,139631,139683,132785,132837,132785
SRTF,8233,6849,92,431942,432034,425093,425185,425093
SRTF,6424,6851,91,422314,422405,415463,415554,415463
SRTF,5739,6852,32,53220,53252,46368,46400,46368
SRTF,2544,6852,74,278212,278286,271360,271434,271360
SRTF,7671,6852,61,189028,189089,182176,182237,182176
SRTF,1140,6852,63,202265,202328,195413,195476,195413
SRTF,9711,6852,61,189089,189150,182237,182298,182237
SRTF,8313,6853,95,457805,457900,450952,451047,450952
SRTF,7566,6854,63,202328,202391,195474,195537,195474
SRTF,4933,6854,27,38361,38388,31507,31534,31507
SRTF,9750,6854,47,112306,112353,105452,105499,105452
SRTF,4375,6855,40,81448,81488,74593,74633,74593
SRTF,6590,6856,81,333315,333396,326459,326540,326459
SRTF,9827,6857,31,49681,49712,42824,42855,42824
SRTF,5950,6858,11,6872,6883,14,25,14
SRTF,4065,6859,74,278286,278360,271427,271501,271427
SRTF,7353,6860,79,316555,316634,309695,309774,309695
SRTF,9126,6860,73,270838,270911,263978,264051,263978
SRTF,8013,6861,50,128314,128364,121453,121503,121453
SRTF,7143,6862,93,439912,440005,433050,433143,433050
SRTF,74,6863,63,202391,202454,195528,195591,195528
SRTF,3814,6864,7,6865,6872,1,8,1
SRTF,7237,6865,44,97474,97518,90609,90653,90609
SRTF,2434,6868,64,209076,209140,202208,202272,202208
SRTF,5394,6869,81,333396,333477,326527,326608,326527
SRTF,2193,6869,81,333477,333558,326608,326689,326608
SRTF,1914,6869,42,89469,89511,82600,82642,82600
SRTF,7145,6870,53,145317,145370,138447,138500,138447
SRTF,3621,6871,80,324918,324998,318047,318127,318047
SRTF,63,6873,6,6886,6892,13,19,13
SRTF,7163,6875,38,73548,73586,66673,66711,66673
SRTF,6798,6878,85,366162,366247,359284,359369,359284
SRTF,718,6881,3,6883,6886,2,5,2
SRTF,1405,6881,16,13738,13754,6857,6873,6857
SRTF,6777,6881,78,308054,308132,301173,301251,301173
SRTF,814,6882,15,12205,12220,5323,5338,5323
SRTF,9234,6883,24,30898,30922,24015,24039,24015
SRTF,9597,6884,79,316634,316713,309750,309829,309750
SRTF,8905,6889,93,440005,440098,433116,433209,433116
SRTF,9933,6890,29,43887,43916,36997,37026,36997
SRTF,839,6891,72,263567,263639,256676,256748,256676
SRTF,137,6892,63,202454,202517,195562,195625,195562
SRTF,2785,6892,24,30922,30946,24030,24054,24030
SRTF,284,6893,6,6916,6922,23,29,23
SRTF,5389,6893,76,292054,292130,285161,285237,285161
SRTF,1885,6894,63,202517,202580,195623,195686,195623
SRTF,1692,6895,47,112353,112400,105458,105505,105458
SRTF,7812,6895,3,6906,6909,11,14,11
SRTF,4967,6897,33,55804,55837,48907,48940,48907
SRTF,989,6898,96,467470,467566,460572,460668,460572
SRTF,5517,6899,68,236665,236733,229766,229834,229766
SRTF,2412,6900,36,66029,66065,59129,59165,59129
SRTF,3938,6901,99,494127,494226,487226,487325,487226
SRTF,4371,6901,76,292130,292206,285229,285305,285229
SRTF,8359,6902,82,341396,341478,334494,334576,334494
SRTF,3001,6905,23,28222,28245,21317,21340,21317
SRTF,442,6905,48,118085,118133,111180,111228,111180
SRTF,6918,6906,3,6909,6912,3,6,3
SRTF,7649,6906,20,21762,21782,14856,14876,14856
SRTF,2114,6907,57,167048,167105,160141,160198,160141
SRTF,2239,6910,4,6912,6916,2,6,2
SRTF,117,6910,59,178629,178688,171719,171778,171719
SRTF,5033,6911,7,6922,6929,11,18,11
SRTF,8287,6912,66,222761,222827,215849,215915,215849
SRTF,5540,6915,85,366247,366332,359332,359417,359332
SRTF,3842,6915,16,13754,13770,6839,6855,6839
SRTF,1620,6917,86,374906,374992,367989,368075,367989
SRTF,3321,6919,90,413421,413511,406502,406592,406502
SRTF,3171,6919,72,263639,263711,256720,256792,256720
SRTF,9795,6922,81,333558,333639,326636,326717,326636
SRTF,6136,6923,1,6929,6930,6,7,6
SRTF,1817,6924,60,184421,184481,177497,177557,177497
SRTF,5703,6924,25,33020,33045,26096,26121,26096
SRTF,1441,6924,21,24108,24129,17184,17205,17184
SRTF,4667,6928,65,215803,215868,208875,208940,208875
SRTF,2118,6928,52,139683,139735,132755,132807,132755
SRTF,1874,6936,42,89511,89553,82575,82617,82575
SRTF,783,6937,15,12220,12235,5283,5298,5283
SRTF,5890,6937,5,6945,6950,8,13,8
SRTF,560,6938,85,366332,366417,359394,359479,359394
SRTF,119,6938,62,196246,196308,189308,189370,189308
SRTF,670,6938,88,395036,395124,388098,388186,388098
SRTF,9546,6939,96,467566,467662,460627,460723,460627
SRTF,4848,6940,22,26313,26335,19373,19395,19373
SRTF,723,6941,96,467662,467758,460721,460817,460721
SRTF,7999,6941,18,17421,17439,10480,10498,10480
SRTF,926,6941,91,422405,422496,415464,415555,415464
SRTF,8308,6942,41,85755,85796,78813,78854,78813
SRTF,5875,6943,59,178688,178747,171745,171804,171745
SRTF,8737,6943,1,6944,6945,1,2,1
SRTF,938,6943,21,24129,24150,17186,17207,17186
SRTF,7395,6944,53,145370,145423,138426,138479,138426
SRTF,269,6944,88,395124,395212,388180,388268,388180
SRTF,6161,6947,99,494226,494325,487279,487378,487279
SRTF,5689,6947,30,46829,46859,39882,39912,39882
SRTF,7973,6948,25,33045,33070,26097,26122,26097
SRTF,13,6949,93,440098,440191,433149,433242,433149
SRTF,813,6949,48,118133,118181,111184,111232,111184
SRTF,719,6949,18,17439,17457,10490,10508,10490
SRTF,7425,6952,72,263711,263783,256759,256831,256759
SRTF,4257,6953,55,156083,156138,149130,149185,149130
SRTF,5863,6957,42,89553,89595,82596,82638,82596
SRTF,8947,6957,70,248897,248967,241940,242010,241940
SRTF,7442,6957,7,6964,6971,7,14,7
SRTF,6419,6960,96,467758,467854,460798,460894,460798
SRTF,1253,6960,93,440191,440284,433231,433324,433231
SRTF,5969,6961,15,12235,12250,5274,5289,5274
SRTF,8952,6963,39,77443,77482,70480,70519,70480
SRTF,3027,6963,21,24150,24171,17187,17208,17187
SRTF,9309,6963,83,349997,350080,343034,343117,343034
SRTF,6308,6964,79,316713,316792,309749,309828,309749
SRTF,6030,6965,43,93012,93055,86047,86090,86047
SRTF,6923,6966,89,402925,403014,395959,396048,395959
SRTF,387,6966,1,6971,6972,5,6,5
SRTF,7893,6967,16,13770,13786,6803,6819,6803
SRTF,3891,6968,63,202580,202643,195612,195675,195612
SRTF,669,6970,4,6972,6976,2,6,2
SRTF,2561,6971,25,33070,33095,26099,26124,26099
SRTF,350,6971,31,49712,49743,42741,42772,42741
SRTF,3881,6972,27,38388,38415,31416,31443,31416
SRTF,9508,6973,54,151324,151378,144351,144405,144351
SRTF,4327,6974,83,350080,350163,343106,343189,343106
SRTF,3418,6976,6,6976,6982,0,6,0
SRTF,8460,6979,12,6996,7008,17,29,17
SRTF,2234,6979,61,189150,189211,182171,182232,182171
SRTF,2931,6980,18,17457,17475,10477,10495,10477
SRTF,1759,6980,31,49743,49774,42763,42794,42763
SRTF,2632,6980,58,173109,173167,166129,166187,166129
SRTF,3061,6980,77,299117,299194,292137,292214,292137
SRTF,8717,6981,77,299194,299271,292213,292290,292213
SRTF,776,6981,53,145423,145476,138442,138495,138442
SRTF,1175,6981,19,19734,19753,12753,12772,12753
SRTF,9837,6981,8,6982,6990,1,9,1
SRTF,4188,6982,82,341478,341560,334496,334578,334496
SRTF,7796,6982,38,73586,73624,66604,66642,66604
SRTF,6154,6984,6,6990,6996,6,12,6
SRTF,2507,6985,20,21782,21802,14797,14817,14797
SRTF,7186,6985,83,350163,350246,343178,343261,343178
SRTF,6900,6985,80,324998,325078,318013,318093,318013
SRTF,7142,6986,37,69739,69776,62753,62790,62753
SRTF,853,6986,64,209140,209204,202154,202218,202154
SRTF,887,6988,13,7101,7114,113,126,113
SRTF,3667,6989,52,139735,139787,132746,132798,132746
SRTF,2897,6990,38,73624,73662,66634,66672,66634
SRTF,4433,6992,53,145476,145529,138484,138537,138484
SRTF,2837,6993,57,167105,167162,160112,160169,160112
SRTF,4538,6995,14,10490,10504,3495,3509,3495
SRTF,715,6996,60,184481,184541,177485,177545,177485
SRTF,5842,6996,94,449181,449275,442185,442279,442185
SRTF,6860,6996,19,19753,19772,12757,12776,12757
SRTF,6415,6997,57,167162,167219,160165,160222,160165
SRTF,5031,6998,5,7011,7016,13,18,13
SRTF,6173,6998,66,222827,222893,215829,215895,215829
SRTF,2690,6999,57,167219,167276,160220,160277,160220
SRTF,9846,6999,66,222893,222959,215894,215960,215894
SRTF,4478,6999,96,467854,467950,460855,460951,460855
SRTF,4616,7000,96,467950,468046,460950,461046,460950
SRTF,1932,7000,57,167276,167333,160276,160333,160276
SRTF,8090,7001,93,440284,440377,433283,433376,433283
SRTF,8874,7002,6,7016,7022,14,20,14
SRTF,4127,7002,45,102965,103010,95963,96008,95963
SRTF,2061,7002,45,103010,103055,96008,96053,96008
SRTF,7781,7002,44,97518,97562,90516,90560,90516
SRTF,725,7002,89,403014,403103,396012,396101,396012
SRTF,2283,7003,3,7008,7011,5,8,5
SRTF,420,7004,8,7031,7039,27,35,27
SRTF,1667,7005,6,7022,7028,17,23,17
SRTF,3350,7006,21,24171,24192,17165,17186,17165
SRTF,5158,7008,52,139787,139839,132779,132831,132779
SRTF,1248,7009,38,73662,73700,66653,66691,66653
SRTF,1468,7009,65,215868,215933,208859,208924,208859
SRTF,1850,7010,22,26335,26357,19325,19347,19325
SRTF,6022,7011,87,385481,385568,378470,378557,378470
SRTF,6027,7011,39,77482,77521,70471,70510,70471
SRTF,3278,7011,25,33095,33120,26084,26109,26084
SRTF,8750,7012,66,222959,223025,215947,216013,215947
SRTF,7913,7013,51,133790,133841,126777,126828,126777
SRTF,1606,7014,52,139839,139891,132825,132877,132825
SRTF,5511,7016,97,476848,476945,469832,469929,469832
SRTF,3177,7016,87,385568,385655,378552,378639,378552
SRTF,9658,7022,51,133841,133892,126819,126870,126819
SRTF,292,7022,73,270911,270984,263889,263962,263889
SRTF,4691,7023,55,156138,156193,149115,149170,149115
SRTF,3879,7024,71,255967,256038,248943,249014,248943
SRTF,8473,7024,71,256038,256109,249014,249085,249014
SRTF,9630,7025,30,46859,46889,39834,39864,39834
SRTF,653,7026,3,7028,7031,2,5,2
SRTF,385,7027,38,73700,73738,66673,66711,66673
SRTF,7351,7027,65,215933,215998,208906,208971,208906
SRTF,1516,7027,26,35770,35796,28743,28769,28743
SRTF,9293,7028,15,12250,12265,5222,5237,5222
SRTF,1731,7029,93,440377,440470,433348,433441,433348
SRTF,2265,7031,19,19772,19791,12741,12760,12741
SRTF,4178,7031,22,26357,26379,19326,19348,19326
SRTF,3625,7032,25,33120,33145,26088,26113,26088
SRTF,9409,7032,78,308132,308210,301100,301178,301100
SRTF,9960,7032,11,7055,7066,23,34,23
SRTF,9112,7034,57,167333,167390,160299,160356,160299
SRTF,125,7035,56,161264,161320,154229,154285,154229
SRTF,5482,7036,87,385655,385742,378619,378706,378619
SRTF,8260,7036,63,202643,202706,195607,195670,195607
SRTF,4606,7036,6,7039,7045,3,9,3
SRTF,5622,7037,20,21802,21822,14765,14785,14765
SRTF,46,7041,70,248967,249037,241926,241996,241926
SRTF,9467,7041,11,7066,7077,25,36,25
SRTF,896,7041,71,256109,256180,249068,249139,249068
SRTF,9844,7042,62,196308,196370,189266,189328,189266
SRTF,737,7043,10,7045,7055,2,12,2
SRTF,9982,7044,59,178747,178806,171703,171762,171703
SRTF,2077,7045,15,12265,12280,5220,5235,5220
SRTF,1895,7052,72,263783,263855,256731,256803,256731
SRTF,6409,7054,92,432034,432126,424980,425072,424980
SRTF,6028,7055,96,468046,468142,460991,461087,460991
SRTF,555,7056,69,243469,243538,236413,236482,236413
SRTF,1656,7057,25,33145,33170,26088,26113,26088
SRTF,1480,7059,88,395212,395300,388153,388241,388153
SRTF,6430,7060,24,30946,30970,23886,23910,23886
SRTF,8440,7060,81,333639,333720,326579,326660,326579
SRTF,9340,7062,77,299271,299348,292209,292286,292209
SRTF,1715,7062,14,10504,10518,3442,3456,3442
SRTF,8253,7062,70,249037,249107,241975,242045,241975
SRTF,7213,7064,88,395300,395388,388236,388324,388236
SRTF,2879,7064,13,7116,7129,52,65,52
SRTF,8018,7065,71,256180,256251,249115,249186,249115
SRTF,6065,7067,18,17475,17493,10408,10426,10408
SRTF,1337,7069,83,350246,350329,343177,343260,343177
SRTF,8958,7069,64,209204,209268,202135,202199,202135
SRTF,2932,7069,55,156193,156248,149124,149179,149124
SRTF,4439,7069,97,476945,477042,469876,469973,469876
SRTF,3756,7071,68,236733,236801,229662,229730,229662
SRTF,6218,7072,7,7077,7084,5,12,5
SRTF,388,7079,68,236801,236869,229722,229790,229722
SRTF,5462,7080,25,33170,33195,26090,26115,26090
SRTF,5345,7080,6,7084,7090,4,10,4
SRTF,4052,7081,29,43916,43945,36835,36864,36835
SRTF,3909,7081,88,395388,395476,388307,388395,388307
SRTF,4154,7082,80,325078,325158,317996,318076,317996
SRTF,6361,7082,96,468142,468238,461060,461156,461060
SRTF,5393,7082,58,173167,173225,166085,166143,166085
SRTF,8677,7083,13,7168,7181,85,98,85
SRTF,8342,7083,66,223025,223091,215942,216008,215942
SRTF,2202,7083,67,229625,229692,222542,222609,222542
SRTF,1150,7083,13,7608,7621,525,538,525
SRTF,3054,7084,84,357442,357526,350358,350442,350358
SRTF,4194,7086,80,325158,325238,318072,318152,318072
SRTF,8410,7086,65,215998,216063,208912,208977,208912
SRTF,5595,7088,17,15564,15581,8476,8493,8476
SRTF,2195,7088,10,7090,7100,2,12,2
SRTF,5628,7090,17,15581,15598,8491,8508,8491
SRTF,3210,7094,27,38415,38442,31321,31348,31321
SRTF,7503,7095,1,7100,7101,5,6,5
SRTF,2628,7096,77,299348,299425,292252,292329,292252
SRTF,2498,7097,31,49774,49805,42677,42708,42677
SRTF,214,7098,50,128364,128414,121266,121316,121266
SRTF,50,7099,82,341560,341642,334461,334543,334461
SRTF,5582,7099,54,151378,151432,144279,144333,144279
SRTF,5928,7099,84,357526,357610,350427,350511,350427
SRTF,2198,7099,62,196370,196432,189271,189333,189271
SRTF,1566,7099,24,30970,30994,23871,23895,23871
SRTF,1225,7101,93,440470,440563,433369,433462,433369
SRTF,9926,7102,71,256251,256322,249149,249220,249149
SRTF,1897,7102,67,229692,229759,222590,222657,222590
SRTF,642,7102,21,24192,24213,17090,17111,17090
SRTF,5753,7104,90,413511,413601,406407,406497,406407
SRTF,7980,7105,46,107353,107399,100248,100294,100248
SRTF,3604,7106,91,422496,422587,415390,415481,415390
SRTF,4866,7108,2,7114,7116,6,8,6
SRTF,7523,7111,48,118181,118229,111070,111118,111070
SRTF,1032,7112,70,249107,249177,241995,242065,241995
SRTF,1821,7114,43,93055,93098,85941,85984,85941
SRTF,625,7114,53,145529,145582,138415,138468,138415
SRTF,1728,7115,36,66065,66101,58950,58986,58950
SRTF,5381,7116,16,13786,13802,6670,6686,6670
SRTF,1851,7117,8,7129,7137,12,20,12
SRTF,3911,7117,60,184541,184601,177424,177484,177424
SRTF,4453,7117,92,432126,432218,425009,425101,425009
SRTF,5892,7118,52,139891,139943,132773,132825,132773
SRTF,4714,7119,86,374992,375078,367873,367959,367873
SRTF,1268,7119,89,403103,403192,395984,396073,395984
SRTF,2020,7121,9,7144,7153,23,32,23
SRTF,3222,7122,84,357610,357694,350488,350572,350488
SRTF,2006,7123,31,49805,49836,42682,42713,42682
SRTF,6167,7124,62,196432,196494,189308,189370,189308
SRTF,4334,7124,34,59107,59141,51983,52017,51983
SRTF,1281,7124,35,62808,62843,55684,55719,55684
SRTF,204,7125,36,66101,66137,58976,59012,58976
SRTF,1312,7126,87,385742,385829,378616,378703,378616
SRTF,9550,7126,84,357694,357778,350568,350652,350568
SRTF,5965,7127,39,77521,77560,70394,70433,70394
SRTF,2261,7128,13,7625,7638,497,510,497
SRTF,7117,7129,40,81488,81528,74359,74399,74359
SRTF,4226,7129,97,477042,477139,469913,470010,469913
SRTF,9764,7130,71,256322,256393,249192,249263,249192
SRTF,5087,7130,5,7139,7144,9,14,9
SRTF,6889,7131,72,263855,263927,256724,256796,256724
SRTF,2579,7133,2,7137,7139,4,6,4
SRTF,7365,7135,39,77560,77599,70425,70464,70425
SRTF,4928,7135,12,7156,7168,21,33,21
SRTF,2082,7137,67,229759,229826,222622,222689,222622
SRTF,1306,7138,70,249177,249247,242039,242109,242039
SRTF,8017,7140,45,103055,103100,95915,95960,95915
SRTF,684,7140,31,49836,49867,42696,42727,42696
SRTF,1180,7141,37,69776,69813,62635,62672,62635
SRTF,7056,7141,91,422587,422678,415446,415537,415446
SRTF,4825,7143,45,103100,103145,95957,96002,95957
SRTF,9671,7145,39,77599,77638,70454,70493,70454
SRTF,8505,7146,48,118229,118277,111083,111131,111083
SRTF,1004,7147,88,395476,395564,388329,388417,388329
SRTF,5018,7148,3,7153,7156,5,8,5
SRTF,7423,7151,44,97562,97606,90411,90455,90411
SRTF,2967,7151,79,316792,316871,309641,309720,309641
SRTF,1881,7151,43,93098,93141,85947,85990,85947
SRTF,2100,7154,13,7638,7651,484,497,484
SRTF,2706,7155,30,46889,46919,39734,39764,39734
SRTF,2739,7156,30,46919,46949,39763,39793,39763
SRTF,9595,7156,61,189211,189272,182055,182116,182055
SRTF,243,7158,91,422678,422769,415520,415611,415520
SRTF,6664,7160,79,316871,316950,309711,309790,309711
SRTF,3394,7160,69,243538,243607,236378,236447,236378
SRTF,3181,7161,33,55837,55870,48676,48709,48676
SRTF,5992,7162,38,73738,73776,66576,66614,66576
SRTF,3710,7162,31,49867,49898,42705,42736,42705
SRTF,6224,7164,36,66137,66173,58973,59009,58973
SRTF,490,7164,90,413601,413691,406437,406527,406437
SRTF,5468,7164,57,167390,167447,160226,160283,160226
SRTF,2273,7165,64,209268,209332,202103,202167,202103
SRTF,3028,7166,40,81528,81568,74362,74402,74362
SRTF,2573,7167,51,133892,133943,126725,126776,126725
SRTF,7308,7169,3,7181,7184,12,15,12
SRTF,6956,7169,93,440563,440656,433394,433487,433394
SRTF,6791,7170,41,85796,85837,78626,78667,78626
SRTF,3257,7170,92,432218,432310,425048,425140,425048
SRTF,9644,7171,7,7191,7198,20,27,20
SRTF,8450,7171,41,85837,85878,78666,78707,78666
SRTF,7661,7173,29,43945,43974,36772,36801,36772
SRTF,7756,7174,7,7203,7210,29,36,29
SRTF,1785,7175,81,333720,333801,326545,326626,326545
SRTF,4225,7175,68,236869,236937,229694,229762,229694
SRTF,2184,7177,55,156248,156303,149071,149126,149071
SRTF,3916,7178,48,118277,118325,111099,111147,111099
SRTF,2086,7179,77,299425,299502,292246,292323,292246
SRTF,1643,7179,33,55870,55903,48691,48724,48691
SRTF,2726,7183,1,7184,7185,1,2,1
SRTF,2584,7183,5,7185,7190,2,7,2
SRTF,1178,7184,95,457900,457995,450716,450811,450716
SRTF,4344,7185,96,468238,468334,461053,461149,461053
SRTF,1086,7186,63,202706,202769,195520,195583,195520
SRTF,3398,7186,38,73776,73814,66590,66628,66590
SRTF,516,7186,34,59141,59175,51955,51989,51955
SRTF,8534,7187,95,457995,458090,450808,450903,450808
SRTF,9204,7188,12,7210,7222,22,34,22
SRTF,5001,7189,1,7190,7191,1,2,1
SRTF,3153,7190,23,28245,28268,21055,21078,21055
SRTF,683,7190,53,145582,145635,138392,138445,138392
SRTF,8570,7190,19,19791,19810,12601,12620,12601
SRTF,9288,7192,38,73814,73852,66622,66660,66622
SRTF,4563,7192,75,285385,285460,278193,278268,278193
SRTF,5494,7192,98,485638,485736,478446,478544,478446
SRTF,9862,7192,61,189272,189333,182080,182141,182080
SRTF,531,7192,59,178806,178865,171614,171673,171614
SRTF,2530,7193,5,7198,7203,5,10,5
SRTF,6577,7194,74,278360,278434,271166,271240,271166
SRTF,8664,7195,61,189333,189394,182138,182199,182138
SRTF,1014,7196,80,325238,325318,318042,318122,318042
SRTF,3693,7196,91,422769,422860,415573,415664,415573
SRTF,5406,7204,57,167447,167504,160243,160300,160243
SRTF,9301,7205,24,30994,31018,23789,23813,23789
SRTF,3885,7206,84,357778,357862,350572,350656,350572
SRTF,6790,7206,69,243607,243676,236401,236470,236401
SRTF,4979,7206,26,35796,35822,28590,28616,28590
SRTF,342,7206,18,17493,17511,10287,10305,10287
SRTF,1328,7206,23,28268,28291,21062,21085,21062
SRTF,84,7208,12,7459,7471,251,263,251
SRTF,5499,7209,23,28291,28314,21082,21105,21082
SRTF,9184,7209,88,395564,395652,388355,388443,388355
SRTF,6808,7210,32,53252,53284,46042,46074,46042
SRTF,5228,7211,96,468334,468430,461123,461219,461123
SRTF,6425,7211,18,17511,17529,10300,10318,10300
SRTF,4235,7212,88,395652,395740,388440,388528,388440
SRTF,7874,7213,42,89595,89637,82382,82424,82382
SRTF,3549,7214,29,43974,44003,36760,36789,36760
SRTF,1382,7214,10,7319,7329,105,115,105
SRTF,105,7215,79,316950,317029,309735,309814,309735
SRTF,6017,7216,27,38442,38469,31226,31253,31226
SRTF,9702,7218,7,7222,7229,4,11,4
SRTF,1113,7218,47,112400,112447,105182,105229,105182
SRTF,8576,7219,23,28314,28337,21095,21118,21095
SRTF,1109,7221,75,285460,285535,278239,278314,278239
SRTF,6863,7225,29,44003,44032,36778,36807,36778
SRTF,7009,7226,38,73852,73890,66626,66664,66626
SRTF,4200,7226,7,7235,7242,9,16,9
SRTF,8500,7226,5,7229,7234,3,8,3
SRTF,3169,7226,38,73890,73928,66664,66702,66664
SRTF,9039,7226,83,350329,350412,343103,343186,343103
SRTF,1930,7227,89,403192,403281,395965,396054,395965
SRTF,2703,7230,38,73928,73966,66698,66736,66698
SRTF,1841,7232,55,156303,156358,149071,149126,149071
SRTF,8289,7232,27,38469,38496,31237,31264,31237
SRTF,8046,7233,82,341642,341724,334409,334491,334409
SRTF,9077,7234,1,7234,7235,0,1,0
SRTF,5360,7235,31,49898,49929,42663,42694,42663
SRTF,5736,7236,1,7242,7243,6,7,6
SRTF,3668,7236,29,44032,44061,36796,36825,36796
SRTF,5510,7237,77,299502,299579,292265,292342,292265
SRTF,9836,7238,7,7243,7250,5,12,5
SRTF,699,7239,53,145635,145688,138396,138449,138396
SRTF,2553,7239,82,341724,341806,334485,334567,334485
SRTF,4972,7240,8,7250,7258,10,18,10
SRTF,3815,7240,17,15598,15615,8358,8375,8358
SRTF,782,7240,29,44061,44090,36821,36850,36821
SRTF,3156,7241,43,93141,93184,85900,85943,85900
SRTF,552,7241,99,494325,494424,487084,487183,487084
SRTF,6328,7242,89,403281,403370,396039,396128,396039
SRTF,4382,7243,69,243676,243745,236433,236502,236433
SRTF,5104,7244,32,53284,53316,46040,46072,46040
SRTF,7978,7244,47,112447,112494,105203,105250,105203
SRTF,688,7245,10,7337,7347,92,102,92
SRTF,7701,7246,79,317029,317108,309783,309862,309783
SRTF,5998,7246,75,285535,285610,278289,278364,278289
SRTF,9180,7249,84,357862,357946,350613,350697,350613
SRTF,8485,7251,9,7258,7267,7,16,7
SRTF,426,7253,78,308210,308288,300957,301035,300957
SRTF,9814,7255,9,7276,7285,21,30,21
SRTF,3641,7256,26,35822,35848,28566,28592,28566
SRTF,5457,7257,9,7291,7300,34,43,34
SRTF,6385,7257,66,223091,223157,215834,215900,215834
SRTF,8052,7258,59,178865,178924,171607,171666,171607
SRTF,7593,7259,83,350412,350495,343153,343236,343153
SRTF,3968,7260,33,55903,55936,48643,48676,48643
SRTF,3643,7262,40,81568,81608,74306,74346,74306
SRTF,9294,7262,90,413691,413781,406429,406519,406429
SRTF,7527,7262,32,53316,53348,46054,46086,46054
SRTF,3575,7263,51,133943,133994,126680,126731,126680
SRTF,4751,7263,55,156358,156413,149095,149150,149095
SRTF,2536,7264,73,270984,271057,263720,263793,263720
SRTF,5891,7264,10,7370,7380,106,116,106
SRTF,7064,7265,7,7267,7274,2,9,2
SRTF,5708,7265,79,317108,317187,309843,309922,309843
SRTF,1509,7266,46,107399,107445,100133,100179,100133
SRTF,674,7266,45,103145,103190,95879,95924,95879
SRTF,529,7266,74,278434,278508,271168,271242,271168
SRTF,3031,7269,2,7274,7276,5,7,5
SRTF,5086,7269,86,375078,375164,367809,367895,367809
SRTF,1,7270,89,403370,403459,396100,396189,396100
SRTF,7664,7271,66,223157,223223,215886,215952,215886
SRTF,9880,7272,34,59175,59209,51903,51937,51903
SRTF,1374,7274,54,151432,151486,144158,144212,144158
SRTF,4567,7279,97,477139,477236,469860,469957,469860
SRTF,177,7280,73,271057,271130,263777,263850,263777
SRTF,7898,7280,72,263927,263999,256647,256719,256647
SRTF,7710,7280,23,28337,28360,21057,21080,21057
SRTF,7036,7281,34,59209,59243,51928,51962,51928
SRTF,9189,7282,44,97606,97650,90324,90368,90324
SRTF,7138,7282,1,7285,7286,3,4,3
SRTF,4480,7282,5,7286,7291,4,9,4
SRTF,1912,7285,48,118325,118373,111040,111088,111040
SRTF,1394,7287,46,107445,107491,100158,100204,100158
SRTF,9143,7287,15,12280,12295,4993,5008,4993
SRTF,6141,7288,39,77638,77677,70350,70389,70350
SRTF,3656,7291,62,196494,196556,189203,189265,189203
SRTF,4021,7291,49,123284,123333,115993,116042,115993
SRTF,1411,7291,63,202769,202832,195478,195541,195478
SRTF,8089,7292,70,249247,249317,241955,242025,241955
SRTF,1639,7294,44,97650,97694,90356,90400,90356
SRTF,3768,7294,2,7300,7302,6,8,6
SRTF,3100,7295,83,350495,350578,343200,343283,343200
SRTF,2304,7295,7,7302,7309,7,14,7
SRTF,3848,7296,76,292206,292282,284910,284986,284910
SRTF,8318,7297,10,7387,7397,90,100,90
SRTF,5573,7297,32,53348,53380,46051,46083,46051
SRTF,5757,7299,49,123333,123382,116034,116083,116034
SRTF,4539,7299,46,107491,107537,100192,100238,100192
SRTF,3750,7304,44,97694,97738,90390,90434,90390
SRTF,9113,7309,1,7309,7310,0,1,0
SRTF,8486,7310,3,7310,7313,0,3,0
SRTF,6303,7311,1,7313,7314,2,3,2
SRTF,1085,7311,19,19810,19829,12499,12518,12499
SRTF,1886,7311,49,123382,123431,116071,116120,116071
SRTF,643,7312,70,249317,249387,242005,242075,242005
SRTF,1390,7312,18,17529,17547,10217,10235,10217
SRTF,8791,7313,66,223223,223289,215910,215976,215910
SRTF,9657,7313,40,81608,81648,74295,74335,74295
SRTF,6783,7314,31,49929,49960,42615,42646,42615
SRTF,1436,7314,5,7314,7319,0,5,0
SRTF,7635,7314,15,12295,12310,4981,4996,4981
SRTF,6268,7318,76,292282,292358,284964,285040,284964
SRTF,8371,7320,84,357946,358030,350626,350710,350626
SRTF,8023,7320,77,299579,299656,292259,292336,292259
SRTF,2351,7321,71,256393,256464,249072,249143,249072
SRTF,6101,7322,46,107537,107583,100215,100261,100215
SRTF,4209,7323,99,494424,494523,487101,487200,487101
SRTF,5825,7325,62,196556,196618,189231,189293,189231
SRTF,8490,7325,48,118373,118421,111048,111096,111048
SRTF,977,7326,8,7329,7337,3,11,3
SRTF,1946,7327,71,256464,256535,249137,249208,249137
SRTF,6045,7328,52,139943,139995,132615,132667,132615
SRTF,5862,7329,90,413781,413871,406452,406542,406452
SRTF,7101,7329,66,223289,223355,215960,216026,215960
SRTF,2591,7329,32,53380,53412,46051,46083,46051
SRTF,544,7330,71,256535,256606,249205,249276,249205
SRTF,3751,7331,81,333801,333882,326470,326551,326470
SRTF,4688,7331,30,46949,46979,39618,39648,39618
SRTF,8167,7332,90,413871,413961,406539,406629,406539
SRTF,6376,7334,99,494523,494622,487189,487288,487189
SRTF,6470,7338,87,385829,385916,378491,378578,378491
SRTF,9095,7338,83,350578,350661,343240,343323,343240
SRTF,7045,7339,19,19829,19848,12490,12509,12490
SRTF,301,7339,70,249387,249457,242048,242118,242048
SRTF,2201,7340,6,7347,7353,7,13,7
SRTF,2085,7340,43,93184,93227,85844,85887,85844
SRTF,9596,7342,16,13802,13818,6460,6476,6460
SRTF,341,7343,72,263999,264071,256656,256728,256656
SRTF,2487,7345,96,468430,468526,461085,461181,461085
SRTF,9015,7345,92,432310,432402,424965,425057,424965
SRTF,8924,7345,45,103190,103235,95845,95890,95845
SRTF,5193,7345,39,77677,77716,70332,70371,70332
SRTF,4580,7347,57,167504,167561,160157,160214,160157
SRTF,6204,7347,7,7363,7370,16,23,16
SRTF,4845,7347,79,317187,317266,309840,309919,309840
SRTF,5496,7349,4,7353,7357,4,8,4
SRTF,755,7350,12,7497,7509,147,159,147
SRTF,1773,7351,37,69813,69850,62462,62499,62462
SRTF,3546,7352,98,485736,485834,478384,478482,478384
SRTF,3841,7352,57,167561,167618,160209,160266,160209
SRTF,2308,7353,23,28360,28383,21007,21030,21007
SRTF,5205,7354,37,69850,69887,62496,62533,62496
SRTF,3128,7355,39,77716,77755,70361,70400,70361
SRTF,4298,7357,6,7357,7363,0,6,0
SRTF,504,7357,44,97738,97782,90381,90425,90381
SRTF,2657,7358,80,325318,325398,317960,318040,317960
SRTF,9786,7358,50,128414,128464,121056,121106,121056
SRTF,3572,7361,56,161320,161376,153959,154015,153959
SRTF,4941,7362,37,69887,69924,62525,62562,62525
SRTF,9333,7364,31,49960,49991,42596,42627,42596
SRTF,3577,7365,90,413961,414051,406596,406686,406596
SRTF,5945,7366,73,271130,271203,263764,263837,263764
SRTF,6591,7367,35,62843,62878,55476,55511,55476
SRTF,6036,7367,81,333882,333963,326515,326596,326515
SRTF,1166,7368,14,10518,10532,3150,3164,3150
SRTF,9350,7368,43,93227,93270,85859,85902,85859
SRTF,2741,7368,45,103235,103280,95867,95912,95867
SRTF,5214,7370,62,196618,196680,189248,189310,189248
SRTF,9017,7370,86,375164,375250,367794,367880,367794
SRTF,6601,7371,69,243745,243814,236374,236443,236374
SRTF,5080,7371,98,485834,485932,478463,478561,478463
SRTF,9653,7372,30,46979,47009,39607,39637,39607
SRTF,8999,7372,20,21822,21842,14450,14470,14450
SRTF,2064,7373,69,243814,243883,236441,236510,236441
SRTF,7571,7373,52,139995,140047,132622,132674,132622
SRTF,2669,7374,56,161376,161432,154002,154058,154002
SRTF,3960,7374,10,7414,7424,40,50,40
SRTF,5929,7376,29,44090,44119,36714,36743,36714
SRTF,8669,7377,71,256606,256677,249229,249300,249229
SRTF,8215,7378,20,21842,21862,14464,14484,14464
SRTF,6566,7378,65,216063,216128,208685,208750,208685
SRTF,2341,7378,70,249457,249527,242079,242149,242079
SRTF,9761,7378,72,264071,264143,256693,256765,256693
SRTF,8772,7378,16,13818,13834,6440,6456,6440
SRTF,7896,7379,7,7380,7387,1,8,1
SRTF,2151,7380,18,17547,17565,10167,10185,10167
SRTF,4793,7381,81,333963,334044,326582,326663,326582
SRTF,5149,7382,36,66173,66209,58791,58827,58791
SRTF,4240,7382,19,19848,19867,12466,12485,12466
SRTF,5947,7382,60,184601,184661,177219,177279,177219
SRTF,8325,7382,62,196680,196742,189298,189360,189298
SRTF,4657,7384,40,81648,81688,74264,74304,74264
SRTF,9444,7385,71,256677,256748,249292,249363,249292
SRTF,7412,7385,64,209332,209396,201947,202011,201947
SRTF,115,7385,32,53412,53444,46027,46059,46027
SRTF,9642,7388,55,156413,156468,149025,149080,149025
SRTF,5634,7389,97,477236,477333,469847,469944,469847
SRTF,4207,7389,83,350661,350744,343272,343355,343272
SRTF,441,7390,8,7397,7405,7,15,7
SRTF,4926,7392,22,26379,26401,18987,19009,18987
SRTF,185,7392,97,477333,477430,469941,470038,469941
SRTF,154,7392,8,7406,7414,14,22,14
SRTF,6220,7393,14,10532,10546,3139,3153,3139
SRTF,9098,7394,26,35848,35874,28454,28480,28454
SRTF,6500,7394,87,385916,386003,378522,378609,378522
SRTF,2169,7394,12,7519,7531,125,137,125
SRTF,3316,7395,82,341806,341888,334411,334493,334411
SRTF,5238,7396,36,66209,66245,58813,58849,58813
SRTF,9094,7396,61,189394,189455,181998,182059,181998
SRTF,7017,7396,21,24213,24234,16817,16838,16817
SRTF,6832,7397,37,69924,69961,62527,62564,62527
SRTF,1981,7397,34,59243,59277,51846,51880,51846
SRTF,3142,7398,18,17565,17583,10167,10185,10167
SRTF,6653,7398,16,13834,13850,6436,6452,6436
SRTF,7259,7399,18,17583,17601,10184,10202,10184
SRTF,9396,7399,44,97782,97826,90383,90427,90383
SRTF,9091,7400,46,107583,107629,100183,100229,100183
SRTF,518,7400,88,395740,395828,388340,388428,388340
SRTF,244,7400,58,173225,173283,165825,165883,165825
SRTF,415,7404,1,7405,7406,1,2,1
SRTF,4062,7404,84,358030,358114,350626,350710,350626
SRTF,6744,7406,43,93270,93313,85864,85907,85864
SRTF,8794,7407,28,41216,41244,33809,33837,33809
SRTF,130,7408,54,151486,151540,144078,144132,144078
SRTF,4578,7409,24,31018,31042,23609,23633,23609
SRTF,660,7409,23,28383,28406,20974,20997,20974
SRTF,4491,7411,95,458090,458185,450679,450774,450679
SRTF,9585,7412,48,118421,118469,111009,111057,111009
SRTF,8508,7413,34,59277,59311,51864,51898,51864
SRTF,3513,7415,59,178924,178983,171509,171568,171509
SRTF,4777,7415,9,7424,7433,9,18,9
SRTF,9803,7416,57,167618,167675,160202,160259,160202
SRTF,2672,7418,28,41244,41272,33826,33854,33826
SRTF,661,7418,34,59311,59345,51893,51927,51893
SRTF,576,7419,43,93313,93356,85894,85937,85894
SRTF,6628,7419,10,7438,7448,19,29,19
SRTF,8114,7420,33,55936,55969,48516,48549,48516
SRTF,7740,7420,99,494622,494721,487202,487301,487202
SRTF,1953,7421,13,7758,7771,337,350,337
SRTF,435,7421,25,33195,33220,25774,25799,25774
SRTF,6368,7422,87,386003,386090,378581,378668,378581
SRTF,7315,7422,33,55969,56002,48547,48580,48547
SRTF,9609,7423,50,128464,128514,121041,121091,121041
SRTF,3484,7423,26,35874,35900,28451,28477,28451
SRTF,1529,7424,95,458185,458280,450761,450856,450761
SRTF,1987,7426,13,7801,7814,375,388,375
SRTF,4189,7427,18,17601,17619,10174,10192,10174
SRTF,3107,7427,66,223355,223421,215928,215994,215928
SRTF,2770,7429,84,358114,358198,350685,350769,350685
SRTF,3256,7430,94,449275,449369,441845,441939,441845
SRTF,4249,7431,52,140047,140099,132616,132668,132616
SRTF,3446,7432,5,7433,7438,1,6,1
SRTF,8867,7432,11,7448,7459,16,27,16
SRTF,6033,7433,46,107629,107675,100196,100242,100196
SRTF,8685,7433,43,93356,93399,85923,85966,85923
SRTF,6694,7435,25,33220,33245,25785,25810,25785
SRTF,8727,7436,24,31042,31066,23606,23630,23606
SRTF,1493,7437,32,53444,53476,46007,46039,46007
SRTF,5675,7437,91,422860,422951,415423,415514,415423
SRTF,5727,7440,24,31066,31090,23626,23650,23626
SRTF,9953,7441,96,468526,468622,461085,461181,461085
SRTF,5747,7445,88,395828,395916,388383,388471,388383
SRTF,4409,7446,62,196742,196804,189296,189358,189296
SRTF,8616,7446,59,178983,179042,171537,171596,171537
SRTF,2009,7446,81,334044,334125,326598,326679,326598
SRTF,2880,7446,87,386090,386177,378644,378731,378644
SRTF,7371,7447,72,264143,264215,256696,256768,256696
SRTF,6352,7448,39,77755,77794,70307,70346,70307
SRTF,666,7449,83,350744,350827,343295,343378,343295
SRTF,7548,7450,86,375250,375336,367800,367886,367800
SRTF,5759,7450,44,97826,97870,90376,90420,90376
SRTF,2190,7451,22,26401,26423,18950,18972,18950
SRTF,4985,7452,46,107675,107721,100223,100269,100223
SRTF,5039,7454,68,236937,237005,229483,229551,229483
SRTF,331,7455,82,341888,341970,334433,334515,334433
SRTF,7070,7456,51,133994,134045,126538,126589,126538
SRTF,7590,7460,54,151540,151594,144080,144134,144080
SRTF,2883,7461,22,26423,26445,18962,18984,18962
SRTF,2423,7462,69,243883,243952,236421,236490,236421
SRTF,8661,7464,43,93399,93442,85935,85978,85935
SRTF,5803,7465,7,7471,7478,6,13,6
SRTF,5550,7465,56,161432,161488,153967,154023,153967
SRTF,6441,7467,41,85878,85919,78411,78452,78411
SRTF,2747,7468,12,7531,7543,63,75,63
SRTF,3344,7468,60,184661,184721,177193,177253,177193
SRTF,4914,7469,50,128514,128564,121045,121095,121045
SRTF,3490,7470,35,62878,62913,55408,55443,55408
SRTF,3085,7470,52,140099,140151,132629,132681,132629
SRTF,1770,7473,17,15615,15632,8142,8159,8142
SRTF,4857,7478,9,7478,7487,0,9,0
SRTF,7376,7478,9,7488,7497,10,19,10
SRTF,1219,7479,13,7819,7832,340,353,340
SRTF,3267,7480,91,422951,423042,415471,415562,415471
SRTF,3150,7480,85,366417,366502,358937,359022,358937
SRTF,5912,7481,49,123431,123480,115950,115999,115950
SRTF,7446,7482,49,123480,123529,115998,116047,115998
SRTF,4765,7483,45,103280,103325,95797,95842,95797
SRTF,636,7483,80,325398,325478,317915,317995,317915
SRTF,4075,7485,1,7487,7488,2,3,2
SRTF,9602,7485,32,53476,53508,45991,46023,45991
SRTF,1364,7486,30,47009,47039,39523,39553,39523
SRTF,6079,7489,99,494721,494820,487232,487331,487232
SRTF,864,7489,72,264215,264287,256726,256798,256726
SRTF,1401,7490,64,209396,209460,201906,201970,201906
SRTF,7680,7490,65,216128,216193,208638,208703,208638
SRTF,1483,7491,19,19867,19886,12376,12395,12376
SRTF,7369,7492,90,414051,414141,406559,406649,406559
SRTF,5072,7493,41,85919,85960,78426,78467,78426
SRTF,571,7494,21,24234,24255,16740,16761,16740
SRTF,4939,7498,61,189455,189516,181957,182018,181957
SRTF,9401,7498,20,21862,21882,14364,14384,14364
SRTF,5321,7500,64,209460,209524,201960,202024,201960
SRTF,6997,7503,29,44119,44148,36616,36645,36616
SRTF,4675,7504,16,13850,13866,6346,6362,6346
SRTF,2226,7504,10,7509,7519,5,15,5
SRTF,5991,7505,14,10546,10560,3041,3055,3041
SRTF,9886,7507,45,103325,103370,95818,95863,95818
SRTF,371,7509,69,243952,244021,236443,236512,236443
SRTF,5745,7509,91,423042,423133,415533,415624,415533
SRTF,1357,7511,81,334125,334206,326614,326695,326614
SRTF,9932,7512,68,237005,237073,229493,229561,229493
SRTF,44,7513,31,49991,50022,42478,42509,42478
SRTF,3727,7519,98,485932,486030,478413,478511,478413
SRTF,1791,7519,18,17619,17637,10100,10118,10100
SRTF,7957,7520,79,317266,317345,309746,309825,309746
SRTF,2496,7521,19,19886,19905,12365,12384,12365
SRTF,4303,7522,42,89637,89679,82115,82157,82115
SRTF,8610,7522,87,386177,386264,378655,378742,378655
SRTF,8848,7523,63,202832,202895,195309,195372,195309
SRTF,6756,7525,38,73966,74004,66441,66479,66441
SRTF,7389,7526,15,12310,12325,4784,4799,4784
SRTF,159,7526,12,7555,7567,29,41,29
SRTF,2275,7527,79,317345,317424,309818,309897,309818
SRTF,7271,7529,48,118469,118517,110940,110988,110940
SRTF,5079,7531,63,202895,202958,195364,195427,195364
SRTF,4568,7531,48,118517,118565,110986,111034,110986
SRTF,2429,7531,60,184721,184781,177190,177250,177190
SRTF,6871,7532,53,145688,145741,138156,138209,138156
SRTF,5546,7533,77,299656,299733,292123,292200,292123
SRTF,3086,7537,88,395916,396004,388379,388467,388379
SRTF,4490,7538,17,15632,15649,8094,8111,8094
SRTF,4295,7542,7,7543,7550,1,8,1
SRTF,487,7543,59,179042,179101,171499,171558,171499
SRTF,5994,7543,63,202958,203021,195415,195478,195415
SRTF,2859,7544,72,264287,264359,256743,256815,256743
SRTF,2334,7544,91,423133,423224,415589,415680,415589
SRTF,2609,7544,26,35900,35926,28356,28382,28356
SRTF,4550,7545,68,237073,237141,229528,229596,229528
SRTF,930,7546,36,66245,66281,58699,58735,58699
SRTF,3126,7547,40,81688,81728,74141,74181,74141
SRTF,2526,7548,84,358198,358282,350650,350734,350650
SRTF,7817,7548,38,74004,74042,66456,66494,66456
SRTF,9770,7548,5,7550,7555,2,7,2
SRTF,4723,7549,93,440656,440749,433107,433200,433107
SRTF,3852,7552,59,179101,179160,171549,171608,171549
SRTF,176,7554,93,440749,440842,433195,433288,433195
SRTF,57,7555,29,44148,44177,36593,36622,36593
SRTF,3375,7557,64,209524,209588,201967,202031,201967
SRTF,6181,7557,65,216193,216258,208636,208701,208636
SRTF,340,7560,39,77794,77833,70234,70273,70234
SRTF,405,7560,96,468622,468718,461062,461158,461062
SRTF,831,7561,2,7567,7569,6,8,6
SRTF,1454,7561,68,237141,237209,229580,229648,229580
SRTF,1318,7564,97,477430,477527,469866,469963,469866
SRTF,4671,7566,10,7569,7579,3,13,3
SRTF,2665,7568,48,118565,118613,110997,111045,110997
SRTF,2255,7569,24,31090,31114,23521,23545,23521
SRTF,769,7570,10,7595,7605,25,35,25
SRTF,3149,7570,53,145741,145794,138171,138224,138171
SRTF,6456,7572,23,28406,28429,20834,20857,20834
SRTF,8961,7573,82,341970,342052,334397,334479,334397
SRTF,7814,7574,37,69961,69998,62387,62424,62387
SRTF,2039,7574,9,7586,7595,12,21,12
SRTF,135,7574,37,69998,70035,62424,62461,62424
SRTF,629,7575,7,7579,7586,4,11,4
SRTF,600,7576,52,140151,140203,132575,132627,132575
SRTF,932,7577,25,33245,33270,25668,25693,25668
SRTF,4369,7579,21,24255,24276,16676,16697,16676
SRTF,8370,7581,74,278508,278582,270927,271001,270927
SRTF,8389,7586,51,134045,134096,126459,126510,126459
SRTF,488,7587,93,440842,440935,433255,433348,433255
SRTF,4286,7587,61,189516,189577,181929,181990,181929
SRTF,8379,7593,17,15649,15666,8056,8073,8056
SRTF,3419,7594,41,85960,86001,78366,78407,78366
SRTF,7768,7595,75,285610,285685,278015,278090,278015
SRTF,1778,7595,25,33270,33295,25675,25700,25675
SRTF,2941,7597,86,375336,375422,367739,367825,367739
SRTF,8670,7598,96,468718,468814,461120,461216,461120
SRTF,8893,7600,36,66281,66317,58681,58717,58681
SRTF,5569,7601,32,53508,53540,45907,45939,45907
SRTF,5804,7602,26,35926,35952,28324,28350,28324
SRTF,5068,7604,29,44177,44206,36573,36602,36573
SRTF,2333,7604,44,97870,97914,90266,90310,90266
SRTF,4220,7605,88,396004,396092,388399,388487,388399
SRTF,3357,7605,2,7605,7607,0,2,0
SRTF,7873,7605,91,423224,423315,415619,415710,415619
SRTF,5395,7607,1,7607,7608,0,1,0
SRTF,5834,7607,34,59345,59379,51738,51772,51738
SRTF,9811,7607,98,486030,486128,478423,478521,478423
SRTF,4144,7609,15,12325,12340,4716,4731,4716
SRTF,3806,7610,78,308288,308366,300678,300756,300678
SRTF,7219,7610,31,50022,50053,42412,42443,42412
SRTF,2916,7611,77,299733,299810,292122,292199,292122
SRTF,8360,7612,97,477527,477624,469915,470012,469915
SRTF,4595,7616,58,173283,173341,165667,165725,165667
SRTF,8901,7616,64,209588,209652,201972,202036,201972
SRTF,2779,7616,82,342052,342134,334436,334518,334436
SRTF,1230,7617,38,74042,74080,66425,66463,66425
SRTF,3441,7618,85,366502,366587,358884,358969,358884
SRTF,8200,7619,78,308366,308444,300747,300825,300747
SRTF,6411,7619,4,7621,7625,2,6,2
SRTF,3732,7619,43,93442,93485,85823,85866,85823
SRTF,3609,7619,23,28429,28452,20810,20833,20810
SRTF,5288,7620,39,77833,77872,70213,70252,70213
SRTF,1945,7622,45,103370,103415,95748,95793,95748
SRTF,9632,7624,32,53540,53572,45916,45948,45916
SRTF,2054,7629,71,256748,256819,249119,249190,249119
SRTF,68,7629,13,7978,7991,349,362,349
SRTF,7677,7630,71,256819,256890,249189,249260,249189
SRTF,9776,7630,83,350827,350910,343197,343280,343197
SRTF,9739,7630,56,161488,161544,153858,153914,153858
SRTF,6610,7630,82,342134,342216,334504,334586,334504
SRTF,8499,7631,93,440935,441028,433304,433397,433304
SRTF,9359,7632,39,77872,77911,70240,70279,70240
SRTF,6983,7633,95,458280,458375,450647,450742,450647
SRTF,9618,7634,36,66317,66353,58683,58719,58683
SRTF,9792,7637,96,468814,468910,461177,461273,461177
SRTF,7567,7637,33,56002,56035,48365,48398,48365
SRTF,2144,7638,76,292358,292434,284720,284796,284720
SRTF,824,7641,34,59379,59413,51738,51772,51738
SRTF,9028,7641,74,278582,278656,270941,271015,270941
SRTF,7580,7642,15,12340,12355,4698,4713,4698
SRTF,1194,7643,6,7651,7657,8,14,8
SRTF,1104,7643,35,62913,62948,55270,55305,55270
SRTF,3690,7644,19,19905,19924,12261,12280,12261
SRTF,6748,7645,63,203021,203084,195376,195439,195376
SRTF,7514,7647,67,229826,229893,222179,222246,222179
SRTF,4089,7647,39,77911,77950,70264,70303,70264
SRTF,728,7648,72,264359,264431,256711,256783,256711
SRTF,2210,7650,88,396092,396180,388442,388530,388442
SRTF,533,7651,29,44206,44235,36555,36584,36555
SRTF,3157,7651,99,494820,494919,487169,487268,487169
SRTF,6809,7653,6,7657,7663,4,10,4
SRTF,1387,7657,40,81728,81768,74071,74111,74071
SRTF,5174,7657,30,47039,47069,39382,39412,39382
SRTF,4312,7657,11,7709,7720,52,63,52
SRTF,4673,7658,95,458375,458470,450717,450812,450717
SRTF,3342,7659,80,325478,325558,317819,317899,317819
SRTF,3063,7661,8,7663,7671,2,10,2
SRTF,959,7667,64,209652,209716,201985,202049,201985
SRTF,483,7668,12,7746,7758,78,90,78
SRTF,7266,7669,83,350910,350993,343241,343324,343241
SRTF,5396,7669,32,53572,53604,45903,45935,45903
SRTF,6125,7670,8,7671,7679,1,9,1
SRTF,812,7673,11,7724,7735,51,62,51
SRTF,6444,7674,5,7679,7684,5,10,5
SRTF,3766,7674,92,432402,432494,424728,424820,424728
SRTF,1226,7674,87,386264,386351,378590,378677,378590
SRTF,5555,7675,83,350993,351076,343318,343401,343318
SRTF,9370,7678,99,494919,495018,487241,487340,487241
SRTF,4522,7678,63,203084,203147,195406,195469,195406
SRTF,4423,7678,10,7684,7694,6,16,6
SRTF,299,7679,53,145794,145847,138115,138168,138115
SRTF,1208,7679,99,495018,495117,487339,487438,487339
SRTF,5192,7680,33,56035,56068,48355,48388,48355
SRTF,297,7683,19,19924,19943,12241,12260,12241
SRTF,3019,7684,15,12355,12370,4671,4686,4671
SRTF,5599,7686,81,334206,334287,326520,326601,326520
SRTF,1286,7686,4,7694,7698,8,12,8
SRTF,759,7687,58,173341,173399,165654,165712,165654
SRTF,6315,7688,67,229893,229960,222205,222272,222205
SRTF,8686,7689,42,89679,89721,81990,82032,81990
SRTF,8591,7689,70,249527,249597,241838,241908,241838
SRTF,9020,7690,68,237209,237277,229519,229587,229519
SRTF,7303,7690,8,7698,7706,8,16,8
SRTF,4330,7692,59,179160,179219,171468,171527,171468
SRTF,1303,7693,61,189577,189638,181884,181945,181884
SRTF,2057,7693,40,81768,81808,74075,74115,74075
SRTF,4644,7693,11,7735,7746,42,53,42
SRTF,8340,7694,50,128564,128614,120870,120920,120870
SRTF,1314,7694,78,308444,308522,300750,300828,300750
SRTF,2271,7697,45,103415,103460,95718,95763,95718
SRTF,3837,7697,50,128614,128664,120917,120967,120917
SRTF,5005,7697,31,50053,50084,42356,42387,42356
SRTF,4964,7701,99,495117,495216,487416,487515,487416
SRTF,4757,7701,23,28452,28475,20751,20774,20751
SRTF,3288,7703,54,151594,151648,143891,143945,143891
SRTF,7984,7705,66,223421,223487,215716,215782,215716
SRTF,8160,7705,59,179219,179278,171514,171573,171514
SRTF,1798,7705,3,7706,7709,1,4,1
SRTF,6410,7706,39,77950,77989,70244,70283,70244
SRTF,5152,7707,75,285685,285760,277978,278053,277978
SRTF,8314,7709,80,325558,325638,317849,317929,317849
SRTF,7445,7710,56,161544,161600,153834,153890,153834
SRTF,7963,7710,90,414141,414231,406431,406521,406431
SRTF,2432,7710,3,7721,7724,11,14,11
SRTF,8239,7714,74,278656,278730,270942,271016,270942
SRTF,650,7714,26,35952,35978,28238,28264,28238
SRTF,8967,7714,1,7720,7721,6,7,6
SRTF,6536,7715,98,486128,486226,478413,478511,478413
SRTF,1222,7715,97,477624,477721,469909,470006,469909
SRTF,6797,7718,77,299810,299887,292092,292169,292092
SRTF,2860,7718,46,107721,107767,100003,100049,100003
SRTF,124,7721,81,334287,334368,326566,326647,326566
SRTF,467,7723,95,458470,458565,450747,450842,450747
SRTF,1558,7725,93,441028,441121,433303,433396,433303
SRTF,6098,7727,21,24276,24297,16549,16570,16549
SRTF,8275,7727,76,292434,292510,284707,284783,284707
SRTF,8815,7727,99,495216,495315,487489,487588,487489
SRTF,7330,7727,98,486226,486324,478499,478597,478499
SRTF,734,7730,35,62948,62983,55218,55253,55218
SRTF,2978,7730,20,21882,21902,14152,14172,14152
SRTF,7433,7734,51,134096,134147,126362,126413,126362
SRTF,7105,7734,69,244021,244090,236287,236356,236287
SRTF,35,7734,93,441121,441214,433387,433480,433387
SRTF,2431,7736,75,285760,285835,278024,278099,278024
SRTF,9043,7736,78,308522,308600,300786,300864,300786
SRTF,4495,7737,22,26445,26467,18708,18730,18708
SRTF,3705,7737,20,21902,21922,14165,14185,14165
SRTF,8481,7737,76,292510,292586,284773,284849,284773
SRTF,4011,7739,53,145847,145900,138108,138161,138108
SRTF,8143,7740,36,66353,66389,58613,58649,58613
SRTF,8711,7741,50,128664,128714,120923,120973,120923
SRTF,3058,7742,88,396180,396268,388438,388526,388438
SRTF,3596,7742,13,8050,8063,308,321,308
SRTF,9312,7743,63,203147,203210,195404,195467,195404
SRTF,6785,7743,21,24297,24318,16554,16575,16554
SRTF,6713,7746,22,26467,26489,18721,18743,18721
SRTF,9518,7750,69,244090,244159,236340,236409,236340
SRTF,3923,7751,89,403459,403548,395708,395797,395708
SRTF,6715,7754,80,325638,325718,317884,317964,317884
SRTF,5058,7754,59,179278,179337,171524,171583,171524
SRTF,4516,7755,83,351076,351159,343321,343404,343321
SRTF,7972,7756,57,167675,167732,159919,159976,159919
SRTF,8229,7756,16,13866,13882,6110,6126,6110
SRTF,8826,7758,48,118613,118661,110855,110903,110855
SRTF,2142,7758,86,375422,375508,367664,367750,367664
SRTF,3178,7758,29,44235,44264,36477,36506,36477
SRTF,9281,7759,68,237277,237345,229518,229586,229518
SRTF,6870,7759,26,35978,36004,28219,28245,28219
SRTF,1828,7761,3,7771,7774,10,13,10
SRTF,3365,7763,87,386351,386438,378588,378675,378588
SRTF,8276,7764,6,7774,7780,10,16,10
SRTF,5019,7766,87,386438,386525,378672,378759,378672
SRTF,7268,7766,68,237345,237413,229579,229647,229579
SRTF,6736,7768,20,21922,21942,14154,14174,14154
SRTF,9206,7768,64,209716,209780,201948,202012,201948
SRTF,8831,7769,87,386525,386612,378756,378843,378756
SRTF,5629,7769,14,10560,10574,2791,2805,2791
SRTF,9426,7770,9,7780,7789,10,19,10
SRTF,8943,7773,31,50084,50115,42311,42342,42311
SRTF,5050,7774,12,7789,7801,15,27,15
SRTF,7156,7776,43,93485,93528,85709,85752,85709
SRTF,1114,7776,95,458565,458660,450789,450884,450789
SRTF,5900,7776,37,70035,70072,62259,62296,62259
SRTF,202,7777,20,21942,21962,14165,14185,14165
SRTF,6758,7777,51,134147,134198,126370,126421,126370
SRTF,7672,7777,42,89721,89763,81944,81986,81944
SRTF,3461,7778,57,167732,167789,159954,160011,159954
SRTF,5529,7778,53,145900,145953,138122,138175,138122
SRTF,998,7783,93,441214,441307,433431,433524,433431
SRTF,8994,7785,89,403548,403637,395763,395852,395763
SRTF,3816,7786,86,375508,375594,367722,367808,367722
SRTF,6289,7787,51,134198,134249,126411,126462,126411
SRTF,2208,7788,58,173399,173457,165611,165669,165611
SRTF,5542,7788,18,17637,17655,9849,9867,9849
SRTF,2697,7789,84,358282,358366,350493,350577,350493
SRTF,2721,7789,91,423315,423406,415526,415617,415526
SRTF,1000,7790,44,97914,97958,90124,90168,90124
SRTF,6373,7795,81,334368,334449,326573,326654,326573
SRTF,7455,7795,18,17655,17673,9860,9878,9860
SRTF,5240,7797,74,278730,278804,270933,271007,270933
SRTF,5903,7798,33,56068,56101,48270,48303,48270
SRTF,7403,7799,88,396268,396356,388469,388557,388469
SRTF,8241,7804,65,216258,216323,208454,208519,208454
SRTF,9156,7804,59,179337,179396,171533,171592,171533
SRTF,939,7804,30,47069,47099,39265,39295,39265
SRTF,2720,7804,58,173457,173515,165653,165711,165653
SRTF,411,7805,5,7814,7819,9,14,9
SRTF,335,7806,42,89763,89805,81957,81999,81957
SRTF,9347,7807,55,156468,156523,148661,148716,148661
SRTF,3492,7812,35,62983,63018,55171,55206,55171
SRTF,5507,7813,34,59413,59447,51600,51634,51600
SRTF,1505,7813,68,237413,237481,229600,229668,229600
SRTF,2777,7815,52,140203,140255,132388,132440,132388
SRTF,3754,7817,94,449369,449463,441552,441646,441552
SRTF,3194,7818,20,21962,21982,14144,14164,14144
SRTF,8596,7819,79,317424,317503,309605,309684,309605
SRTF,7018,7823,61,189638,189699,181815,181876,181815
SRTF,3127,7823,66,223487,223553,215664,215730,215664
SRTF,9849,7824,97,477721,477818,469897,469994,469897
SRTF,4991,7825,66,223553,223619,215728,215794,215728
SRTF,9612,7825,85,366587,366672,358762,358847,358762
SRTF,1369,7827,66,223619,223685,215792,215858,215792
SRTF,3840,7829,72,264431,264503,256602,256674,256602
SRTF,9306,7829,10,7844,7854,15,25,15
SRTF,754,7830,60,184781,184841,176951,177011,176951
SRTF,7393,7830,5,7832,7837,2,7,2
SRTF,4155,7832,7,7837,7844,5,12,5
SRTF,1350,7832,26,36004,36030,28172,28198,28172
SRTF,2939,7833,13,8305,8318,472,485,472
SRTF,2603,7833,55,156523,156578,148690,148745,148690
SRTF,1603,7833,27,38496,38523,30663,30690,30663
SRTF,8135,7833,81,334449,334530,326616,326697,326616
SRTF,5131,7833,10,7915,7925,82,92,82
SRTF,8977,7833,50,128714,128764,120881,120931,120881
SRTF,2907,7835,59,179396,179455,171561,171620,171561
SRTF,5212,7837,65,216323,216388,208486,208551,208486
SRTF,6541,7837,21,24318,24339,16481,16502,16481
SRTF,8954,7838,38,74080,74118,66242,66280,66242
SRTF,8415,7842,75,285835,285910,277993,278068,277993
SRTF,2059,7842,88,396356,396444,388514,388602,388514
SRTF,1968,7843,57,167789,167846,159946,160003,159946
SRTF,8441,7844,83,351159,351242,343315,343398,343315
SRTF,4172,7845,5,7855,7860,10,15,10
SRTF,4950,7845,72,264503,264575,256658,256730,256658
SRTF,8033,7846,40,81808,81848,73962,74002,73962
SRTF,3681,7846,1,7854,7855,8,9,8
SRTF,7552,7847,34,59447,59481,51600,51634,51600
SRTF,1815,7848,93,441307,441400,433459,433552,433459
SRTF,6985,7848,35,63018,63053,55170,55205,55170
SRTF,8418,7848,38,74118,74156,66270,66308,66270
SRTF,8424,7849,95,458660,458755,450811,450906,450811
SRTF,25,7849,8,7870,7878,21,29,21
SRTF,4461,7850,59,179455,179514,171605,171664,171605
SRTF,2738,7851,90,414231,414321,406380,406470,406380
SRTF,6006,7853,86,375594,375680,367741,367827,367741
SRTF,9496,7855,88,396444,396532,388589,388677,388589
SRTF,7164,7856,54,151648,151702,143792,143846,143792
SRTF,6640,7857,47,112494,112541,104637,104684,104637
SRTF,2127,7857,9,7884,7893,27,36,27
SRTF,127,7858,66,223685,223751,215827,215893,215827
SRTF,538,7860,81,334530,334611,326670,326751,326670
SRTF,7388,7860,6,7860,7866,0,6,0
SRTF,9685,7863,89,403637,403726,395774,395863,395774
SRTF,980,7863,95,458755,458850,450892,450987,450892
SRTF,6426,7865,19,19943,19962,12078,12097,12078
SRTF,3393,7866,3,7866,7869,0,3,0
SRTF,7125,7866,89,403726,403815,395860,395949,395860
SRTF,5764,7867,97,477818,477915,469951,470048,469951
SRTF,1641,7867,99,495315,495414,487448,487547,487448
SRTF,7152,7867,1,7869,7870,2,3,2
SRTF,6176,7868,38,74156,74194,66288,66326,66288
SRTF,71,7869,81,334611,334692,326742,326823,326742
SRTF,4387,7869,9,7906,7915,37,46,37
SRTF,7961,7869,51,134249,134300,126380,126431,126380
SRTF,2129,7870,67,229960,230027,222090,222157,222090
SRTF,4034,7871,31,50115,50146,42244,42275,42244
SRTF,8580,7872,26,36030,36056,28158,28184,28158
SRTF,2488,7875,6,7878,7884,3,9,3
SRTF,7406,7875,91,423406,423497,415531,415622,415531
SRTF,5370,7876,39,77989,78028,70113,70152,70113
SRTF,4163,7876,61,189699,189760,181823,181884,181823
SRTF,9968,7876,59,179514,179573,171638,171697,171638
SRTF,1367,7878,22,26489,26511,18611,18633,18611
SRTF,8606,7880,40,81848,81888,73968,74008,73968
SRTF,2701,7880,17,15666,15683,7786,7803,7786
SRTF,3386,7888,65,216388,216453,208500,208565,208500
SRTF,6657,7890,1,7893,7894,3,4,3
SRTF,5047,7891,7,7899,7906,8,15,8
SRTF,646,7891,69,244159,244228,236268,236337,236268
SRTF,6462,7892,82,342216,342298,334324,334406,334324
SRTF,73,7892,1,7894,7895,2,3,2
SRTF,5746,7893,4,7895,7899,2,6,2
SRTF,2449,7896,95,458850,458945,450954,451049,450954
SRTF,2138,7898,60,184841,184901,176943,177003,176943
SRTF,3084,7901,48,118661,118709,110760,110808,110760
SRTF,708,7901,12,7925,7937,24,36,24
SRTF,2338,7902,93,441400,441493,433498,433591,433498
SRTF,9623,7902,95,458945,459040,451043,451138,451043
SRTF,9593,7902,34,59481,59515,51579,51613,51579
SRTF,7780,7903,69,244228,244297,236325,236394,236325
SRTF,1690,7904,95,459040,459135,451136,451231,451136
SRTF,4788,7905,46,107767,107813,99862,99908,99862
SRTF,7419,7906,56,161600,161656,153694,153750,153694
SRTF,1392,7906,23,28475,28498,20569,20592,20569
SRTF,2353,7909,50,128764,128814,120855,120905,120855
SRTF,4878,7910,32,53604,53636,45694,45726,45694
SRTF,7396,7910,66,223751,223817,215841,215907,215841
SRTF,3125,7913,38,74194,74232,66281,66319,66281
SRTF,5502,7915,34,59515,59549,51600,51634,51600
SRTF,75,7916,89,403815,403904,395899,395988,395899
SRTF,2848,7922,73,271203,271276,263281,263354,263281
SRTF,8495,7923,63,203210,203273,195287,195350,195287
SRTF,7087,7925,60,184901,184961,176976,177036,176976
SRTF,7024,7926,6,7937,7943,11,17,11
SRTF,2465,7927,67,230027,230094,222100,222167,222100
SRTF,3176,7927,62,196804,196866,188877,188939,188877
SRTF,3448,7927,18,17673,17691,9746,9764,9746
SRTF,8859,7928,86,375680,375766,367752,367838,367752
SRTF,5235,7928,55,156578,156633,148650,148705,148650
SRTF,8840,7928,40,81888,81928,73960,74000,73960
SRTF,3029,7929,92,432494,432586,424565,424657,424565
SRTF,9917,7933,95,459135,459230,451202,451297,451202
SRTF,5233,7933,24,31114,31138,23181,23205,23181
SRTF,6226,7933,16,13882,13898,5949,5965,5949
SRTF,3235,7935,9,7954,7963,19,28,19
SRTF,7654,7937,45,103460,103505,95523,95568,95523
SRTF,3114,7938,73,271276,271349,263338,263411,263338
SRTF,6921,7938,8,7943,7951,5,13,5
SRTF,9316,7938,21,24339,24360,16401,16422,16401
SRTF,8834,7939,85,366672,366757,358733,358818,358733
SRTF,2938,7939,45,103505,103550,95566,95611,95566
SRTF,8951,7939,25,33295,33320,25356,25381,25356
SRTF,694,7939,56,161656,161712,153717,153773,153717
SRTF,5028,7940,15,12370,12385,4430,4445,4430
SRTF,746,7941,13,8318,8331,377,390,377
SRTF,9769,7942,85,366757,366842,358815,358900,358815
SRTF,5790,7942,99,495414,495513,487472,487571,487472
SRTF,838,7943,71,256890,256961,248947,249018,248947
SRTF,5690,7943,18,17691,17709,9748,9766,9748
SRTF,6000,7950,3,7951,7954,1,4,1
SRTF,2635,7950,83,351242,351325,343292,343375,343292
SRTF,3652,7951,30,47099,47129,39148,39178,39148
SRTF,5721,7951,32,53636,53668,45685,45717,45685
SRTF,8040,7951,13,8345,8358,394,407,394
SRTF,6378,7952,93,441493,441586,433541,433634,433541
SRTF,8822,7952,69,244297,244366,236345,236414,236345
SRTF,9282,7953,82,342298,342380,334345,334427,334345
SRTF,5085,7954,91,423497,423588,415543,415634,415543
SRTF,4852,7954,43,93528,93571,85574,85617,85574
SRTF,770,7956,66,223817,223883,215861,215927,215861
SRTF,7383,7956,91,423588,423679,415632,415723,415632
SRTF,7337,7957,58,173515,173573,165558,165616,165558
SRTF,4085,7957,70,249597,249667,241640,241710,241640
SRTF,6765,7959,11,7963,7974,4,15,4
SRTF,8157,7959,76,292586,292662,284627,284703,284627
SRTF,9956,7960,93,441586,441679,433626,433719,433626
SRTF,9166,7961,44,97958,98002,89997,90041,89997
SRTF,7260,7961,27,38523,38550,30562,30589,30562
SRTF,2163,7961,85,366842,366927,358881,358966,358881
SRTF,4648,7962,68,237481,237549,229519,229587,229519
SRTF,7448,7964,23,28498,28521,20534,20557,20534
SRTF,6968,7965,14,10574,10588,2609,2623,2609
SRTF,5455,7966,90,414321,414411,406355,406445,406355
SRTF,2087,7967,48,118709,118757,110742,110790,110742
SRTF,3757,7967,51,134300,134351,126333,126384,126333
SRTF,7154,7968,17,15683,15700,7715,7732,7715
SRTF,5840,7970,4,7974,7978,4,8,4
SRTF,1117,7970,78,308600,308678,300630,300708,300630
SRTF,1241,7970,95,459230,459325,451260,451355,451260
SRTF,1038,7970,80,325718,325798,317748,317828,317748
SRTF,4272,7972,15,12385,12400,4413,4428,4413
SRTF,9078,7972,38,74232,74270,66260,66298,66260
SRTF,8265,7972,73,271349,271422,263377,263450,263377
SRTF,1042,7973,61,189760,189821,181787,181848,181787
SRTF,9163,7973,96,468910,469006,460937,461033,460937
SRTF,5098,7977,67,230094,230161,222117,222184,222117
SRTF,9413,7978,83,351325,351408,343347,343430,343347
SRTF,1985,7979,23,28521,28544,20542,20565,20542
SRTF,1654,7979,91,423679,423770,415700,415791,415700
SRTF,6991,7979,52,140255,140307,132276,132328,132276
SRTF,1308,7980,20,21982,22002,14002,14022,14002
SRTF,2872,7980,91,423770,423861,415790,415881,415790
SRTF,4660,7982,63,203273,203336,195291,195354,195291
SRTF,8124,7982,10,7991,8001,9,19,9
SRTF,3271,7982,92,432586,432678,424604,424696,424604
SRTF,1258,7982,93,441679,441772,433697,433790,433697
SRTF,907,7984,46,107813,107859,99829,99875,99829
SRTF,4655,7984,96,469006,469102,461022,461118,461022
SRTF,4948,7984,51,134351,134402,126367,126418,126367
SRTF,8798,7986,87,386612,386699,378626,378713,378626
SRTF,2755,7986,56,161712,161768,153726,153782,153726
SRTF,389,7987,44,98002,98046,90015,90059,90015
SRTF,5531,7987,31,50146,50177,42159,42190,42159
SRTF,61,7989,11,8001,8012,12,23,12
SRTF,9951,7989,17,15700,15717,7711,7728,7711
SRTF,8113,7990,64,209780,209844,201790,201854,201790
SRTF,353,7992,44,98046,98090,90054,90098,90054
SRTF,1185,7992,87,386699,386786,378707,378794,378707
SRTF,2145,7993,40,81928,81968,73935,73975,73935
SRTF,167,7994,20,22002,22022,14008,14028,14008
SRTF,5815,7995,52,140307,140359,132312,132364,132312
SRTF,5898,7996,91,423861,423952,415865,415956,415865
SRTF,295,7996,12,8038,8050,42,54,42
SRTF,3520,7997,16,13898,13914,5901,5917,5901
SRTF,2416,7999,44,98090,98134,90091,90135,90091
SRTF,8575,7999,50,128814,128864,120815,120865,120815
SRTF,9927,8000,89,403904,403993,395904,395993,395904
SRTF,8384,8001,20,22022,22042,14021,14041,14021
SRTF,6848,8001,30,47129,47159,39128,39158,39128
SRTF,8056,8002,31,50177,50208,42175,42206,42175
SRTF,4529,8002,87,386786,386873,378784,378871,378784
SRTF,463,8002,8,8012,8020,10,18,10
SRTF,3846,8003,22,26511,26533,18508,18530,18508
SRTF,2599,8004,76,292662,292738,284658,284734,284658
SRTF,200,8004,85,366927,367012,358923,359008,358923
SRTF,8330,8005,42,89805,89847,81800,81842,81800
SRTF,88,8006,26,36056,36082,28050,28076,28050
SRTF,1288,8007,28,41272,41300,33265,33293,33265
SRTF,9523,8007,53,145953,146006,137946,137999,137946
SRTF,6119,8007,21,24360,24381,16353,16374,16353
SRTF,922,8007,64,209844,209908,201837,201901,201837
SRTF,9248,8007,43,93571,93614,85564,85607,85564
SRTF,9441,8009,73,271422,271495,263413,263486,263413
SRTF,548,8010,48,118757,118805,110747,110795,110747
SRTF,9558,8011,98,486324,486422,478313,478411,478313
SRTF,7092,8012,24,31138,31162,23126,23150,23126
SRTF,6940,8014,22,26533,26555,18519,18541,18519
SRTF,9680,8015,6,8020,8026,5,11,5
SRTF,9262,8015,22,26555,26577,18540,18562,18540
SRTF,3055,8016,46,107859,107905,99843,99889,99843
SRTF,3277,8016,84,358366,358450,350350,350434,350350
SRTF,722,8017,34,59549,59583,51532,51566,51532
SRTF,2457,8017,77,299887,299964,291870,291947,291870
SRTF,2998,8017,98,486422,486520,478405,478503,478405
SRTF,6645,8021,6,8026,8032,5,11,5
SRTF,9010,8021,6,8032,8038,11,17,11
SRTF,5316,8022,53,146006,146059,137984,138037,137984
SRTF,8067,8022,45,103550,103595,95528,95573,95528
SRTF,8232,8023,34,59583,59617,51560,51594,51560
SRTF,3817,8024,86,375766,375852,367742,367828,367742
SRTF,4015,8026,17,15717,15734,7691,7708,7691
SRTF,9327,8026,37,70072,70109,62046,62083,62046
SRTF,8833,8027,74,278804,278878,270777,270851,270777
SRTF,7010,8032,57,167846,167903,159814,159871,159814
SRTF,6495,8032,19,19962,19981,11930,11949,11930
SRTF,1598,8032,63,203336,203399,195304,195367,195304
SRTF,3838,8033,93,441772,441865,433739,433832,433739
SRTF,2317,8033,47,112541,112588,104508,104555,104508
SRTF,5696,8033,71,256961,257032,248928,248999,248928
SRTF,2956,8036,55,156633,156688,148597,148652,148597
SRTF,6621,8038,89,403993,404082,395955,396044,395955
SRTF,1098,8038,72,264575,264647,256537,256609,256537
SRTF,4505,8039,68,237549,237617,229510,229578,229510
SRTF,1182,8041,16,13914,13930,5873,5889,5873
SRTF,5743,8042,56,161768,161824,153726,153782,153726
SRTF,3216,8043,36,66389,66425,58346,58382,58346
SRTF,5979,8044,22,26577,26599,18533,18555,18533
SRTF,5009,8044,53,146059,146112,138015,138068,138015
SRTF,1275,8044,78,308678,308756,300634,300712,300634
SRTF,7354,8044,52,140359,140411,132315,132367,132315
SRTF,9661,8047,48,118805,118853,110758,110806,110758
SRTF,7810,8047,98,486520,486618,478473,478571,478473
SRTF,9570,8050,85,367012,367097,358962,359047,358962
SRTF,281,8050,33,56101,56134,48051,48084,48051
SRTF,9663,8051,71,257032,257103,248981,249052,248981
SRTF,5476,8052,9,8063,8072,11,20,11
SRTF,6023,8052,66,223883,223949,215831,215897,215831
SRTF,620,8053,93,441865,441958,433812,433905,433812
SRTF,5995,8055,82,342380,342462,334325,334407,334325
SRTF,9715,8055,38,74270,74308,66215,66253,66215
SRTF,9353,8055,10,8081,8091,26,36,26
SRTF,1356,8056,80,325798,325878,317742,317822,317742
SRTF,1077,8058,17,15734,15751,7676,7693,7676
SRTF,3678,8058,75,285910,285985,277852,277927,277852
SRTF,6727,8060,69,244366,244435,236306,236375,236306
SRTF,6635,8061,71,257103,257174,249042,249113,249042
SRTF,7579,8067,1,8072,8073,5,6,5
SRTF,3098,8068,82,342462,342544,334394,334476,334394
SRTF,4727,8069,53,146112,146165,138043,138096,138043
SRTF,1044,8070,88,396532,396620,388462,388550,388462
SRTF,6519,8070,71,257174,257245,249104,249175,249104
SRTF,7977,8071,61,189821,189882,181750,181811,181750
SRTF,7827,8071,13,8382,8395,311,324,311
SRTF,7728,8073,13,8403,8416,330,343,330
SRTF,1486,8073,55,156688,156743,148615,148670,148615
SRTF,7911,8073,8,8073,8081,0,8,0
SRTF,7609,8074,79,317503,317582,309429,309508,309429
SRTF,6309,8075,89,404082,404171,396007,396096,396007
SRTF,8302,8077,89,404171,404260,396094,396183,396094
SRTF,2557,8078,37,70109,70146,62031,62068,62031
SRTF,8986,8080,93,441958,442051,433878,433971,433878
SRTF,2197,8080,58,173573,173631,165493,165551,165493
SRTF,4322,8080,25,33320,33345,25240,25265,25240
SRTF,5881,8081,48,118853,118901,110772,110820,110772
SRTF,519,8082,21,24381,24402,16299,16320,16299
SRTF,5837,8082,53,146165,146218,138083,138136,138083
SRTF,6186,8084,10,8091,8101,7,17,7
SRTF,2548,8087,68,237617,237685,229530,229598,229530
SRTF,3281,8088,89,404260,404349,396172,396261,396172
SRTF,6928,8089,21,24402,24423,16313,16334,16313
SRTF,3772,8089,45,103595,103640,95506,95551,95506
SRTF,6770,8089,85,367097,367182,359008,359093,359008
SRTF,9662,8090,71,257245,257316,249155,249226,249155
SRTF,4820,8090,13,8540,8553,450,463,450
SRTF,4112,8092,64,209908,209972,201816,201880,201816
SRTF,5906,8092,64,209972,210036,201880,201944,201880
SRTF,9453,8095,44,98134,98178,90039,90083,90039
SRTF,4680,8095,73,271495,271568,263400,263473,263400
SRTF,339,8096,99,495513,495612,487417,487516,487417
SRTF,6012,8096,44,98178,98222,90082,90126,90082
SRTF,6382,8098,10,8101,8111,3,13,3
SRTF,2480,8100,41,86001,86042,77901,77942,77901
SRTF,4470,8100,65,216453,216518,208353,208418,208353
SRTF,7895,8101,91,423952,424043,415851,415942,415851
SRTF,6384,8102,47,112588,112635,104486,104533,104486
SRTF,4415,8102,93,442051,442144,433949,434042,433949
SRTF,2512,8103,27,38550,38577,30447,30474,30447
SRTF,9796,8104,98,486618,486716,478514,478612,478514
SRTF,5121,8105,64,210036,210100,201931,201995,201931
SRTF,1899,8105,71,257316,257387,249211,249282,249211
SRTF,5133,8106,6,8111,8117,5,11,5
SRTF,7422,8106,54,151702,151756,143596,143650,143596
SRTF,5838,8107,25,33345,33370,25238,25263,25238
SRTF,9677,8107,62,196866,196928,188759,188821,188759
SRTF,112,8110,71,257387,257458,249277,249348,249277
SRTF,5210,8111,34,59617,59651,51506,51540,51506
SRTF,8294,8111,36,66425,66461,58314,58350,58314
SRTF,3627,8112,49,123529,123578,115417,115466,115417
SRTF,4396,8112,6,8117,8123,5,11,5
SRTF,7150,8113,12,8129,8141,16,28,16
SRTF,9279,8118,99,495612,495711,487494,487593,487494
SRTF,7683,8118,3,8123,8126,5,8,5
SRTF,6510,8118,12,8157,8169,39,51,39
SRTF,6193,8119,3,8126,8129,7,10,7
SRTF,231,8120,87,386873,386960,378753,378840,378753
SRTF,624,8120,73,271568,271641,263448,263521,263448
SRTF,3510,8120,86,375852,375938,367732,367818,367732
SRTF,2187,8123,95,459325,459420,451202,451297,451202
SRTF,7301,8123,40,81968,82008,73845,73885,73845
SRTF,9151,8123,60,184961,185021,176838,176898,176838
SRTF,9145,8123,89,404349,404438,396226,396315,396226
SRTF,3033,8125,80,325878,325958,317753,317833,317753
SRTF,3635,8125,69,244435,244504,236310,236379,236310
SRTF,1807,8125,79,317582,317661,309457,309536,309457
SRTF,9235,8127,54,151756,151810,143629,143683,143629
SRTF,8009,8128,38,74308,74346,66180,66218,66180
SRTF,8433,8130,93,442144,442237,434014,434107,434014
SRTF,421,8130,25,33370,33395,25240,25265,25240
SRTF,1812,8133,29,44264,44293,36131,36160,36131
SRTF,5296,8134,52,140411,140463,132277,132329,132277
SRTF,6533,8134,9,8141,8150,7,16,7
SRTF,4222,8135,44,98222,98266,90087,90131,90087
SRTF,957,8135,86,375938,376024,367803,367889,367803
SRTF,3890,8143,83,351408,351491,343265,343348,343265
SRTF,9051,8146,15,12400,12415,4254,4269,4254
SRTF,7155,8146,98,486716,486814,478570,478668,478570
SRTF,8970,8148,69,244504,244573,236356,236425,236356
SRTF,3433,8148,35,63053,63088,54905,54940,54905
SRTF,797,8150,7,8150,8157,0,7,0
SRTF,4910,8151,61,189882,189943,181731,181792,181731
SRTF,817,8152,50,128864,128914,120712,120762,120712
SRTF,6453,8154,79,317661,317740,309507,309586,309507
SRTF,109,8154,79,317740,317819,309586,309665,309586
SRTF,230,8155,67,230161,230228,222006,222073,222006
SRTF,3429,8155,26,36082,36108,27927,27953,27927
SRTF,7146,8159,96,469102,469198,460943,461039,460943
SRTF,3657,8160,12,8278,8290,118,130,118
SRTF,8729,8160,18,17709,17727,9549,9567,9549
SRTF,9141,8160,22,26599,26621,18439,18461,18439
SRTF,915,8162,67,230228,230295,222066,222133,222066
SRTF,8381,8163,7,8170,8177,7,14,7
SRTF,183,8164,17,15751,15768,7587,7604,7587
SRTF,6095,8167,92,432678,432770,424511,424603,424511
SRTF,6351,8167,1,8169,8170,2,3,2
SRTF,8012,8168,99,495711,495810,487543,487642,487543
SRTF,9545,8168,94,449463,449557,441295,441389,441295
SRTF,7355,8169,10,8192,8202,23,33,23
SRTF,810,8172,77,299964,300041,291792,291869,291792
SRTF,1156,8173,30,47159,47189,38986,39016,38986
SRTF,357,8173,25,33395,33420,25222,25247,25222
SRTF,1353,8173,61,189943,190004,181770,181831,181770
SRTF,2511,8174,36,66461,66497,58287,58323,58287
SRTF,6866,8175,45,103640,103685,95465,95510,95465
SRTF,678,8175,9,8177,8186,2,11,2
SRTF,6641,8177,47,112635,112682,104458,104505,104458
SRTF,2662,8179,63,203399,203462,195220,195283,195220
SRTF,4001,8181,86,376024,376110,367843,367929,367843
SRTF,5645,8181,40,82008,82048,73827,73867,73827
SRTF,3065,8182,69,244573,244642,236391,236460,236391
SRTF,7851,8183,10,8239,8249,56,66,56
SRTF,7325,8184,15,12415,12430,4231,4246,4231
SRTF,4557,8185,31,50208,50239,42023,42054,42023
SRTF,9307,8186,63,203462,203525,195276,195339,195276
SRTF,2409,8186,6,8186,8192,0,6,0
SRTF,6851,8186,69,244642,244711,236456,236525,236456
SRTF,1835,8189,57,167903,167960,159714,159771,159714
SRTF,8435,8190,51,134402,134453,126212,126263,126212
SRTF,1339,8190,91,424043,424134,415853,415944,415853
SRTF,1391,8194,96,469198,469294,461004,461100,461004
SRTF,866,8195,44,98266,98310,90071,90115,90071
SRTF,3416,8199,92,432770,432862,424571,424663,424571
SRTF,8552,8201,7,8202,8209,1,8,1
SRTF,1365,8202,8,8209,8217,7,15,7
SRTF,8623,8205,8,8231,8239,26,34,26
SRTF,4913,8207,28,41300,41328,33093,33121,33093
SRTF,300,8208,29,44293,44322,36085,36114,36085
SRTF,9565,8209,77,300041,300118,291832,291909,291832
SRTF,5231,8210,39,78028,78067,69818,69857,69818
SRTF,4151,8210,94,449557,449651,441347,441441,441347
SRTF,8428,8210,20,22042,22062,13832,13852,13832
SRTF,6439,8210,84,358450,358534,350240,350324,350240
SRTF,2819,8210,35,63088,63123,54878,54913,54878
SRTF,1868,8212,32,53668,53700,45456,45488,45456
SRTF,7506,8212,24,31162,31186,22950,22974,22950
SRTF,1489,8213,94,449651,449745,441438,441532,441438
SRTF,9474,8215,77,300118,300195,291903,291980,291903
SRTF,8153,8215,41,86042,86083,77827,77868,77827
SRTF,9590,8216,10,8268,8278,52,62,52
SRTF,6205,8216,7,8217,8224,1,8,1
SRTF,1709,8219,83,351491,351574,343272,343355,343272
SRTF,5461,8219,93,442237,442330,434018,434111,434018
SRTF,1503,8220,81,334692,334773,326472,326553,326472
SRTF,5301,8220,30,47189,47219,38969,38999,38969
SRTF,8718,8221,17,15768,15785,7547,7564,7547
SRTF,7302,8222,88,396620,396708,388398,388486,388398
SRTF,3304,8224,7,8224,8231,0,7,0
SRTF,53,8226,80,325958,326038,317732,317812,317732
SRTF,7945,8226,38,74346,74384,66120,66158,66120
SRTF,5302,8226,90,414411,414501,406185,406275,406185
SRTF,1903,8227,87,386960,387047,378733,378820,378733
SRTF,1418,8228,86,376110,376196,367882,367968,367882
SRTF,1313,8230,33,56134,56167,47904,47937,47904
SRTF,1177,8232,89,404438,404527,396206,396295,396206
SRTF,9638,8232,37,70146,70183,61914,61951,61914
SRTF,1863,8234,83,351574,351657,343340,343423,343340
SRTF,3613,8234,54,151810,151864,143576,143630,143576
SRTF,8494,8234,84,358534,358618,350300,350384,350300
SRTF,8328,8234,89,404527,404616,396293,396382,396293
SRTF,9566,8235,24,31186,31210,22951,22975,22951
SRTF,4035,8235,76,292738,292814,284503,284579,284503
SRTF,6435,8236,47,112682,112729,104446,104493,104446
SRTF,5506,8236,14,10588,10602,2352,2366,2352
SRTF,1276,8238,51,134453,134504,126215,126266,126215
SRTF,6741,8240,53,146218,146271,137978,138031,137978
SRTF,5795,8243,17,15785,15802,7542,7559,7542
SRTF,9052,8243,67,230295,230362,222052,222119,222052
SRTF,3165,8244,85,367182,367267,358938,359023,358938
SRTF,1381,8245,8,8249,8257,4,12,4
SRTF,7094,8249,87,387047,387134,378798,378885,378798
SRTF,3791,8252,19,19981,20000,11729,11748,11729
SRTF,9835,8252,7,8257,8264,5,12,5
SRTF,8540,8252,42,89847,89889,81595,81637,81595
SRTF,6683,8257,35,63123,63158,54866,54901,54866
SRTF,1984,8258,48,118901,118949,110643,110691,110643
SRTF,832,8258,28,41328,41356,33070,33098,33070
SRTF,2718,8259,97,477915,478012,469656,469753,469656
SRTF,9547,8261,87,387134,387221,378873,378960,378873
SRTF,4455,8263,86,376196,376282,367933,368019,367933
SRTF,4377,8263,4,8264,8268,1,5,1
SRTF,2058,8264,20,22062,22082,13798,13818,13798
SRTF,3771,8264,72,264647,264719,256383,256455,256383
SRTF,5556,8264,49,123578,123627,115314,115363,115314
SRTF,9911,8265,48,118949,118997,110684,110732,110684
SRTF,7504,8266,34,59651,59685,51385,51419,51385
SRTF,2398,8266,76,292814,292890,284548,284624,284548
SRTF,6081,8269,12,8293,8305,24,36,24
SRTF,6752,8273,55,156743,156798,148470,148525,148470
SRTF,5811,8274,19,20000,20019,11726,11745,11726
SRTF,3496,8275,38,74384,74422,66109,66147,66109
SRTF,6461,8276,79,317819,317898,309543,309622,309543
SRTF,3424,8277,99,495810,495909,487533,487632,487533
SRTF,6753,8278,94,449745,449839,441467,441561,441467
SRTF,7762,8281,31,50239,50270,41958,41989,41958
SRTF,4211,8281,14,10602,10616,2321,2335,2321
SRTF,8851,8282,13,8601,8614,319,332,319
SRTF,8700,8283,89,404616,404705,396333,396422,396333
SRTF,6484,8283,47,112729,112776,104446,104493,104446
SRTF,2070,8286,40,82048,82088,73762,73802,73762
SRTF,7794,8290,3,8290,8293,0,3,0
SRTF,7645,8296,23,28544,28567,20248,20271,20248
SRTF,8469,8297,49,123627,123676,115330,115379,115330
SRTF,8746,8298,15,12430,12445,4132,4147,4132
SRTF,6202,8301,70,249667,249737,241366,241436,241366
SRTF,4278,8301,31,50270,50301,41969,42000,41969
SRTF,5601,8302,80,326038,326118,317736,317816,317736
SRTF,4138,8305,14,10616,10630,2311,2325,2311
SRTF,478,8306,55,156798,156853,148492,148547,148492
SRTF,3914,8306,91,424134,424225,415828,415919,415828
SRTF,4787,8307,62,196928,196990,188621,188683,188621
SRTF,5674,8307,38,74422,74460,66115,66153,66115
SRTF,3467,8307,23,28567,28590,20260,20283,20260
SRTF,401,8308,96,469294,469390,460986,461082,460986
SRTF,396,8311,52,140463,140515,132152,132204,132152
SRTF,3851,8312,50,128914,128964,120602,120652,120602
SRTF,5828,8313,59,179573,179632,171260,171319,171260
SRTF,7490,8314,66,223949,224015,215635,215701,215635
SRTF,2955,8315,86,376282,376368,367967,368053,367967
SRTF,5871,8316,97,478012,478109,469696,469793,469696
SRTF,3688,8319,83,351657,351740,343338,343421,343338
SRTF,322,8319,86,376368,376454,368049,368135,368049
SRTF,5876,8320,77,300195,300272,291875,291952,291875
SRTF,1787,8320,59,179632,179691,171312,171371,171312
SRTF,5069,8320,62,196990,197052,188670,188732,188670
SRTF,5942,8321,70,249737,249807,241416,241486,241416
SRTF,1706,8321,79,317898,317977,309577,309656,309577
SRTF,10,8322,19,20019,20038,11697,11716,11697
SRTF,9970,8324,65,216518,216583,208194,208259,208194
SRTF,2055,8325,16,13930,13946,5605,5621,5605
SRTF,8083,8325,8,8331,8339,6,14,6
SRTF,9633,8326,66,224015,224081,215689,215755,215689
SRTF,3843,8326,28,41356,41384,33030,33058,33030
SRTF,3925,8328,90,414501,414591,406173,406263,406173
SRTF,7459,8328,87,387221,387308,378893,378980,378893
SRTF,2403,8329,86,376454,376540,368125,368211,368125
SRTF,8868,8330,58,173631,173689,165301,165359,165301
SRTF,8482,8333,47,112776,112823,104443,104490,104443
SRTF,2782,8333,6,8339,8345,6,12,6
SRTF,5528,8334,63,203525,203588,195191,195254,195191
SRTF,527,8335,54,151864,151918,143529,143583,143529
SRTF,218,8338,62,197052,197114,188714,188776,188714
SRTF,8615,8338,16,13946,13962,5608,5624,5608
SRTF,4881,8339,16,13962,13978,5623,5639,5623
SRTF,1205,8340,79,317977,318056,309637,309716,309637
SRTF,8037,8340,44,98310,98354,89970,90014,89970
SRTF,3780,8342,43,93614,93657,85272,85315,85272
SRTF,7685,8343,65,216583,216648,208240,208305,208240
SRTF,3717,8345,63,203588,203651,195243,195306,195243
SRTF,3474,8345,47,112823,112870,104478,104525,104478
SRTF,5242,8346,12,8370,8382,24,36,24
SRTF,6491,8347,1,8358,8359,11,12,11
SRTF,4417,8347,50,128964,129014,120617,120667,120617
SRTF,3361,8350,14,10630,10644,2280,2294,2280
SRTF,267,8352,4,8359,8363,7,11,7
SRTF,3252,8353,63,203651,203714,195298,195361,195298
SRTF,7882,8353,95,459420,459515,451067,451162,451067
SRTF,1124,8356,44,98354,98398,89998,90042,89998
SRTF,1578,8357,13,8774,8787,417,430,417
SRTF,5089,8362,39,78067,78106,69705,69744,69705
SRTF,5776,8362,7,8363,8370,1,8,1
SRTF,1244,8363,25,33420,33445,25057,25082,25057
SRTF,7089,8363,66,224081,224147,215718,215784,215718
SRTF,2829,8365,29,44322,44351,35957,35986,35957
SRTF,3758,8367,35,63158,63193,54791,54826,54791
SRTF,6233,8368,56,161824,161880,153456,153512,153456
SRTF,9476,8370,17,15802,15819,7432,7449,7432
SRTF,6210,8371,79,318056,318135,309685,309764,309685
SRTF,4965,8376,47,112870,112917,104494,104541,104494
SRTF,4807,8378,55,156853,156908,148475,148530,148475
SRTF,1211,8378,87,387308,387395,378930,379017,378930
SRTF,4694,8378,48,118997,119045,110619,110667,110619
SRTF,8861,8378,77,300272,300349,291894,291971,291894
SRTF,2621,8381,33,56167,56200,47786,47819,47786
SRTF,9749,8381,23,28590,28613,20209,20232,20209
SRTF,4577,8383,13,8788,8801,405,418,405
SRTF,8002,8384,41,86083,86124,77699,77740,77699
SRTF,3988,8385,91,424225,424316,415840,415931,415840
SRTF,3323,8386,82,342544,342626,334158,334240,334158
SRTF,5006,8386,31,50301,50332,41915,41946,41915
SRTF,6320,8388,81,334773,334854,326385,326466,326385
SRTF,954,8389,95,459515,459610,451126,451221,451126
SRTF,3205,8389,44,98398,98442,90009,90053,90009
SRTF,6858,8391,8,8395,8403,4,12,4
SRTF,103,8392,25,33445,33470,25053,25078,25053
SRTF,3101,8392,48,119045,119093,110653,110701,110653
SRTF,1034,8393,87,387395,387482,379002,379089,379002
SRTF,4008,8397,17,15819,15836,7422,7439,7422
SRTF,3712,8399,86,376540,376626,368141,368227,368141
SRTF,9274,8399,80,326118,326198,317719,317799,317719
SRTF,6846,8399,14,10644,10658,2245,2259,2245
SRTF,6557,8400,34,59685,59719,51285,51319,51285
SRTF,7855,8401,24,31210,31234,22809,22833,22809
SRTF,7483,8405,87,387482,387569,379077,379164,379077
SRTF,1261,8407,86,376626,376712,368219,368305,368219
SRTF,5282,8411,46,107905,107951,99494,99540,99494
SRTF,4042,8411,61,190004,190065,181593,181654,181593
SRTF,4365,8411,58,173689,173747,165278,165336,165278
SRTF,6343,8412,16,13978,13994,5566,5582,5566
SRTF,8431,8414,99,495909,496008,487495,487594,487495
SRTF,7775,8414,5,8419,8424,5,10,5
SRTF,5281,8415,85,367267,367352,358852,358937,358852
SRTF,665,8415,3,8416,8419,1,4,1
SRTF,4316,8417,75,285985,286060,277568,277643,277568
SRTF,6364,8417,22,26621,26643,18204,18226,18204
SRTF,7214,8417,29,44351,44380,35934,35963,35934
SRTF,3237,8418,56,161880,161936,153462,153518,153462
SRTF,6689,8418,7,8424,8431,6,13,6
SRTF,8036,8419,8,8431,8439,12,20,12
SRTF,9939,8419,96,469390,469486,460971,461067,460971
SRTF,7549,8420,44,98442,98486,90022,90066,90022
SRTF,7724,8424,70,249807,249877,241383,241453,241383
SRTF,7848,8427,85,367352,367437,358925,359010,358925
SRTF,706,8427,78,308756,308834,300329,300407,300329
SRTF,1164,8428,55,156908,156963,148480,148535,148480
SRTF,7438,8428,77,300349,300426,291921,291998,291921
SRTF,6085,8429,77,300426,300503,291997,292074,291997
SRTF,2074,8429,81,334854,334935,326425,326506,326425
SRTF,4812,8430,44,98486,98530,90056,90100,90056
SRTF,8865,8431,52,140515,140567,132084,132136,132084
SRTF,4803,8432,30,47219,47249,38787,38817,38787
SRTF,2185,8433,2,8439,8441,6,8,6
SRTF,2150,8433,91,424316,424407,415883,415974,415883
SRTF,43,8433,10,8453,8463,20,30,20
SRTF,6183,8433,67,230362,230429,221929,221996,221929
SRTF,857,8434,40,82088,82128,73654,73694,73654
SRTF,7524,8434,8,8441,8449,7,15,7
SRTF,5171,8435,43,93657,93700,85222,85265,85222
SRTF,2048,8435,77,300503,300580,292068,292145,292068
SRTF,1331,8436,19,20038,20057,11602,11621,11602
SRTF,3408,8436,38,74460,74498,66024,66062,66024
SRTF,2597,8438,52,140567,140619,132129,132181,132129
SRTF,3958,8442,20,22082,22102,13640,13660,13640
SRTF,1630,8442,51,134504,134555,126062,126113,126062
SRTF,8427,8444,41,86124,86165,77680,77721,77680
SRTF,8092,8444,37,70183,70220,61739,61776,61739
SRTF,6269,8445,4,8449,8453,4,8,4
SRTF,3518,8445,39,78106,78145,69661,69700,69661
SRTF,7820,8445,71,257458,257529,249013,249084,249013
SRTF,257,8445,24,31234,31258,22789,22813,22789
SRTF,6284,8446,87,387569,387656,379123,379210,379123
SRTF,6305,8446,57,167960,168017,159514,159571,159514
SRTF,6311,8447,82,342626,342708,334179,334261,334179
SRTF,5222,8448,10,8463,8473,15,25,15
SRTF,3102,8448,22,26643,26665,18195,18217,18195
SRTF,6526,8449,10,8504,8514,55,65,55
SRTF,6841,8450,53,146271,146324,137821,137874,137821
SRTF,2043,8453,67,230429,230496,221976,222043,221976
SRTF,5742,8456,32,53700,53732,45244,45276,45244
SRTF,5284,8456,95,459610,459705,451154,451249,451154
SRTF,9374,8457,33,56200,56233,47743,47776,47743
SRTF,9979,8457,73,271641,271714,263184,263257,263184
SRTF,3012,8458,33,56233,56266,47775,47808,47775
SRTF,7912,8458,19,20057,20076,11599,11618,11599
SRTF,8602,8459,11,8514,8525,55,66,55
SRTF,7023,8461,15,12445,12460,3984,3999,3984
SRTF,2444,8461,72,264719,264791,256258,256330,256258
SRTF,5253,8462,39,78145,78184,69683,69722,69683
SRTF,8799,8462,60,185021,185081,176559,176619,176559
SRTF,3555,8463,14,10658,10672,2195,2209,2195
SRTF,4486,8464,40,82128,82168,73664,73704,73664
SRTF,9807,8464,40,82168,82208,73704,73744,73704
SRTF,5258,8465,9,8486,8495,21,30,21
SRTF,1576,8465,48,119093,119141,110628,110676,110628
SRTF,5518,8465,76,292890,292966,284425,284501,284425
SRTF,1764,8467,62,197114,197176,188647,188709,188647
SRTF,4397,8467,83,351740,351823,343273,343356,343273
SRTF,3869,8468,2,8473,8475,5,7,5
SRTF,8710,8469,4,8475,8479,6,10,6
SRTF,4620,8469,23,28613,28636,20144,20167,20144
SRTF,762,8472,98,486814,486912,478342,478440,478342
SRTF,2688,8472,51,134555,134606,126083,126134,126083
SRTF,2287,8474,83,351823,351906,343349,343432,343349
SRTF,3746,8475,52,140619,140671,132144,132196,132144
SRTF,7636,8475,78,308834,308912,300359,300437,300359
SRTF,4858,8476,7,8479,8486,3,10,3
SRTF,1496,8476,77,300580,300657,292104,292181,292104
SRTF,1084,8477,37,70220,70257,61743,61780,61743
SRTF,4734,8479,23,28636,28659,20157,20180,20157
SRTF,9170,8480,21,24423,24444,15943,15964,15943
SRTF,8621,8480,59,179691,179750,171211,171270,171211
SRTF,6950,8488,43,93700,93743,85212,85255,85212
SRTF,5465,8488,9,8495,8504,7,16,7
SRTF,4121,8490,80,326198,326278,317708,317788,317708
SRTF,8348,8490,37,70257,70294,61767,61804,61767
SRTF,7251,8490,83,351906,351989,343416,343499,343416
SRTF,2983,8491,39,78184,78223,69693,69732,69693
SRTF,9533,8493,72,264791,264863,256298,256370,256298
SRTF,8097,8493,64,210100,210164,201607,201671,201607
SRTF,9683,8494,82,342708,342790,334214,334296,334214
SRTF,9506,8494,99,496008,496107,487514,487613,487514
SRTF,4923,8497,16,13994,14010,5497,5513,5497
SRTF,3541,8497,39,78223,78262,69726,69765,69726
SRTF,9672,8498,68,237685,237753,229187,229255,229187
SRTF,6546,8498,48,119141,119189,110643,110691,110643
SRTF,3552,8501,63,203714,203777,195213,195276,195213
SRTF,6667,8501,61,190065,190126,181564,181625,181564
SRTF,1321,8502,27,38577,38604,30075,30102,30075
SRTF,8155,8502,47,112917,112964,104415,104462,104415
SRTF,1659,8503,84,358618,358702,350115,350199,350115
SRTF,5154,8504,95,459705,459800,451201,451296,451201
SRTF,6906,8505,42,89889,89931,81384,81426,81384
SRTF,2329,8505,86,376712,376798,368207,368293,368207
SRTF,1615,8508,36,66497,66533,57989,58025,57989
SRTF,7050,8511,74,278878,278952,270367,270441,270367
SRTF,900,8512,43,93743,93786,85231,85274,85231
SRTF,5364,8514,63,203777,203840,195263,195326,195263
SRTF,8643,8515,78,308912,308990,300397,300475,300397
SRTF,5580,8516,80,326278,326358,317762,317842,317762
SRTF,5866,8518,26,36108,36134,27590,27616,27590
SRTF,1108,8519,5,8528,8533,9,14,9
SRTF,4410,8519,3,8525,8528,6,9,6
SRTF,6271,8520,64,210164,210228,201644,201708,201644
SRTF,6148,8521,72,264863,264935,256342,256414,256342
SRTF,9676,8524,65,216648,216713,208124,208189,208124
SRTF,7239,8524,15,12460,12475,3936,3951,3936
SRTF,7630,8526,7,8533,8540,7,14,7
SRTF,449,8527,88,396708,396796,388181,388269,388181
SRTF,8550,8529,14,10672,10686,2143,2157,2143
SRTF,76,8529,34,59719,59753,51190,51224,51190
SRTF,7456,8529,20,22102,22122,13573,13593,13573
SRTF,5311,8531,36,66533,66569,58002,58038,58002
SRTF,4921,8532,59,179750,179809,171218,171277,171218
SRTF,1988,8533,47,112964,113011,104431,104478,104431
SRTF,1068,8533,18,17727,17745,9194,9212,9194
SRTF,9969,8533,21,24444,24465,15911,15932,15911
SRTF,3534,8533,79,318135,318214,309602,309681,309602
SRTF,6213,8534,47,113011,113058,104477,104524,104477
SRTF,6231,8534,50,129014,129064,120480,120530,120480
SRTF,2510,8535,20,22122,22142,13587,13607,13587
SRTF,7766,8536,18,17745,17763,9209,9227,9209
SRTF,5505,8536,28,41384,41412,32848,32876,32848
SRTF,7698,8539,42,89931,89973,81392,81434,81392
SRTF,6786,8540,47,113058,113105,104518,104565,104518
SRTF,5699,8543,65,216713,216778,208170,208235,208170
SRTF,7275,8547,53,146324,146377,137777,137830,137777
SRTF,3264,8547,27,38604,38631,30057,30084,30057
SRTF,3397,8548,38,74498,74536,65950,65988,65950
SRTF,628,8549,43,93786,93829,85237,85280,85237
SRTF,3121,8549,15,12475,12490,3926,3941,3926
SRTF,4596,8551,78,308990,309068,300439,300517,300439
SRTF,2229,8551,9,8553,8562,2,11,2
SRTF,2307,8553,37,70294,70331,61741,61778,61741
SRTF,7029,8553,22,26665,26687,18112,18134,18112
SRTF,996,8554,58,173747,173805,165193,165251,165193
SRTF,2014,8555,36,66569,66605,58014,58050,58014
SRTF,2972,8556,54,151918,151972,143362,143416,143362
SRTF,5148,8557,15,12490,12505,3933,3948,3933
SRTF,7157,8558,71,257529,257600,248971,249042,248971
SRTF,5373,8558,10,8562,8572,4,14,4
SRTF,3611,8560,62,197176,197238,188616,188678,188616
SRTF,3779,8560,98,486912,487010,478352,478450,478352
SRTF,2240,8561,51,134606,134657,126045,126096,126045
SRTF,2482,8562,66,224147,224213,215585,215651,215585
SRTF,7512,8563,9,8579,8588,16,25,16
SRTF,6513,8564,97,478109,478206,469545,469642,469545
SRTF,1882,8564,51,134657,134708,126093,126144,126093
SRTF,4199,8566,81,334935,335016,326369,326450,326369
SRTF,2889,8566,26,36134,36160,27568,27594,27568
SRTF,3651,8566,64,210228,210292,201662,201726,201662
SRTF,1345,8567,7,8572,8579,5,12,5
SRTF,911,8567,76,292966,293042,284399,284475,284399
SRTF,6180,8569,45,103685,103730,95116,95161,95116
SRTF,2237,8569,79,318214,318293,309645,309724,309645
SRTF,82,8571,37,70331,70368,61760,61797,61760
SRTF,5142,8572,42,89973,90015,81401,81443,81401
SRTF,8221,8572,99,496107,496206,487535,487634,487535
SRTF,9246,8572,66,224213,224279,215641,215707,215641
SRTF,3532,8575,46,107951,107997,99376,99422,99376
SRTF,3986,8575,13,8876,8889,301,314,301
SRTF,1043,8577,70,249877,249947,241300,241370,241300
SRTF,3282,8578,72,264935,265007,256357,256429,256357
SRTF,9196,8578,92,432862,432954,424284,424376,424284
SRTF,4884,8579,18,17763,17781,9184,9202,9184
SRTF,707,8580,72,265007,265079,256427,256499,256427
SRTF,9963,8584,11,8588,8599,4,15,4
SRTF,3334,8584,33,56266,56299,47682,47715,47682
SRTF,1573,8586,90,414591,414681,406005,406095,406005
SRTF,7755,8587,56,161936,161992,153349,153405,153349
SRTF,3244,8588,16,14010,14026,5422,5438,5422
SRTF,2394,8590,14,10686,10700,2096,2110,2096
SRTF,2113,8591,57,168017,168074,159426,159483,159426
SRTF,7384,8592,60,185081,185141,176489,176549,176489
SRTF,1279,8592,50,129064,129114,120472,120522,120472
SRTF,8597,8593,15,12505,12520,3912,3927,3912
SRTF,7843,8593,2,8599,8601,6,8,6
SRTF,9950,8594,86,376798,376884,368204,368290,368204
SRTF,1671,8595,27,38631,38658,30036,30063,30036
SRTF,4374,8597,95,459800,459895,451203,451298,451203
SRTF,2045,8597,92,432954,433046,424357,424449,424357
SRTF,7536,8598,48,119189,119237,110591,110639,110591
SRTF,2209,8599,60,185141,185201,176542,176602,176542
SRTF,1636,8601,70,249947,250017,241346,241416,241346
SRTF,6434,8605,15,12520,12535,3915,3930,3915
SRTF,3108,8605,64,210292,210356,201687,201751,201687
SRTF,9386,8606,90,414681,414771,406075,406165,406075
SRTF,6636,8609,21,24465,24486,15856,15877,15856
SRTF,1046,8609,53,146377,146430,137768,137821,137768
SRTF,2842,8611,36,66605,66641,57994,58030,57994
SRTF,5346,8611,92,433046,433138,424435,424527,424435
SRTF,6330,8613,11,8614,8625,1,12,1
SRTF,7797,8613,14,10700,10714,2087,2101,2087
SRTF,4467,8615,39,78262,78301,69647,69686,69647
SRTF,2178,8616,40,82208,82248,73592,73632,73592
SRTF,2485,8616,8,8629,8637,13,21,13
SRTF,5779,8617,87,387656,387743,379039,379126,379039
SRTF,1612,8619,95,459895,459990,451276,451371,451276
SRTF,9959,8620,4,8625,8629,5,9,5
SRTF,4811,8622,55,156963,157018,148341,148396,148341
SRTF,1351,8623,19,20076,20095,11453,11472,11453
SRTF,2378,8623,50,129114,129164,120491,120541,120491
SRTF,6390,8624,26,36160,36186,27536,27562,27536
SRTF,7381,8624,90,414771,414861,406147,406237,406147
SRTF,9502,8625,13,8908,8921,283,296,283
SRTF,8085,8625,15,12535,12550,3910,3925,3910
SRTF,6370,8625,44,98530,98574,89905,89949,89905
SRTF,8457,8627,85,367437,367522,358810,358895,358810
SRTF,6232,8627,38,74536,74574,65909,65947,65909
SRTF,9718,8630,77,300657,300734,292027,292104,292027
SRTF,1952,8632,49,123676,123725,115044,115093,115044
SRTF,1172,8633,96,469486,469582,460853,460949,460853
SRTF,5728,8633,40,82248,82288,73615,73655,73615
SRTF,8843,8633,62,197238,197300,188605,188667,188605
SRTF,9280,8634,6,8639,8645,5,11,5
SRTF,6104,8634,6,8650,8656,16,22,16
SRTF,9539,8635,31,50332,50363,41697,41728,41697
SRTF,4953,8635,79,318293,318372,309658,309737,309658
SRTF,3827,8636,2,8637,8639,1,3,1
SRTF,1900,8636,85,367522,367607,358886,358971,358886
SRTF,7413,8636,95,459990,460085,451354,451449,451354
SRTF,6804,8638,45,103730,103775,95092,95137,95092
SRTF,3933,8640,48,119237,119285,110597,110645,110597
SRTF,8416,8641,91,424407,424498,415766,415857,415766
SRTF,3682,8643,58,173805,173863,165162,165220,165162
SRTF,9093,8643,5,8645,8650,2,7,2
SRTF,4726,8644,54,151972,152026,143328,143382,143328
SRTF,6216,8646,10,8656,8666,10,20,10
SRTF,1190,8646,60,185201,185261,176555,176615,176555
SRTF,592,8647,20,22142,22162,13495,13515,13495
SRTF,2107,8648,92,433138,433230,424490,424582,424490
SRTF,7763,8648,66,224279,224345,215631,215697,215631
SRTF,8990,8650,19,20095,20114,11445,11464,11445
SRTF,8890,8652,91,424498,424589,415846,415937,415846
SRTF,7057,8652,59,179809,179868,171157,171216,171157
SRTF,3346,8652,90,414861,414951,406209,406299,406209
SRTF,2291,8652,24,31258,31282,22606,22630,22606
SRTF,9721,8655,39,78301,78340,69646,69685,69646
SRTF,9026,8655,78,309068,309146,300413,300491,300413
SRTF,9944,8656,18,17781,17799,9125,9143,9125
SRTF,2156,8656,93,442330,442423,433674,433767,433674
SRTF,9709,8659,85,367607,367692,358948,359033,358948
SRTF,865,8659,33,56299,56332,47640,47673,47640
SRTF,9147,8661,56,161992,162048,153331,153387,153331
SRTF,623,8662,63,203840,203903,195178,195241,195178
SRTF,4570,8662,10,8666,8676,4,14,4
SRTF,3207,8662,18,17799,17817,9137,9155,9137
SRTF,9127,8663,67,230496,230563,221833,221900,221833
SRTF,9840,8664,11,8750,8761,86,97,86
SRTF,22,8666,57,168074,168131,159408,159465,159408
SRTF,1045,8666,97,478206,478303,469540,469637,469540
SRTF,2387,8667,51,134708,134759,126041,126092,126041
SRTF,963,8669,90,414951,415041,406282,406372,406282
SRTF,6172,8669,10,8676,8686,7,17,7
SRTF,5292,8671,57,168131,168188,159460,159517,159460
SRTF,5008,8671,19,20114,20133,11443,11462,11443
SRTF,8007,8672,42,90015,90057,81343,81385,81343
SRTF,3903,8676,86,376884,376970,368208,368294,368208
SRTF,2552,8676,14,10714,10728,2038,2052,2038
SRTF,6857,8677,59,179868,179927,171191,171250,171191
SRTF,1274,8680,95,460085,460180,451405,451500,451405
SRTF,3324,8680,9,8707,8716,27,36,27
SRTF,222,8680,76,293042,293118,284362,284438,284362
SRTF,4897,8681,34,59753,59787,51072,51106,51072
SRTF,3353,8682,60,185261,185321,176579,176639,176579
SRTF,5849,8683,8,8687,8695,4,12,4
SRTF,4471,8684,79,318372,318451,309688,309767,309688
SRTF,6693,8684,87,387743,387830,379059,379146,379059
SRTF,1319,8684,1,8686,8687,2,3,2
SRTF,83,8684,29,44380,44409,35696,35725,35696
SRTF,3812,8685,84,358702,358786,350017,350101,350017
SRTF,3910,8690,60,185321,185381,176631,176691,176631
SRTF,4473,8690,8,8699,8707,9,17,9
SRTF,2402,8691,18,17817,17835,9126,9144,9126
SRTF,568,8691,4,8695,8699,4,8,4
SRTF,5189,8693,58,173863,173921,165170,165228,165170
SRTF,6518,8695,98,487010,487108,478315,478413,478315
SRTF,5172,8697,10,8725,8735,28,38,28
SRTF,7026,8697,68,237753,237821,229056,229124,229056
SRTF,7349,8699,92,433230,433322,424531,424623,424531
SRTF,7669,8701,49,123725,123774,115024,115073,115024
SRTF,570,8702,31,50363,50394,41661,41692,41661
SRTF,675,8702,75,286060,286135,277358,277433,277358
SRTF,8131,8705,36,66641,66677,57936,57972,57936
SRTF,1139,8705,9,8716,8725,11,20,11
SRTF,8024,8705,56,162048,162104,153343,153399,153343
SRTF,4145,8706,52,140671,140723,131965,132017,131965
SRTF,2295,8706,74,278952,279026,270246,270320,270246
SRTF,1508,8707,23,28659,28682,19952,19975,19952
SRTF,3332,8707,98,487108,487206,478401,478499,478401
SRTF,6707,8708,54,152026,152080,143318,143372,143318
SRTF,9424,8708,66,224345,224411,215637,215703,215637
SRTF,3665,8708,15,12550,12565,3842,3857,3842
SRTF,4833,8711,46,107997,108043,99286,99332,99286
SRTF,3413,8711,38,74574,74612,65863,65901,65863
SRTF,1547,8711,34,59787,59821,51076,51110,51076
SRTF,1563,8712,53,146430,146483,137718,137771,137718
SRTF,3558,8712,39,78340,78379,69628,69667,69628
SRTF,7520,8712,67,230563,230630,221851,221918,221851
SRTF,4975,8713,38,74612,74650,65899,65937,65899
SRTF,6708,8714,64,210356,210420,201642,201706,201642
SRTF,2252,8714,62,197300,197362,188586,188648,188586
SRTF,349,8716,94,449839,449933,441123,441217,441123
SRTF,796,8717,67,230630,230697,221913,221980,221913
SRTF,4986,8718,35,63193,63228,54475,54510,54475
SRTF,7377,8719,10,8735,8745,16,26,16
SRTF,9193,8719,17,15836,15853,7117,7134,7117
SRTF,7158,8719,17,15853,15870,7134,7151,7134
SRTF,9501,8720,81,335016,335097,326296,326377,326296
SRTF,6553,8720,97,478303,478400,469583,469680,469583
SRTF,4573,8721,69,244711,244780,235990,236059,235990
SRTF,9842,8724,11,8761,8772,37,48,37
SRTF,4521,8728,91,424589,424680,415861,415952,415861
SRTF,7935,8728,63,203903,203966,195175,195238,195175
SRTF,9398,8733,46,108043,108089,99310,99356,99310
SRTF,3089,8733,85,367692,367777,358959,359044,358959
SRTF,7132,8733,53,146483,146536,137750,137803,137750
SRTF,2088,8734,82,342790,342872,334056,334138,334056
SRTF,8295,8736,19,20133,20152,11397,11416,11397
SRTF,5909,8737,44,98574,98618,89837,89881,89837
SRTF,6445,8737,53,146536,146589,137799,137852,137799
SRTF,2165,8737,79,318451,318530,309714,309793,309714
SRTF,5705,8737,74,279026,279100,270289,270363,270289
SRTF,6123,8738,1,8745,8746,7,8,7
SRTF,2414,8738,25,33470,33495,24732,24757,24732
SRTF,6872,8740,51,134759,134810,126019,126070,126019
SRTF,8801,8741,81,335097,335178,326356,326437,326356
SRTF,9740,8741,19,20152,20171,11411,11430,11411
SRTF,7356,8742,21,24486,24507,15744,15765,15744
SRTF,9791,8744,60,185381,185441,176637,176697,176637
SRTF,4960,8745,4,8746,8750,1,5,1
SRTF,6060,8747,35,63228,63263,54481,54516,54481
SRTF,8522,8749,74,279100,279174,270351,270425,270351
SRTF,5204,8750,29,44409,44438,35659,35688,35659
SRTF,3739,8751,33,56332,56365,47581,47614,47581
SRTF,9512,8751,26,36186,36212,27435,27461,27435
SRTF,3597,8752,26,36212,36238,27460,27486,27460
SRTF,2220,8754,18,17835,17853,9081,9099,9081
SRTF,287,8754,34,59821,59855,51067,51101,51067
SRTF,131,8755,15,12565,12580,3810,3825,3810
SRTF,3874,8758,48,119285,119333,110527,110575,110527
SRTF,5894,8758,96,469582,469678,460824,460920,460824
SRTF,8873,8759,44,98618,98662,89859,89903,89859
SRTF,6326,8761,89,404705,404794,395944,396033,395944
SRTF,2586,8766,13,8921,8934,155,168,155
SRTF,1039,8766,75,286135,286210,277369,277444,277369
SRTF,2922,8767,24,31282,31306,22515,22539,22515
SRTF,8888,8768,93,442423,442516,433655,433748,433655
SRTF,2762,8770,2,8772,8774,2,4,2
SRTF,6816,8772,25,33495,33520,24723,24748,24723
SRTF,4273,8775,16,14026,14042,5251,5267,5251
SRTF,5978,8777,1,8787,8788,10,11,10
SRTF,6420,8779,67,230697,230764,221918,221985,221918
SRTF,1461,8780,42,90057,90099,81277,81319,81277
SRTF,8053,8780,53,146589,146642,137809,137862,137809
SRTF,1548,8782,73,271714,271787,262932,263005,262932
SRTF,1593,8783,77,300734,300811,291951,292028,291951
SRTF,2051,8785,54,152080,152134,143295,143349,143295
SRTF,6810,8787,94,449933,450027,441146,441240,441146
SRTF,511,8787,81,335178,335259,326391,326472,326391
SRTF,6221,8787,44,98662,98706,89875,89919,89875
SRTF,2687,8787,78,309146,309224,300359,300437,300359
SRTF,7119,8788,71,257600,257671,248812,248883,248812
SRTF,2279,8789,87,387830,387917,379041,379128,379041
SRTF,7804,8789,44,98706,98750,89917,89961,89917
SRTF,4767,8790,51,134810,134861,126020,126071,126020
SRTF,8130,8791,4,8801,8805,10,14,10
SRTF,3454,8792,41,86165,86206,77373,77414,77373
SRTF,5141,8792,77,300811,300888,292019,292096,292019
SRTF,42,8792,61,190126,190187,181334,181395,181334
SRTF,6995,8793,8,8805,8813,12,20,12
SRTF,7865,8795,84,358786,358870,349991,350075,349991
SRTF,1010,8795,34,59855,59889,51060,51094,51060
SRTF,8122,8795,39,78379,78418,69584,69623,69584
SRTF,4102,8799,35,63263,63298,54464,54499,54464
SRTF,207,8800,69,244780,244849,235980,236049,235980
SRTF,2115,8800,34,59889,59923,51089,51123,51089
SRTF,1188,8801,89,404794,404883,395993,396082,395993
SRTF,3742,8801,8,8813,8821,12,20,12
SRTF,5673,8802,52,140723,140775,131921,131973,131921
SRTF,7293,8802,81,335259,335340,326457,326538,326457
SRTF,5816,8802,86,376970,377056,368168,368254,368168
SRTF,7404,8804,84,358870,358954,350066,350150,350066
SRTF,2577,8804,16,14042,14058,5238,5254,5238
SRTF,4610,8806,21,24507,24528,15701,15722,15701
SRTF,7306,8808,43,93829,93872,85021,85064,85021
SRTF,8614,8808,30,47249,47279,38441,38471,38441
SRTF,479,8808,97,478400,478497,469592,469689,469592
SRTF,7575,8809,8,8821,8829,12,20,12
SRTF,3385,8811,68,237821,237889,229010,229078,229010
SRTF,8584,8812,28,41412,41440,32600,32628,32600
SRTF,237,8815,18,17853,17871,9038,9056,9038
SRTF,7772,8817,29,44438,44467,35621,35650,35621
SRTF,1285,8820,64,210420,210484,201600,201664,201600
SRTF,4287,8828,84,358954,359038,350126,350210,350126
SRTF,6905,8828,4,8829,8833,1,5,1
SRTF,8877,8831,8,8833,8841,2,10,2
SRTF,2651,8831,34,59923,59957,51092,51126,51092
SRTF,5057,8832,46,108089,108135,99257,99303,99257
SRTF,9741,8834,46,108135,108181,99301,99347,99301
SRTF,6015,8834,27,38658,38685,29824,29851,29824
SRTF,3322,8835,12,8841,8853,6,18,6
SRTF,8207,8837,39,78418,78457,69581,69620,69581
SRTF,3904,8837,98,487206,487304,478369,478467,478369
SRTF,868,8837,37,70368,70405,61531,61568,61531
SRTF,40,8838,71,257671,257742,248833,248904,248833
SRTF,4066,8841,22,26687,26709,17846,17868,17846
SRTF,1948,8841,56,162104,162160,153263,153319,153263
SRTF,2243,8843,8,8854,8862,11,19,11
SRTF,5090,8844,67,230764,230831,221920,221987,221920
SRTF,8493,8847,68,237889,237957,229042,229110,229042
SRTF,3006,8848,86,377056,377142,368208,368294,368208
SRTF,4637,8848,44,98750,98794,89902,89946,89902
SRTF,9044,8848,1,8853,8854,5,6,5
SRTF,4718,8849,31,50394,50425,41545,41576,41545
SRTF,3636,8850,56,162160,162216,153310,153366,153310
SRTF,3161,8851,72,265079,265151,256228,256300,256228
SRTF,8533,8853,27,38685,38712,29832,29859,29832
SRTF,1942,8853,16,14058,14074,5205,5221,5205
SRTF,2280,8853,74,279174,279248,270321,270395,270321
SRTF,8655,8855,75,286210,286285,277355,277430,277355
SRTF,7782,8856,78,309224,309302,300368,300446,300368
SRTF,6018,8857,12,8862,8874,5,17,5
SRTF,3450,8858,72,265151,265223,256293,256365,256293
SRTF,3193,8859,65,216778,216843,207919,207984,207919
SRTF,8387,8859,58,173921,173979,165062,165120,165062
SRTF,5926,8861,73,271787,271860,262926,262999,262926
SRTF,9423,8864,37,70405,70442,61541,61578,61541
SRTF,5181,8864,21,24528,24549,15664,15685,15664
SRTF,7296,8864,61,190187,190248,181323,181384,181323
SRTF,702,8865,2,8874,8876,9,11,9
SRTF,491,8867,22,26709,26731,17842,17864,17842
SRTF,6959,8867,41,86206,86247,77339,77380,77339
SRTF,4631,8869,31,50425,50456,41556,41587,41556
SRTF,5024,8872,18,17871,17889,8999,9017,8999
SRTF,8390,8872,27,38712,38739,29840,29867,29840
SRTF,7099,8874,66,224411,224477,215537,215603,215537
SRTF,5418,8876,81,335340,335421,326464,326545,326464
SRTF,6648,8879,4,8889,8893,10,14,10
SRTF,7730,8880,6,8893,8899,13,19,13
SRTF,6826,8880,84,359038,359122,350158,350242,350158
SRTF,5660,8881,46,108181,108227,99300,99346,99300
SRTF,1554,8884,40,82288,82328,73404,73444,73404
SRTF,5400,8890,63,203966,204029,195076,195139,195076
SRTF,3524,8891,98,487304,487402,478413,478511,478413
SRTF,7682,8893,93,442516,442609,433623,433716,433623
SRTF,6520,8894,31,50456,50487,41562,41593,41562
SRTF,2296,8894,66,224477,224543,215583,215649,215583
SRTF,5895,8895,31,50487,50518,41592,41623,41592
SRTF,7220,8895,36,66677,66713,57782,57818,57782
SRTF,2419,8895,74,279248,279322,270353,270427,270353
SRTF,1352,8896,9,8899,8908,3,12,3
SRTF,7969,8897,42,90099,90141,81202,81244,81202
SRTF,9230,8899,43,93872,93915,84973,85016,84973
SRTF,160,8901,48,119333,119381,110432,110480,110432
SRTF,4663,8901,51,134861,134912,125960,126011,125960
SRTF,1269,8901,80,326358,326438,317457,317537,317457
SRTF,8788,8903,92,433322,433414,424419,424511,424419
SRTF,9693,8904,29,44467,44496,35563,35592,35563
SRTF,1595,8905,89,404883,404972,395978,396067,395978
SRTF,819,8905,83,351989,352072,343084,343167,343084
SRTF,583,8905,61,190248,190309,181343,181404,181343
SRTF,1875,8906,77,300888,300965,291982,292059,291982
SRTF,2191,8906,18,17889,17907,8983,9001,8983
SRTF,1624,8907,54,152134,152188,143227,143281,143227
SRTF,9794,8907,64,210484,210548,201577,201641,201577
SRTF,9419,8911,21,24549,24570,15638,15659,15638
SRTF,5933,8911,72,265223,265295,256312,256384,256312
SRTF,3907,8912,45,103775,103820,94863,94908,94863
SRTF,1079,8914,88,396796,396884,387882,387970,387882
SRTF,877,8915,30,47279,47309,38364,38394,38364
SRTF,2637,8915,32,53732,53764,44817,44849,44817
SRTF,6691,8919,76,293118,293194,284199,284275,284199
SRTF,1582,8920,73,271860,271933,262940,263013,262940
SRTF,5190,8921,46,108227,108273,99306,99352,99306
SRTF,2775,8921,37,70442,70479,61521,61558,61521
SRTF,3996,8923,70,250017,250087,241094,241164,241094
SRTF,4607,8923,6,8939,8945,16,22,16
SRTF,546,8924,39,78457,78496,69533,69572,69533
SRTF,4464,8924,63,204029,204092,195105,195168,195105
SRTF,5990,8926,2,8934,8936,8,10,8
SRTF,1848,8927,60,185441,185501,176514,176574,176514
SRTF,1322,8930,70,250087,250157,241157,241227,241157
SRTF,3289,8931,87,387917,388004,378986,379073,378986
SRTF,400,8932,3,8936,8939,4,7,4
SRTF,3831,8933,31,50518,50549,41585,41616,41585
SRTF,8189,8934,35,63298,63333,54364,54399,54364
SRTF,5251,8938,26,36238,36264,27300,27326,27300
SRTF,8081,8940,18,17907,17925,8967,8985,8967
SRTF,1647,8941,54,152188,152242,143247,143301,143247
SRTF,1223,8942,80,326438,326518,317496,317576,317496
SRTF,6166,8943,56,162216,162272,153273,153329,153273
SRTF,6417,8945,99,496206,496305,487261,487360,487261
SRTF,472,8945,94,450027,450121,441082,441176,441082
SRTF,1662,8946,48,119381,119429,110435,110483,110435
SRTF,5197,8947,2,8961,8963,14,16,14
SRTF,6531,8949,20,22162,22182,13213,13233,13213
SRTF,7557,8949,1,8959,8960,10,11,10
SRTF,9748,8953,27,38739,38766,29786,29813,29786
SRTF,9513,8953,1,8960,8961,7,8,7
SRTF,4266,8954,82,342872,342954,333918,334000,333918
SRTF,1498,8954,10,8967,8977,13,23,13
SRTF,197,8958,42,90141,90183,81183,81225,81183
SRTF,6336,8959,61,190309,190370,181350,181411,181350
SRTF,8467,8959,54,152242,152296,143283,143337,143283
SRTF,4096,8960,66,224543,224609,215583,215649,215583
SRTF,7255,8961,67,230831,230898,221870,221937,221870
SRTF,6367,8963,4,8963,8967,0,4,0
SRTF,2221,8964,81,335421,335502,326457,326538,326457
SRTF,1131,8966,64,210548,210612,201582,201646,201582
SRTF,474,8967,27,38766,38793,29799,29826,29799
SRTF,9463,8967,66,224609,224675,215642,215708,215642
SRTF,3255,8967,62,197362,197424,188395,188457,188395
SRTF,4762,8970,65,216843,216908,207873,207938,207873
SRTF,6552,8971,70,250157,250227,241186,241256,241186
SRTF,9902,8974,1,8977,8978,3,4,3
SRTF,8298,8974,84,359122,359206,350148,350232,350148
SRTF,4802,8975,69,244849,244918,235874,235943,235874
SRTF,4865,8975,32,53764,53796,44789,44821,44789
SRTF,5040,8976,24,31306,31330,22330,22354,22330
SRTF,8769,8978,16,14074,14090,5096,5112,5096
SRTF,5570,8979,49,123774,123823,114795,114844,114795
SRTF,2189,8980,16,14090,14106,5110,5126,5110
SRTF,5150,8982,92,433414,433506,424432,424524,424432
SRTF,8932,8983,85,367777,367862,358794,358879,358794
SRTF,8323,8984,19,20171,20190,11187,11206,11187
SRTF,1534,8984,34,59957,59991,50973,51007,50973
SRTF,2068,8984,39,78496,78535,69512,69551,69512
SRTF,1421,8987,71,257742,257813,248755,248826,248755
SRTF,9511,8988,87,388004,388091,379016,379103,379016
SRTF,3405,8988,33,56365,56398,47377,47410,47377
SRTF,2962,8988,97,478497,478594,469509,469606,469509
SRTF,7741,8989,68,237957,238025,228968,229036,228968
SRTF,7171,8989,90,415041,415131,406052,406142,406052
SRTF,659,8989,55,157018,157073,148029,148084,148029
SRTF,5161,8989,94,450121,450215,441132,441226,441132
SRTF,8014,8990,86,377142,377228,368152,368238,368152
SRTF,6192,8992,65,216908,216973,207916,207981,207916
SRTF,4047,8995,42,90183,90225,81188,81230,81188
SRTF,7368,8995,56,162272,162328,153277,153333,153277
SRTF,4216,8996,52,140775,140827,131779,131831,131779
SRTF,107,8996,6,9006,9012,10,16,10
SRTF,1173,8996,12,9089,9101,93,105,93
SRTF,5902,8997,87,388091,388178,379094,379181,379094
SRTF,7690,8998,14,10728,10742,1730,1744,1730
SRTF,9215,9001,68,238025,238093,229024,229092,229024
SRTF,9484,9001,33,56398,56431,47397,47430,47397
SRTF,1329,9005,10,9045,9055,40,50,40
SRTF,6672,9005,36,66713,66749,57708,57744,57708
SRTF,8466,9007,52,140827,140879,131820,131872,131820
SRTF,296,9007,70,250227,250297,241220,241290,241220
SRTF,4479,9008,33,56431,56464,47423,47456,47423
SRTF,4938,9009,53,146642,146695,137633,137686,137633
SRTF,3186,9009,93,442609,442702,433600,433693,433600
SRTF,3202,9010,6,9012,9018,2,8,2
SRTF,2121,9011,75,286285,286360,277274,277349,277274
SRTF,2123,9011,33,56464,56497,47453,47486,47453
SRTF,9928,9011,6,9018,9024,7,13,7
SRTF,3953,9012,32,53796,53828,44784,44816,44784
SRTF,1836,9013,53,146695,146748,137682,137735,137682
SRTF,3849,9014,19,20190,20209,11176,11195,11176
SRTF,1451,9017,57,168188,168245,159171,159228,159171
SRTF,5785,9017,34,59991,60025,50974,51008,50974
SRTF,6909,9017,17,15870,15887,6853,6870,6853
SRTF,4383,9018,70,250297,250367,241279,241349,241279
SRTF,7901,9018,82,342954,343036,333936,334018,333936
SRTF,1290,9018,63,204092,204155,195074,195137,195074
SRTF,7249,9019,23,28682,28705,19663,19686,19663
SRTF,9527,9019,18,17925,17943,8906,8924,8906
SRTF,4872,9021,8,9026,9034,5,13,5
SRTF,6749,9023,2,9024,9026,1,3,1
SRTF,9284,9024,26,36264,36290,27240,27266,27240
SRTF,6688,9026,83,352072,352155,343046,343129,343046
SRTF,9631,9027,58,173979,174037,164952,165010,164952
SRTF,2400,9028,24,31330,31354,22302,22326,22302
SRTF,5325,9030,42,90225,90267,81195,81237,81195
SRTF,8715,9030,27,38793,38820,29763,29790,29763
SRTF,2683,9031,77,300965,301042,291934,292011,291934
SRTF,2453,9032,42,90267,90309,81235,81277,81235
SRTF,4769,9032,11,9055,9066,23,34,23
SRTF,7407,9033,52,140879,140931,131846,131898,131846
SRTF,7750,9034,6,9034,9040,0,6,0
SRTF,5247,9035,5,9040,9045,5,10,5
SRTF,7863,9035,18,17943,17961,8908,8926,8908
SRTF,4956,9036,72,265295,265367,256259,256331,256259
SRTF,7519,9037,22,26731,26753,17694,17716,17694
SRTF,4349,9040,55,157073,157128,148033,148088,148033
SRTF,5372,9041,77,301042,301119,292001,292078,292001
SRTF,1389,9041,81,335502,335583,326461,326542,326461
SRTF,1830,9042,48,119429,119477,110387,110435,110387
SRTF,5071,9043,84,359206,359290,350163,350247,350163
SRTF,9090,9044,34,60025,60059,50981,51015,50981
SRTF,6168,9045,34,60059,60093,51014,51048,51014
SRTF,9802,9046,41,86247,86288,77201,77242,77201
SRTF,2650,9046,81,335583,335664,326537,326618,326537
SRTF,2200,9047,80,326518,326598,317471,317551,317471
SRTF,5734,9053,89,404972,405061,395919,396008,395919
SRTF,6374,9057,79,318530,318609,309473,309552,309473
SRTF,6139,9057,54,152296,152350,143239,143293,143239
SRTF,3400,9061,7,9082,9089,21,28,21
SRTF,118,9062,69,244918,244987,235856,235925,235856
SRTF,4484,9062,97,478594,478691,469532,469629,469532
SRTF,6137,9062,96,469678,469774,460616,460712,460616
SRTF,7610,9063,6,9066,9072,3,9,3
SRTF,7918,9063,31,50549,50580,41486,41517,41486
SRTF,923,9064,81,335664,335745,326600,326681,326600
SRTF,9583,9065,20,22182,22202,13117,13137,13117
SRTF,7760,9065,26,36290,36316,27225,27251,27225
SRTF,6163,9065,83,352155,352238,343090,343173,343090
SRTF,3495,9065,53,146748,146801,137683,137736,137683
SRTF,4709,9067,28,41440,41468,32373,32401,32373
SRTF,2436,9067,6,9072,9078,5,11,5
SRTF,8356,9069,56,162328,162384,153259,153315,153259
SRTF,8875,9073,28,41468,41496,32395,32423,32395
SRTF,4460,9074,38,74650,74688,65576,65614,65576
SRTF,2111,9074,28,41496,41524,32422,32450,32422
SRTF,4251,9076,4,9078,9082,2,6,2
SRTF,1371,9076,44,98794,98838,89718,89762,89718
SRTF,3401,9077,94,450215,450309,441138,441232,441138
SRTF,1487,9077,47,113105,113152,104028,104075,104028
SRTF,1611,9078,74,279322,279396,270244,270318,270244
SRTF,1513,9078,28,41524,41552,32446,32474,32446
SRTF,7058,9078,28,41552,41580,32474,32502,32474
SRTF,9382,9079,17,15887,15904,6808,6825,6808
SRTF,6845,9079,28,41580,41608,32501,32529,32501
SRTF,6117,9080,95,460180,460275,451100,451195,451100
SRTF,4565,9080,28,41608,41636,32528,32556,32528
SRTF,3190,9080,29,44496,44525,35416,35445,35416
SRTF,5707,9080,17,15904,15921,6824,6841,6824
SRTF,5294,9081,50,129164,129214,120083,120133,120083
SRTF,5267,9082,19,20209,20228,11127,11146,11127
SRTF,9228,9083,14,10742,10756,1659,1673,1659
SRTF,3240,9083,75,286360,286435,277277,277352,277277
SRTF,593,9086,69,244987,245056,235901,235970,235901
SRTF,2489,9086,53,146801,146854,137715,137768,137715
SRTF,451,9087,55,157128,157183,148041,148096,148041
SRTF,2630,9087,40,82328,82368,73241,73281,73241
SRTF,5846,9088,78,309302,309380,300214,300292,300214
SRTF,9575,9089,78,309380,309458,300291,300369,300291
SRTF,7212,9089,87,388178,388265,379089,379176,379089
SRTF,6393,9089,21,24570,24591,15481,15502,15481
SRTF,9605,9089,40,82368,82408,73279,73319,73279
SRTF,760,9091,44,98838,98882,89747,89791,89747
SRTF,2148,9092,65,216973,217038,207881,207946,207881
SRTF,890,9093,74,279396,279470,270303,270377,270303
SRTF,1666,9094,40,82408,82448,73314,73354,73314
SRTF,3048,9094,41,86288,86329,77194,77235,77194
SRTF,4280,9095,20,22202,22222,13107,13127,13107
SRTF,5365,9095,25,33520,33545,24425,24450,24425
SRTF,5308,9095,52,140931,140983,131836,131888,131836
SRTF,8726,9096,99,496305,496404,487209,487308,487209
SRTF,7499,9096,14,10756,10770,1660,1674,1660
SRTF,1504,9098,17,15921,15938,6823,6840,6823
SRTF,4924,9099,10,9105,9115,6,16,6
SRTF,3115,9101,77,301119,301196,292018,292095,292018
SRTF,2857,9101,4,9101,9105,0,4,0
SRTF,5017,9103,26,36316,36342,27213,27239,27213
SRTF,8992,9103,41,86329,86370,77226,77267,77226
SRTF,9725,9104,30,47309,47339,38205,38235,38205
SRTF,4424,9104,13,9338,9351,234,247,234
SRTF,5187,9104,86,377228,377314,368124,368210,368124
SRTF,1417,9105,43,93915,93958,84810,84853,84810
SRTF,1136,9106,95,460275,460370,451169,451264,451169
SRTF,7464,9107,49,123823,123872,114716,114765,114716
SRTF,4528,9107,9,9128,9137,21,30,21
SRTF,9701,9107,10,9150,9160,43,53,43
SRTF,4887,9107,15,12580,12595,3473,3488,3473
SRTF,1844,9108,28,41636,41664,32528,32556,32528
SRTF,8310,9108,28,41664,41692,32556,32584,32556
SRTF,1485,9109,8,9120,9128,11,19,11
SRTF,7612,9110,31,50580,50611,41470,41501,41470
SRTF,6388,9110,22,26753,26775,17643,17665,17643
SRTF,1777,9110,1,9115,9116,5,6,5
SRTF,861,9111,48,119477,119525,110366,110414,110366
SRTF,6184,9111,9,9140,9149,29,38,29
SRTF,7729,9112,65,217038,217103,207926,207991,207926
SRTF,5714,9112,15,12595,12610,3483,3498,3483
SRTF,2323,9114,21,24591,24612,15477,15498,15477
SRTF,4514,9114,34,60093,60127,50979,51013,50979
SRTF,3855,9116,39,78535,78574,69419,69458,69419
SRTF,8776,9116,4,9116,9120,0,4,0
SRTF,4258,9116,75,286435,286510,277319,277394,277319
SRTF,4839,9117,26,36342,36368,27225,27251,27225
SRTF,6399,9118,71,257813,257884,248695,248766,248695
SRTF,7066,9118,79,318609,318688,309491,309570,309491
SRTF,3214,9120,95,460370,460465,451250,451345,451250
SRTF,7399,9120,44,98882,98926,89762,89806,89762
SRTF,5185,9121,47,113152,113199,104031,104078,104031
SRTF,2636,9122,38,74688,74726,65566,65604,65566
SRTF,1296,9126,13,9351,9364,225,238,225
SRTF,7502,9126,52,140983,141035,131857,131909,131857
SRTF,2641,9127,87,388265,388352,379138,379225,379138
SRTF,1596,9127,47,113199,113246,104072,104119,104072
SRTF,2254,9127,26,36368,36394,27241,27267,27241
SRTF,1360,9130,12,9161,9173,31,43,31
SRTF,1238,9130,50,129214,129264,120084,120134,120084
SRTF,5726,9130,13,9364,9377,234,247,234
SRTF,4180,9131,56,162384,162440,153253,153309,153253
SRTF,3259,9131,42,90309,90351,81178,81220,81178
SRTF,1693,9131,30,47339,47369,38208,38238,38208
SRTF,7358,9133,15,12610,12625,3477,3492,3477
SRTF,4231,9133,30,47369,47399,38236,38266,38236
SRTF,3062,9134,54,152350,152404,143216,143270,143216
SRTF,3438,9135,15,12625,12640,3490,3505,3490
SRTF,4239,9135,82,343036,343118,333901,333983,333901
SRTF,1864,9135,50,129264,129314,120129,120179,120129
SRTF,2468,9135,83,352238,352321,343103,343186,343103
SRTF,4217,9136,38,74726,74764,65590,65628,65590
SRTF,7202,9137,3,9137,9140,0,3,0
SRTF,3935,9137,69,245056,245125,235919,235988,235919
SRTF,1094,9138,75,286510,286585,277372,277447,277372
SRTF,6842,9139,65,217103,217168,207964,208029,207964
SRTF,8448,9139,66,224675,224741,215536,215602,215536
SRTF,4867,9141,64,210612,210676,201471,201535,201471
SRTF,4133,9141,15,12640,12655,3499,3514,3499
SRTF,5814,9142,76,293194,293270,284052,284128,284052
SRTF,5285,9145,71,257884,257955,248739,248810,248739
SRTF,6243,9145,1,9149,9150,4,5,4
SRTF,280,9146,90,415131,415221,405985,406075,405985
SRTF,4236,9146,48,119525,119573,110379,110427,110379
SRTF,1050,9146,27,38820,38847,29674,29701,29674
SRTF,8220,9148,69,245125,245194,235977,236046,235977
SRTF,293,9151,74,279470,279544,270319,270393,270319
SRTF,1852,9153,49,123872,123921,114719,114768,114719
SRTF,6133,9154,1,9160,9161,6,7,6
SRTF,2232,9154,24,31354,31378,22200,22224,22200
SRTF,1358,9155,22,26775,26797,17620,17642,17620
SRTF,9037,9156,89,405061,405150,395905,395994,395905
SRTF,9720,9157,54,152404,152458,143247,143301,143247
SRTF,5653,9158,29,44525,44554,35367,35396,35367
SRTF,1949,9160,71,257955,258026,248795,248866,248795
SRTF,359,9163,7,9182,9189,19,26,19
SRTF,5612,9164,86,377314,377400,368150,368236,368150
SRTF,8391,9164,51,134912,134963,125748,125799,125748
SRTF,3135,9165,51,134963,135014,125798,125849,125798
SRTF,7554,9166,65,217168,217233,208002,208067,208002
SRTF,4087,9166,11,9265,9276,99,110,99
SRTF,28,9167,85,367862,367947,358695,358780,358695
SRTF,3559,9168,40,82448,82488,73280,73320,73280
SRTF,9236,9168,38,74764,74802,65596,65634,65596
SRTF,3020,9168,78,309458,309536,300290,300368,300290
SRTF,2744,9168,45,103820,103865,94652,94697,94652
SRTF,4799,9169,89,405150,405239,395981,396070,395981
SRTF,4755,9170,19,20228,20247,11058,11077,11058
SRTF,3457,9171,96,469774,469870,460603,460699,460603
SRTF,3336,9171,77,301196,301273,292025,292102,292025
SRTF,2622,9172,6,9173,9179,1,7,1
SRTF,8480,9173,40,82488,82528,73315,73355,73315
SRTF,8324,9173,76,293270,293346,284097,284173,284097
SRTF,6487,9174,44,98926,98970,89752,89796,89752
SRTF,9390,9174,51,135014,135065,125840,125891,125840
SRTF,1410,9175,9,9202,9211,27,36,27
SRTF,4564,9175,3,9179,9182,4,7,4
SRTF,8530,9176,58,174037,174095,164861,164919,164861
SRTF,2615,9177,38,74802,74840,65625,65663,65625
SRTF,6776,9179,61,190370,190431,181191,181252,181191
SRTF,1402,9179,63,204155,204218,194976,195039,194976
SRTF,9082,9180,23,28705,28728,19525,19548,19525
SRTF,1075,9181,13,9377,9390,196,209,196
SRTF,4311,9182,67,230898,230965,221716,221783,221716
SRTF,6398,9182,33,56497,56530,47315,47348,47315
SRTF,384,9183,87,388352,388439,379169,379256,379169
SRTF,9139,9183,33,56530,56563,47347,47380,47347
SRTF,945,9184,1,9189,9190,5,6,5
SRTF,7402,9186,19,20247,20266,11061,11080,11061
SRTF,8059,9186,5,9190,9195,4,9,4
SRTF,9038,9187,7,9195,9202,8,15,8
SRTF,9336,9190,73,271933,272006,262743,262816,262743
SRTF,3003,9190,62,197424,197486,188234,188296,188234
SRTF,7470,9190,85,367947,368032,358757,358842,358757
SRTF,5386,9190,70,250367,250437,241177,241247,241177
SRTF,9069,9193,78,309536,309614,300343,300421,300343
SRTF,5864,9196,31,50611,50642,41415,41446,41415
SRTF,7764,9196,92,433506,433598,424310,424402,424310
SRTF,1867,9196,53,146854,146907,137658,137711,137658
SRTF,6829,9197,54,152458,152512,143261,143315,143261
SRTF,3579,9198,28,41692,41720,32494,32522,32494
SRTF,1760,9200,21,24612,24633,15412,15433,15412
SRTF,3164,9203,88,396884,396972,387681,387769,387681
SRTF,2538,9203,24,31378,31402,22175,22199,22175
SRTF,407,9204,70,250437,250507,241233,241303,241233
SRTF,6349,9205,56,162440,162496,153235,153291,153235
SRTF,1788,9206,45,103865,103910,94659,94704,94659
SRTF,1870,9206,92,433598,433690,424392,424484,424392
SRTF,445,9207,80,326598,326678,317391,317471,317391
SRTF,4783,9208,38,74840,74878,65632,65670,65632
SRTF,1565,9208,5,9211,9216,3,8,3
SRTF,1998,9208,86,377400,377486,368192,368278,368192
SRTF,238,9208,67,230965,231032,221757,221824,221757
SRTF,9714,9211,51,135065,135116,125854,125905,125854
SRTF,5413,9211,93,442702,442795,433491,433584,433491
SRTF,7970,9212,21,24633,24654,15421,15442,15421
SRTF,3229,9215,85,368032,368117,358817,358902,358817
SRTF,7378,9215,10,9253,9263,38,48,38
SRTF,5704,9216,8,9216,9224,0,8,0
SRTF,6911,9217,97,478691,478788,469474,469571,469474
SRTF,1854,9218,27,38847,38874,29629,29656,29629
SRTF,6597,9219,42,90351,90393,81132,81174,81132
SRTF,4531,9220,3,9224,9227,4,7,4
SRTF,4487,9221,5,9227,9232,6,11,6
SRTF,4744,9221,61,190431,190492,181210,181271,181210
SRTF,8028,9221,6,9238,9244,17,23,17
SRTF,9273,9223,86,377486,377572,368263,368349,368263
SRTF,2204,9223,43,93958,94001,84735,84778,84735
SRTF,5870,9225,91,424680,424771,415455,415546,415455
SRTF,1762,9227,91,424771,424862,415544,415635,415544
SRTF,3173,9227,66,224741,224807,215514,215580,215514
SRTF,8827,9228,51,135116,135167,125888,125939,125888
SRTF,4173,9229,96,469870,469966,460641,460737,460641
SRTF,7507,9230,4,9232,9236,2,6,2
SRTF,9395,9230,28,41720,41748,32490,32518,32490
SRTF,8659,9230,24,31402,31426,22172,22196,22172
SRTF,6524,9232,38,74878,74916,65646,65684,65646
SRTF,1753,9235,67,231032,231099,221797,221864,221797
SRTF,2347,9235,2,9236,9238,1,3,1
SRTF,5102,9241,29,44554,44583,35313,35342,35313
SRTF,7322,9241,84,359290,359374,350049,350133,350049
SRTF,3139,9242,95,460465,460560,451223,451318,451223
SRTF,7035,9244,9,9244,9253,0,9,0
SRTF,7075,9244,25,33545,33570,24301,24326,24301
SRTF,7069,9247,81,335745,335826,326498,326579,326498
SRTF,2743,9250,39,78574,78613,69324,69363,69324
SRTF,9529,9255,2,9263,9265,8,10,8
SRTF,3477,9256,65,217233,217298,207977,208042,207977
SRTF,7623,9256,47,113246,113293,103990,104037,103990
SRTF,3777,9256,79,318688,318767,309432,309511,309432
SRTF,6893,9257,63,204218,204281,194961,195024,194961
SRTF,6329,9257,93,442795,442888,433538,433631,433538
SRTF,8134,9258,47,113293,113340,104035,104082,104035
SRTF,4445,9259,65,217298,217363,208039,208104,208039
SRTF,2535,9259,78,309614,309692,300355,300433,300355
SRTF,8835,9261,55,157183,157238,147922,147977,147922
SRTF,6025,9261,34,60127,60161,50866,50900,50866
SRTF,2643,9262,92,433690,433782,424428,424520,424428
SRTF,5681,9265,37,70479,70516,61214,61251,61214
SRTF,6402,9266,75,286585,286660,277319,277394,277319
SRTF,8768,9266,66,224807,224873,215541,215607,215541
SRTF,8663,9267,23,28728,28751,19461,19484,19461
SRTF,9436,9268,4,9276,9280,8,12,8
SRTF,8675,9268,44,98970,99014,89702,89746,89702
SRTF,8445,9268,31,50642,50673,41374,41405,41374
SRTF,78,9268,84,359374,359458,350106,350190,350106
SRTF,5851,9269,88,396972,397060,387703,387791,387703
SRTF,5157,9269,98,487402,487500,478133,478231,478133
SRTF,5771,9271,41,86370,86411,77099,77140,77099
SRTF,590,9273,97,478788,478885,469515,469612,469515
SRTF,9357,9274,35,63333,63368,54059,54094,54059
SRTF,23,9274,6,9280,9286,6,12,6
SRTF,1661,9274,23,28751,28774,19477,19500,19477
SRTF,4654,9275,67,231099,231166,221824,221891,221824
SRTF,4283,9275,23,28774,28797,19499,19522,19499
SRTF,4018,9277,53,146907,146960,137630,137683,137630
SRTF,2728,9277,48,119573,119621,110296,110344,110296
SRTF,4482,9278,74,279544,279618,270266,270340,270266
SRTF,3733,9280,92,433782,433874,424502,424594,424502
SRTF,8936,9280,11,9301,9312,21,32,21
SRTF,8138,9280,44,99014,99058,89734,89778,89734
SRTF,7428,9281,47,113340,113387,104059,104106,104059
SRTF,5375,9281,82,343118,343200,333837,333919,333837
SRTF,3748,9283,37,70516,70553,61233,61270,61233
SRTF,9913,9283,6,9286,9292,3,9,3
SRTF,2521,9283,66,224873,224939,215590,215656,215590
SRTF,7517,9284,62,197486,197548,188202,188264,188202
SRTF,6731,9285,62,197548,197610,188263,188325,188263
SRTF,9214,9287,2,9292,9294,5,7,5
SRTF,3965,9288,27,38874,38901,29586,29613,29586
SRTF,5145,9290,28,41748,41776,32458,32486,32458
SRTF,4179,9290,34,60161,60195,50871,50905,50871
SRTF,5472,9290,76,293346,293422,284056,284132,284056
SRTF,8767,9291,67,231166,231233,221875,221942,221875
SRTF,3598,9291,18,17961,17979,8670,8688,8670
SRTF,9437,9292,15,12655,12670,3363,3378,3363
SRTF,6070,9294,7,9294,9301,0,7,0
SRTF,6534,9296,72,265367,265439,256071,256143,256071
SRTF,5709,9297,79,318767,318846,309470,309549,309470
SRTF,3203,9298,60,185501,185561,176203,176263,176203
SRTF,1629,9299,99,496404,496503,487105,487204,487105
SRTF,7859,9301,56,162496,162552,153195,153251,153195
SRTF,2768,9302,84,359458,359542,350156,350240,350156
SRTF,8609,9304,79,318846,318925,309542,309621,309542
SRTF,9989,9304,55,157238,157293,147934,147989,147934
SRTF,9046,9305,3,9312,9315,7,10,7
SRTF,4123,9306,25,33570,33595,24264,24289,24264
SRTF,7060,9307,64,210676,210740,201369,201433,201369
SRTF,7771,9308,57,168245,168302,158937,158994,158937
SRTF,5971,9309,67,231233,231300,221924,221991,221924
SRTF,906,9310,23,28797,28820,19487,19510,19487
SRTF,5004,9311,89,405239,405328,395928,396017,395928
SRTF,2183,9312,11,9315,9326,3,14,3
SRTF,7195,9314,77,301273,301350,291959,292036,291959
SRTF,5232,9316,84,359542,359626,350226,350310,350226
SRTF,7435,9316,34,60195,60229,50879,50913,50879
SRTF,6949,9318,84,359626,359710,350308,350392,350308
SRTF,7884,9319,73,272006,272079,262687,262760,262687
SRTF,8335,9321,18,17979,17997,8658,8676,8658
SRTF,8094,9321,64,210740,210804,201419,201483,201419
SRTF,6686,9322,26,36394,36420,27072,27098,27072
SRTF,1320,9323,13,9423,9436,100,113,100
SRTF,4935,9323,12,9326,9338,3,15,3
SRTF,7800,9324,75,286660,286735,277336,277411,277336
SRTF,2373,9324,35,63368,63403,54044,54079,54044
SRTF,2821,9324,47,113387,113434,104063,104110,104063
SRTF,2072,9325,54,152512,152566,143187,143241,143187
SRTF,2993,9326,17,15938,15955,6612,6629,6612
SRTF,3544,9327,94,450309,450403,440982,441076,440982
SRTF,6159,9327,88,397060,397148,387733,387821,387733
SRTF,9981,9328,17,15955,15972,6627,6644,6627
SRTF,1210,9328,22,26797,26819,17469,17491,17469
SRTF,9592,9329,50,129314,129364,119985,120035,119985
SRTF,7621,9330,50,129364,129414,120034,120084,120034
SRTF,314,9331,98,487500,487598,478169,478267,478169
SRTF,876,9333,97,478885,478982,469552,469649,469552
SRTF,6696,9335,59,179927,179986,170592,170651,170592
SRTF,2708,9335,98,487598,487696,478263,478361,478263
SRTF,7439,9336,70,250507,250577,241171,241241,241171
SRTF,632,9337,69,245194,245263,235857,235926,235857
SRTF,208,9339,37,70553,70590,61214,61251,61214
SRTF,9363,9340,96,469966,470062,460626,460722,460626
SRTF,9024,9341,97,478982,479079,469641,469738,469641
SRTF,2877,9342,34,60229,60263,50887,50921,50887
SRTF,4689,9343,58,174095,174153,164752,164810,164752
SRTF,6031,9344,78,309692,309770,300348,300426,300348
SRTF,6899,9344,48,119621,119669,110277,110325,110277
SRTF,2613,9346,47,113434,113481,104088,104135,104088
SRTF,8547,9346,73,272079,272152,262733,262806,262733
SRTF,574,9347,35,63403,63438,54056,54091,54056
SRTF,543,9348,56,162552,162608,153204,153260,153204
SRTF,5260,9350,37,70590,70627,61240,61277,61240
SRTF,6612,9350,43,94001,94044,84651,84694,84651
SRTF,8682,9350,98,487696,487794,478346,478444,478346
SRTF,7695,9351,55,157293,157348,147942,147997,147942
SRTF,856,9352,94,450403,450497,441051,441145,441051
SRTF,9342,9353,94,450497,450591,441144,441238,441144
SRTF,8173,9353,89,405328,405417,395975,396064,395975
SRTF,8346,9354,58,174153,174211,164799,164857,164799
SRTF,7492,9354,57,168302,168359,158948,159005,158948
SRTF,6058,9355,86,377572,377658,368217,368303,368217
SRTF,5352,9356,99,496503,496602,487147,487246,487147
SRTF,362,9358,19,20266,20285,10908,10927,10908
SRTF,3962,9359,34,60263,60297,50904,50938,50904
SRTF,834,9361,86,377658,377744,368297,368383,368297
SRTF,9297,9361,31,50673,50704,41312,41343,41312
SRTF,6605,9365,47,113481,113528,104116,104163,104116
SRTF,6502,9368,65,217363,217428,207995,208060,207995
SRTF,6004,9369,95,460560,460655,451191,451286,451191
SRTF,2520,9369,96,470062,470158,460693,460789,460693
SRTF,3735,9369,48,119669,119717,110300,110348,110300
SRTF,2940,9370,16,14106,14122,4736,4752,4736
SRTF,8775,9371,28,41776,41804,32405,32433,32405
SRTF,8858,9372,77,301350,301427,291978,292055,291978
SRTF,7544,9373,18,17997,18015,8624,8642,8624
SRTF,1304,9374,79,318925,319004,309551,309630,309551
SRTF,4898,9374,55,157348,157403,147974,148029,147974
SRTF,8257,9377,65,217428,217493,208051,208116,208051
SRTF,8164,9378,10,9397,9407,19,29,19
SRTF,4861,9379,65,217493,217558,208114,208179,208114
SRTF,9040,9379,7,9390,9397,11,18,11
SRTF,5551,9379,77,301427,301504,292048,292125,292048
SRTF,5625,9381,64,210804,210868,201423,201487,201423
SRTF,1965,9382,82,343200,343282,333818,333900,333818
SRTF,6665,9383,38,74916,74954,65533,65571,65533
SRTF,8998,9385,33,56563,56596,47178,47211,47178
SRTF,9054,9386,68,238093,238161,228707,228775,228707
SRTF,3250,9388,20,22222,22242,12834,12854,12834
SRTF,1022,9397,44,99058,99102,89661,89705,89661
SRTF,2381,9398,26,36420,36446,27022,27048,27022
SRTF,9254,9399,36,66749,66785,57350,57386,57350
SRTF,5632,9399,59,179986,180045,170587,170646,170587
SRTF,1771,9400,7,9407,9414,7,14,7
SRTF,5265,9401,21,24654,24675,15253,15274,15253
SRTF,8991,9404,85,368117,368202,358713,358798,358713
SRTF,2792,9405,69,245263,245332,235858,235927,235858
SRTF,5579,9407,65,217558,217623,208151,208216,208151
SRTF,8647,9407,46,108273,108319,98866,98912,98866
SRTF,6457,9408,61,190492,190553,181084,181145,181084
SRTF,6496,9408,31,50704,50735,41296,41327,41296
SRTF,3480,9408,36,66785,66821,57377,57413,57377
SRTF,562,9409,6,9414,9420,5,11,5
SRTF,7262,9410,60,185561,185621,176151,176211,176151
SRTF,9869,9411,85,368202,368287,358791,358876,358791
SRTF,5880,9413,82,343282,343364,333869,333951,333869
SRTF,4742,9417,3,9420,9423,3,6,3
SRTF,7338,9420,74,279618,279692,270198,270272,270198
SRTF,4378,9421,31,50735,50766,41314,41345,41314
SRTF,9656,9422,86,377744,377830,368322,368408,368322
SRTF,4629,9424,44,99102,99146,89678,89722,89678
SRTF,1992,9424,53,146960,147013,137536,137589,137536
SRTF,8425,9425,87,388439,388526,379014,379101,379014
SRTF,4743,9427,17,15972,15989,6545,6562,6545
SRTF,3880,9428,73,272152,272225,262724,262797,262724
SRTF,2875,9428,60,185621,185681,176193,176253,176193
SRTF,3000,9429,13,9439,9452,10,23,10
SRTF,2620,9433,70,250577,250647,241144,241214,241144
SRTF,9190,9433,29,44583,44612,35150,35179,35150
SRTF,3331,9433,24,31426,31450,21993,22017,21993
SRTF,8946,9434,31,50766,50797,41332,41363,41332
SRTF,588,9435,34,60297,60331,50862,50896,50862
SRTF,302,9435,59,180045,180104,170610,170669,170610
SRTF,428,9435,91,424862,424953,415427,415518,415427
SRTF,2439,9435,80,326678,326758,317243,317323,317243
SRTF,1915,9435,3,9436,9439,1,4,1
SRTF,6292,9436,30,47399,47429,37963,37993,37963
SRTF,6891,9436,42,90393,90435,80957,80999,80957
SRTF,9918,9436,58,174211,174269,164775,164833,164775
SRTF,1477,9437,65,217623,217688,208186,208251,208186
SRTF,1473,9439,93,442888,442981,433449,433542,433449
SRTF,9197,9441,88,397148,397236,387707,387795,387707
SRTF,1212,9442,40,82528,82568,73086,73126,73086
SRTF,612,9442,14,10770,10784,1328,1342,1328
SRTF,924,9444,78,309770,309848,300326,300404,300326
SRTF,1711,9444,48,119717,119765,110273,110321,110273
SRTF,964,9446,5,9452,9457,6,11,6
SRTF,9621,9447,32,53828,53860,44381,44413,44381
SRTF,3984,9447,17,15989,16006,6542,6559,6542
SRTF,4476,9448,45,103910,103955,94462,94507,94462
SRTF,8722,9449,51,135167,135218,125718,125769,125718
SRTF,2944,9449,20,22242,22262,12793,12813,12793
SRTF,9577,9450,38,74954,74992,65504,65542,65504
SRTF,1335,9454,68,238161,238229,228707,228775,228707
SRTF,4645,9454,79,319004,319083,309550,309629,309550
SRTF,7607,9455,18,18015,18033,8560,8578,8560
SRTF,3180,9456,84,359710,359794,350254,350338,350254
SRTF,5481,9456,20,22262,22282,12806,12826,12806
SRTF,4652,9460,15,12670,12685,3210,3225,3210
SRTF,1685,9461,14,10784,10798,1323,1337,1323
SRTF,4545,9461,8,9471,9479,10,18,10
SRTF,5056,9462,33,56596,56629,47134,47167,47134
SRTF,9809,9464,46,108319,108365,98855,98901,98855
SRTF,6258,9465,52,141035,141087,131570,131622,131570
SRTF,1680,9465,18,18033,18051,8568,8586,8568
SRTF,69,9467,74,279692,279766,270225,270299,270225
SRTF,3391,9467,25,33595,33620,24128,24153,24128
SRTF,9488,9470,58,174269,174327,164799,164857,164799
SRTF,6592,9470,65,217688,217753,208218,208283,208218
SRTF,5701,9471,18,18051,18069,8580,8598,8580
SRTF,4019,9471,64,210868,210932,201397,201461,201397
SRTF,1725,9472,4,9482,9486,10,14,10
SRTF,6839,9472,61,190553,190614,181081,181142,181081
SRTF,8612,9472,73,272225,272298,262753,262826,262753
SRTF,9219,9473,3,9479,9482,6,9,6
SRTF,158,9474,58,174327,174385,164853,164911,164853
SRTF,9066,9475,23,28820,28843,19345,19368,19345
SRTF,7518,9475,58,174385,174443,164910,164968,164910
SRTF,3402,9475,30,47429,47459,37954,37984,37954
SRTF,8808,9476,89,405417,405506,395941,396030,395941
SRTF,2312,9476,48,119765,119813,110289,110337,110289
SRTF,1434,9477,47,113528,113575,104051,104098,104051
SRTF,7133,9479,52,141087,141139,131608,131660,131608
SRTF,4448,9480,26,36446,36472,26966,26992,26966
SRTF,4040,9480,15,12685,12700,3205,3220,3205
SRTF,8297,9481,45,103955,104000,94474,94519,94474
SRTF,6650,9484,13,9532,9545,48,61,48
SRTF,5140,9484,60,185681,185741,176197,176257,176197
SRTF,7048,9485,8,9486,9494,1,9,1
SRTF,4325,9486,25,33620,33645,24134,24159,24134
SRTF,7418,9487,86,377830,377916,368343,368429,368343
SRTF,5610,9488,48,119813,119861,110325,110373,110325
SRTF,7140,9490,36,66821,66857,57331,57367,57331
SRTF,8443,9491,33,56629,56662,47138,47171,47138
SRTF,8679,9491,28,41804,41832,32313,32341,32313
SRTF,7719,9491,2,9495,9497,4,6,4
SRTF,2737,9491,79,319083,319162,309592,309671,309592
SRTF,271,9492,17,16006,16023,6514,6531,6514
SRTF,2968,9493,24,31450,31474,21957,21981,21957
SRTF,7197,9493,1,9494,9495,1,2,1
SRTF,7687,9493,10,9513,9523,20,30,20
SRTF,6244,9494,8,9497,9505,3,11,3
SRTF,2990,9495,63,204281,204344,194786,194849,194786
SRTF,7679,9496,77,301504,301581,292008,292085,292008
SRTF,3151,9496,27,38901,38928,29405,29432,29405
SRTF,8255,9496,67,231300,231367,221804,221871,221804
SRTF,2303,9496,29,44612,44641,35116,35145,35116
SRTF,4527,9497,56,162608,162664,153111,153167,153111
SRTF,7588,9497,61,190614,190675,181117,181178,181117
SRTF,1733,9499,62,197610,197672,188111,188173,188111
SRTF,5623,9499,60,185741,185801,176242,176302,176242
SRTF,4697,9499,8,9505,9513,6,14,6
SRTF,3082,9501,53,147013,147066,137512,137565,137512
SRTF,1120,9503,97,479079,479176,469576,469673,469576
SRTF,2251,9503,62,197672,197734,188169,188231,188169
SRTF,7424,9503,42,90435,90477,80932,80974,80932
SRTF,6560,9503,66,224939,225005,215436,215502,215436
SRTF,847,9504,57,168359,168416,158855,158912,158855
SRTF,7616,9505,21,24675,24696,15170,15191,15170
SRTF,927,9506,54,152566,152620,143060,143114,143060
SRTF,7334,9506,73,272298,272371,262792,262865,262792
SRTF,1752,9508,70,250647,250717,241139,241209,241139
SRTF,7880,9508,50,129414,129464,119906,119956,119906
SRTF,937,9510,94,450591,450685,441081,441175,441081
SRTF,7927,9510,30,47459,47489,37949,37979,37949
SRTF,6199,9513,17,16023,16040,6510,6527,6510
SRTF,1425,9516,23,28843,28866,19327,19350,19327
SRTF,4562,9517,67,231367,231434,221850,221917,221850
SRTF,4569,9518,80,326758,326838,317240,317320,317240
SRTF,2388,9518,1,9523,9524,5,6,5
SRTF,1806,9519,38,74992,75030,65473,65511,65473
SRTF,3799,9519,28,41832,41860,32313,32341,32313
SRTF,720,9521,52,141139,141191,131618,131670,131618
SRTF,6171,9521,57,168416,168473,158895,158952,158895
SRTF,8507,9522,84,359794,359878,350272,350356,350272
SRTF,9118,9522,46,108365,108411,98843,98889,98843
SRTF,3592,9523,8,9524,9532,1,9,1
SRTF,1033,9524,88,397236,397324,387712,387800,387712
SRTF,6359,9524,21,24696,24717,15172,15193,15172
SRTF,8532,9528,23,28866,28889,19338,19361,19338
SRTF,2660,9528,31,50797,50828,41269,41300,41269
SRTF,9439,9531,48,119861,119909,110330,110378,110330
SRTF,3706,9533,40,82568,82608,73035,73075,73035
SRTF,5964,9533,84,359878,359962,350345,350429,350345
SRTF,4457,9536,44,99146,99190,89610,89654,89610
SRTF,8985,9537,53,147066,147119,137529,137582,137529
SRTF,1822,9539,4,9545,9549,6,10,6
SRTF,3950,9540,25,33645,33670,24105,24130,24105
SRTF,446,9540,82,343364,343446,333824,333906,333824
SRTF,7137,9544,98,487794,487892,478250,478348,478250
SRTF,6924,9546,10,9549,9559,3,13,3
SRTF,8417,9546,23,28889,28912,19343,19366,19343
SRTF,1406,9547,70,250717,250787,241170,241240,241170
SRTF,4816,9548,54,152620,152674,143072,143126,143072
SRTF,7878,9549,17,16040,16057,6491,6508,6491
SRTF,6041,9549,18,18069,18087,8520,8538,8520
SRTF,4786,9549,91,424953,425044,415404,415495,415404
SRTF,6044,9549,10,9568,9578,19,29,19
SRTF,7264,9549,49,123921,123970,114372,114421,114372
SRTF,729,9550,19,20285,20304,10735,10754,10735
SRTF,724,9550,93,442981,443074,433431,433524,433431
SRTF,3836,9550,65,217753,217818,208203,208268,208203
SRTF,7631,9551,76,293422,293498,283871,283947,283871
SRTF,8217,9552,40,82608,82648,73056,73096,73056
SRTF,9053,9553,64,210932,210996,201379,201443,201379
SRTF,8806,9554,23,28912,28935,19358,19381,19358
SRTF,9673,9554,61,190675,190736,181121,181182,181121
SRTF,6254,9554,1,9559,9560,5,6,5
SRTF,47,9555,17,16057,16074,6502,6519,6502
SRTF,149,9555,40,82648,82688,73093,73133,73093
SRTF,4091,9555,31,50828,50859,41273,41304,41273
SRTF,1786,9556,8,9560,9568,4,12,4
SRTF,2438,9557,18,18087,18105,8530,8548,8530
SRTF,2282,9560,69,245332,245401,235772,235841,235772
SRTF,399,9561,41,86411,86452,76850,76891,76850
SRTF,216,9561,45,104000,104045,94439,94484,94439
SRTF,5452,9562,89,405506,405595,395944,396033,395944
SRTF,2976,9569,81,335826,335907,326257,326338,326257
SRTF,8353,9569,46,108411,108457,98842,98888,98842
SRTF,7584,9569,42,90477,90519,80908,80950,80908
SRTF,4503,9570,32,53860,53892,44290,44322,44290
SRTF,6618,9573,57,168473,168530,158900,158957,158900
SRTF,7965,9574,58,174443,174501,164869,164927,164869
SRTF,8363,9574,27,38928,38955,29354,29381,29354
SRTF,594,9576,30,47489,47519,37913,37943,37913
SRTF,3971,9579,9,9597,9606,18,27,18
SRTF,1672,9579,21,24717,24738,15138,15159,15138
SRTF,8594,9580,31,50859,50890,41279,41310,41279
SRTF,566,9580,73,272371,272444,262791,262864,262791
SRTF,8913,9581,67,231434,231501,221853,221920,221853
SRTF,3506,9582,78,309848,309926,300266,300344,300266
SRTF,6685,9582,70,250787,250857,241205,241275,241205
SRTF,9988,9582,30,47519,47549,37937,37967,37937
SRTF,6915,9583,52,141191,141243,131608,131660,131608
SRTF,3501,9583,5,9592,9597,9,14,9
SRTF,8129,9587,28,41860,41888,32273,32301,32273
SRTF,2607,9587,73,272444,272517,262857,262930,262857
SRTF,619,9588,87,388526,388613,378938,379025,378938
SRTF,4959,9589,82,343446,343528,333857,333939,333857
SRTF,6747,9589,69,245401,245470,235812,235881,235812
SRTF,7708,9589,18,18105,18123,8516,8534,8516
SRTF,4519,9590,30,47549,47579,37959,37989,37959
SRTF,9995,9591,52,141243,141295,131652,131704,131652
SRTF,2933,9591,53,147119,147172,137528,137581,137528
SRTF,9538,9596,97,479176,479273,469580,469677,469580
SRTF,2345,9596,86,377916,378002,368320,368406,368320
SRTF,8479,9597,24,31474,31498,21877,21901,21877
SRTF,8055,9599,81,335907,335988,326308,326389,326308
SRTF,5810,9599,39,78613,78652,69014,69053,69014
SRTF,1907,9600,27,38955,38982,29355,29382,29355
SRTF,6113,9602,74,279766,279840,270164,270238,270164
SRTF,5526,9603,18,18123,18141,8520,8538,8520
SRTF,4666,9603,15,12700,12715,3097,3112,3097
SRTF,7311,9604,27,38982,39009,29378,29405,29378
SRTF,7789,9604,5,9606,9611,2,7,2
SRTF,3698,9607,46,108457,108503,98850,98896,98850
SRTF,7721,9607,31,50890,50921,41283,41314,41283
SRTF,7085,9608,50,129464,129514,119856,119906,119856
SRTF,7640,9609,50,129514,129564,119905,119955,119905
SRTF,6868,9609,27,39009,39036,29400,29427,29400
SRTF,7205,9609,97,479273,479370,469664,469761,469664
SRTF,1408,9610,13,9611,9624,1,14,1
SRTF,7958,9611,65,217818,217883,208207,208272,208207
SRTF,9116,9611,69,245470,245539,235859,235928,235859
SRTF,6273,9612,31,50921,50952,41309,41340,41309
SRTF,2463,9614,99,496602,496701,486988,487087,486988
SRTF,5011,9615,74,279840,279914,270225,270299,270225
SRTF,9572,9617,79,319162,319241,309545,309624,309545
SRTF,7244,9621,52,141295,141347,131674,131726,131674
SRTF,9681,9624,75,286735,286810,277111,277186,277111
SRTF,5280,9627,47,113575,113622,103948,103995,103948
SRTF,7491,9628,57,168530,168587,158902,158959,158902
SRTF,9406,9628,61,190736,190797,181108,181169,181108
SRTF,8426,9629,65,217883,217948,208254,208319,208254
SRTF,7546,9631,82,343528,343610,333897,333979,333897
SRTF,1622,9631,99,496701,496800,487070,487169,487070
SRTF,9489,9632,41,86452,86493,76820,76861,76820
SRTF,9120,9632,97,479370,479467,469738,469835,469738
SRTF,8891,9632,25,33670,33695,24038,24063,24038
SRTF,1682,9633,60,185801,185861,176168,176228,176168
SRTF,7897,9633,8,9638,9646,5,13,5
SRTF,6356,9635,67,231501,231568,221866,221933,221866
SRTF,8984,9636,33,56662,56695,47026,47059,47026
SRTF,5750,9637,98,487892,487990,478255,478353,478255
SRTF,255,9637,53,147172,147225,137535,137588,137535
SRTF,7971,9638,10,9651,9661,13,23,13
SRTF,9752,9638,12,9711,9723,73,85,73
SRTF,2699,9641,56,162664,162720,153023,153079,153023
SRTF,5273,9641,43,94044,94087,84403,84446,84403
SRTF,5349,9642,62,197734,197796,188092,188154,188092
SRTF,5331,9643,16,14122,14138,4479,4495,4479
SRTF,5390,9643,38,75030,75068,65387,65425,65387
SRTF,7052,9644,35,63438,63473,53794,53829,53794
SRTF,1506,9645,5,9646,9651,1,6,1
SRTF,7031,9648,15,12715,12730,3067,3082,3067
SRTF,2930,9649,89,405595,405684,395946,396035,395946
SRTF,9801,9650,37,70627,70664,60977,61014,60977
SRTF,1245,9650,89,405684,405773,396034,396123,396034
SRTF,9866,9650,11,9671,9682,21,32,21
SRTF,2170,9651,21,24738,24759,15087,15108,15087
SRTF,3447,9653,73,272517,272590,262864,262937,262864
SRTF,5749,9654,29,44641,44670,34987,35016,34987
SRTF,5420,9654,27,39036,39063,29382,29409,29382
SRTF,1936,9654,29,44670,44699,35016,35045,35016
SRTF,1363,9655,96,470158,470254,460503,460599,460503
SRTF,2926,9655,34,60331,60365,50676,50710,50676
SRTF,8475,9657,72,265439,265511,255782,255854,255782
SRTF,2675,9658,52,141347,141399,131689,131741,131689
SRTF,6179,9661,10,9661,9671,0,10,0
SRTF,418,9662,11,9700,9711,38,49,38
SRTF,9210,9663,92,433874,433966,424211,424303,424211
SRTF,5116,9663,77,301581,301658,291918,291995,291918
SRTF,6861,9663,32,53892,53924,44229,44261,44229
SRTF,3679,9665,84,359962,360046,350297,350381,350297
SRTF,4481,9665,82,343610,343692,333945,334027,333945
SRTF,1905,9667,91,425044,425135,415377,415468,415377
SRTF,4753,9667,45,104045,104090,94378,94423,94378
SRTF,7103,9669,85,368287,368372,358618,358703,358618
SRTF,7960,9670,34,60365,60399,50695,50729,50695
SRTF,51,9670,62,197796,197858,188126,188188,188126
SRTF,4717,9673,69,245539,245608,235866,235935,235866
SRTF,9019,9677,63,204344,204407,194667,194730,194667
SRTF,4670,9677,76,293498,293574,283821,283897,283821
SRTF,7596,9677,36,66857,66893,57180,57216,57180
SRTF,2288,9678,40,82688,82728,73010,73050,73010
SRTF,9157,9678,88,397324,397412,387646,387734,387646
SRTF,9908,9679,10,9682,9692,3,13,3
SRTF,837,9685,67,231568,231635,221883,221950,221883
SRTF,4050,9685,34,60399,60433,50714,50748,50714
SRTF,9089,9686,30,47579,47609,37893,37923,37893
SRTF,1994,9686,52,141399,141451,131713,131765,131713
SRTF,93,9687,61,190797,190858,181110,181171,181110
SRTF,3605,9689,79,319241,319320,309552,309631,309552
SRTF,9872,9691,48,119909,119957,110218,110266,110218
SRTF,62,9692,96,470254,470350,460562,460658,460562
SRTF,1083,9692,8,9692,9700,0,8,0
SRTF,6668,9694,50,129564,129614,119870,119920,119870
SRTF,9352,9695,30,47609,47639,37914,37944,37914
SRTF,4031,9695,96,470350,470446,460655,460751,460655
SRTF,9697,9696,51,135218,135269,125522,125573,125522
SRTF,9164,9697,40,82728,82768,73031,73071,73031
SRTF,6948,9697,13,9752,9765,55,68,55
SRTF,5839,9697,62,197858,197920,188161,188223,188161
SRTF,7116,9699,72,265511,265583,255812,255884,255812
SRTF,2128,9700,48,119957,120005,110257,110305,110257
SRTF,3017,9702,94,450685,450779,440983,441077,440983
SRTF,6299,9702,61,190858,190919,181156,181217,181156
SRTF,5333,9706,34,60433,60467,50727,50761,50727
SRTF,485,9708,45,104090,104135,94382,94427,94382
SRTF,5343,9709,21,24759,24780,15050,15071,15050
SRTF,1793,9710,86,378002,378088,368292,368378,368292
SRTF,4416,9712,86,378088,378174,368376,368462,368376
SRTF,5464,9713,25,33695,33720,23982,24007,23982
SRTF,6864,9713,41,86493,86534,76780,76821,76780
SRTF,2987,9714,27,39063,39090,29349,29376,29349
SRTF,5820,9714,76,293574,293650,283860,283936,283860
SRTF,2025,9715,23,28935,28958,19220,19243,19220
SRTF,7864,9716,23,28958,28981,19242,19265,19242
SRTF,7246,9718,68,238229,238297,228511,228579,228511
SRTF,4328,9718,92,433966,434058,424248,424340,424248
SRTF,7489,9719,52,141451,141503,131732,131784,131732
SRTF,274,9719,90,415221,415311,405502,405592,405502
SRTF,8226,9719,18,18141,18159,8422,8440,8422
SRTF,8248,9721,67,231635,231702,221914,221981,221914
SRTF,152,9721,7,9723,9730,2,9,2
SRTF,8022,9724,93,443074,443167,433350,433443,433350
SRTF,5049,9726,99,496800,496899,487074,487173,487074
SRTF,6080,9727,23,28981,29004,19254,19277,19254
SRTF,7928,9727,94,450779,450873,441052,441146,441052
SRTF,3645,9729,6,9730,9736,1,7,1
SRTF,7108,9730,7,9745,9752,15,22,15
SRTF,4104,9732,37,70664,70701,60932,60969,60932
SRTF,2012,9732,90,415311,415401,405579,405669,405579
SRTF,5366,9733,36,66893,66929,57160,57196,57160
SRTF,8272,9735,4,9736,9740,1,5,1
SRTF,8800,9735,41,86534,86575,76799,76840,76799
SRTF,7875,9735,34,60467,60501,50732,50766,50732
SRTF,7209,9736,58,174501,174559,164765,164823,164765
SRTF,1947,9738,5,9740,9745,2,7,2
SRTF,3388,9738,84,360046,360130,350308,350392,350308
SRTF,1462,9739,23,29004,29027,19265,19288,19265
SRTF,5239,9739,71,258026,258097,248287,248358,248287
SRTF,3686,9741,23,29027,29050,19286,19309,19286
SRTF,5848,9743,47,113622,113669,103879,103926,103879
SRTF,6528,9744,90,415401,415491,405657,405747,405657
SRTF,3340,9744,78,309926,310004,300182,300260,300182
SRTF,7401,9746,46,108503,108549,98757,98803,98757
SRTF,7053,9747,43,94087,94130,84340,84383,84340
SRTF,2982,9748,40,82768,82808,73020,73060,73020
SRTF,6987,9749,51,135269,135320,125520,125571,125520
SRTF,1407,9752,66,225005,225071,215253,215319,215253
SRTF,7318,9752,44,99190,99234,89438,89482,89438
SRTF,2600,9752,60,185861,185921,176109,176169,176109
SRTF,8752,9753,99,496899,496998,487146,487245,487146
SRTF,5249,9756,68,238297,238365,228541,228609,228541
SRTF,7261,9756,51,135320,135371,125564,125615,125564
SRTF,1579,9759,48,120005,120053,110246,110294,110246
SRTF,4379,9759,27,39090,39117,29331,29358,29331
SRTF,8334,9759,81,335988,336069,326229,326310,326229
SRTF,2266,9759,14,10798,10812,1039,1053,1039
SRTF,457,9760,57,168587,168644,158827,158884,158827
SRTF,7967,9761,55,157403,157458,147642,147697,147642
SRTF,110,9762,88,397412,397500,387650,387738,387650
SRTF,916,9762,69,245608,245677,235846,235915,235846
SRTF,3875,9763,74,279914,279988,270151,270225,270151
SRTF,8274,9763,49,123970,124019,114207,114256,114207
SRTF,8965,9764,98,487990,488088,478226,478324,478226
SRTF,3093,9764,17,16074,16091,6310,6327,6310
SRTF,883,9765,24,31498,31522,21733,21757,21733
SRTF,7829,9765,90,415491,415581,405726,405816,405726
SRTF,4489,9765,24,31522,31546,21757,21781,21757
SRTF,3803,9765,89,405773,405862,396008,396097,396008
SRTF,2224,9765,21,24780,24801,15015,15036,15015
SRTF,2756,9765,53,147225,147278,137460,137513,137460
SRTF,1458,9766,95,460655,460750,450889,450984,450889
SRTF,700,9766,53,147278,147331,137512,137565,137512
SRTF,1589,9768,62,197920,197982,188152,188214,188152
SRTF,1958,9769,59,180104,180163,170335,170394,170335
SRTF,8358,9769,92,434058,434150,424289,424381,424289
SRTF,1741,9771,56,162720,162776,152949,153005,152949
SRTF,4704,9772,50,129614,129664,119842,119892,119842
SRTF,6771,9774,55,157458,157513,147684,147739,147684
SRTF,5668,9775,40,82808,82848,73033,73073,73033
SRTF,8916,9776,19,20304,20323,10528,10547,10528
SRTF,1937,9776,48,120053,120101,110277,110325,110277
SRTF,8125,9777,12,9779,9791,2,14,2
SRTF,9320,9777,81,336069,336150,326292,326373,326292
SRTF,2733,9777,82,343692,343774,333915,333997,333915
SRTF,1983,9777,78,310004,310082,300227,300305,300227
SRTF,3160,9779,41,86575,86616,76796,76837,76796
SRTF,8531,9779,48,120101,120149,110322,110370,110322
SRTF,9432,9781,40,82848,82888,73067,73107,73067
SRTF,5276,9782,3,9792,9795,10,13,10
SRTF,4468,9783,41,86616,86657,76833,76874,76833
SRTF,2911,9783,39,78652,78691,68869,68908,68869
SRTF,9249,9784,31,50952,50983,41168,41199,41168
SRTF,3359,9784,25,33720,33745,23936,23961,23936
SRTF,2596,9786,46,108549,108595,98763,98809,98763
SRTF,4148,9788,1,9791,9792,3,4,3
SRTF,7997,9788,57,168644,168701,158856,158913,158856
SRTF,1386,9788,78,310082,310160,300294,300372,300294
SRTF,146,9789,64,210996,211060,201207,201271,201207
SRTF,9892,9793,34,60501,60535,50708,50742,50708
SRTF,2031,9793,97,479467,479564,469674,469771,469674
SRTF,4547,9793,62,197982,198044,188189,188251,188189
SRTF,6908,9793,51,135371,135422,125578,125629,125578
SRTF,2652,9794,86,378174,378260,368380,368466,368380
SRTF,8778,9795,51,135422,135473,125627,125678,125627
SRTF,830,9795,12,9795,9807,0,12,0
SRTF,5686,9797,39,78691,78730,68894,68933,68894
SRTF,3390,9797,40,82888,82928,73091,73131,73091
SRTF,6835,9799,94,450873,450967,441074,441168,441074
SRTF,6582,9799,61,190919,190980,181120,181181,181120
SRTF,6740,9799,25,33745,33770,23946,23971,23946
SRTF,3032,9802,97,479564,479661,469762,469859,469762
SRTF,4221,9802,99,496998,497097,487196,487295,487196
SRTF,4617,9803,10,9807,9817,4,14,4
SRTF,8388,9804,16,14138,14154,4334,4350,4334
SRTF,2235,9805,41,86657,86698,76852,76893,76852
SRTF,6973,9807,82,343774,343856,333967,334049,333967
SRTF,7606,9810,21,24801,24822,14991,15012,14991
SRTF,3970,9813,71,258097,258168,248284,248355,248284
SRTF,1838,9816,51,135473,135524,125657,125708,125657
SRTF,2421,9817,5,9817,9822,0,5,0
SRTF,7833,9817,41,86698,86739,76881,76922,76881
SRTF,476,9817,80,326838,326918,317021,317101,317021
SRTF,7998,9819,45,104135,104180,94316,94361,94316
SRTF,3460,9821,44,99234,99278,89413,89457,89413
SRTF,8058,9821,20,22282,22302,12461,12481,12461
SRTF,3220,9821,31,50983,51014,41162,41193,41162
SRTF,4901,9822,17,16091,16108,6269,6286,6269
SRTF,444,9823,65,217948,218013,208125,208190,208125
SRTF,5752,9824,30,47639,47669,37815,37845,37815
SRTF,7134,9825,14,10812,10826,987,1001,987
SRTF,434,9827,92,434150,434242,424323,424415,424323
SRTF,7475,9828,21,24822,24843,14994,15015,14994
SRTF,4622,9828,30,47669,47699,37841,37871,37841
SRTF,1251,9828,49,124019,124068,114191,114240,114191
SRTF,1825,9829,59,180163,180222,170334,170393,170334
SRTF,5326,9829,30,47699,47729,37870,37900,37870
SRTF,5561,9830,1,9836,9837,6,7,6
SRTF,1001,9831,6,9842,9848,11,17,11
SRTF,2236,9832,5,9837,9842,5,10,5
SRTF,2448,9833,44,99278,99322,89445,89489,89445
SRTF,9030,9834,85,368372,368457,358538,358623,358538
SRTF,5640,9836,68,238365,238433,228529,228597,228529
SRTF,2780,9836,49,124068,124117,114232,114281,114232
SRTF,5335,9837,13,9889,9902,52,65,52
SRTF,9057,9840,89,405862,405951,396022,396111,396022
SRTF,8966,9840,11,9848,9859,8,19,8
SRTF,7934,9843,88,397500,397588,387657,387745,387657
SRTF,5283,9846,58,174559,174617,164713,164771,164713
SRTF,1740,9847,44,99322,99366,89475,89519,89475
SRTF,7320,9848,31,51014,51045,41166,41197,41166
SRTF,7885,9850,61,190980,191041,181130,181191,181130
SRTF,8759,9850,78,310160,310238,300310,300388,300310
SRTF,1920,9852,81,336150,336231,326298,326379,326298
SRTF,8497,9852,74,279988,280062,270136,270210,270136
SRTF,9754,9855,66,225071,225137,215216,215282,215216
SRTF,8148,9856,6,9861,9867,5,11,5
SRTF,5498,9856,56,162776,162832,152920,152976,152920
SRTF,8566,9858,2,9859,9861,1,3,1
SRTF,7894,9858,81,336231,336312,326373,326454,326373
SRTF,680,9860,65,218013,218078,208153,208218,208153
SRTF,894,9865,72,265583,265655,255718,255790,255718
SRTF,3527,9865,94,450967,451061,441102,441196,441102
SRTF,3801,9865,64,211060,211124,201195,201259,201195
SRTF,2216,9866,74,280062,280136,270196,270270,270196
SRTF,7194,9867,97,479661,479758,469794,469891,469794
SRTF,4120,9867,9,9867,9876,0,9,0
SRTF,569,9872,21,24843,24864,14971,14992,14971
SRTF,1889,9873,39,78730,78769,68857,68896,68857
SRTF,7034,9873,92,434242,434334,424369,424461,424369
SRTF,5535,9873,11,9876,9887,3,14,3
SRTF,394,9874,60,185921,185981,176047,176107,176047
SRTF,246,9874,91,425135,425226,415261,415352,415261
SRTF,9972,9877,24,31546,31570,21669,21693,21669
SRTF,4576,9878,44,99366,99410,89488,89532,89488
SRTF,2494,9879,34,60535,60569,50656,50690,50656
SRTF,502,9879,13,9929,9942,50,63,50
SRTF,1465,9882,2,9887,9889,5,7,5
SRTF,9935,9883,92,434334,434426,424451,424543,424451
SRTF,1884,9884,82,343856,343938,333972,334054,333972
SRTF,9734,9884,42,90519,90561,80635,80677,80635
SRTF,2730,9885,36,66929,66965,57044,57080,57044
SRTF,4983,9886,49,124117,124166,114231,114280,114231
SRTF,252,9888,37,70701,70738,60813,60850,60813
SRTF,3301,9889,28,41888,41916,31999,32027,31999
SRTF,4679,9890,31,51045,51076,41155,41186,41155
SRTF,2623,9890,90,415581,415671,405691,405781,405691
SRTF,9614,9891,83,352321,352404,342430,342513,342430
SRTF,9582,9894,78,310238,310316,300344,300422,300344
SRTF,7801,9894,73,272590,272663,262696,262769,262696
SRTF,7324,9896,17,16108,16125,6212,6229,6212
SRTF,4054,9897,9,9902,9911,5,14,5
SRTF,5261,9898,50,129664,129714,119766,119816,119766
SRTF,9174,9900,52,141503,141555,131603,131655,131603
SRTF,1910,9900,88,397588,397676,387688,387776,387688
SRTF,5000,9900,53,147331,147384,137431,137484,137431
SRTF,1191,9900,12,9914,9926,14,26,14
SRTF,7176,9903,68,238433,238501,228530,228598,228530
SRTF,7688,9903,13,9942,9955,39,52,39
SRTF,4541,9903,67,231702,231769,221799,221866,221799
SRTF,1419,9903,64,211124,211188,201221,201285,201221
SRTF,8804,9904,65,218078,218143,208174,208239,208174
SRTF,1627,9905,33,56695,56728,46790,46823,46790
SRTF,5314,9906,40,82928,82968,73022,73062,73022
SRTF,372,9907,53,147384,147437,137477,137530,137477
SRTF,6109,9908,19,20323,20342,10415,10434,10415
SRTF,1444,9908,21,24864,24885,14956,14977,14956
SRTF,9065,9908,50,129714,129764,119806,119856,119806
SRTF,2248,9908,65,218143,218208,208235,208300,208235
SRTF,3822,9909,46,108595,108641,98686,98732,98686
SRTF,6903,9909,3,9911,9914,2,5,2
SRTF,9289,9910,80,326918,326998,317008,317088,317008
SRTF,9625,9911,32,53924,53956,44013,44045,44013
SRTF,761,9911,78,310316,310394,300405,300483,300405
SRTF,2455,9911,54,152674,152728,142763,142817,142763
SRTF,143,9914,18,18159,18177,8245,8263,8245
SRTF,5341,9915,3,9926,9929,11,14,11
SRTF,3358,9915,83,352404,352487,342489,342572,342489
SRTF,9148,9916,50,129764,129814,119848,119898,119848
SRTF,1070,9916,21,24885,24906,14969,14990,14969
SRTF,5700,9916,46,108641,108687,98725,98771,98725
SRTF,2038,9917,65,218208,218273,208291,208356,208291
SRTF,7501,9918,33,56728,56761,46810,46843,46810
SRTF,8403,9920,93,443167,443260,433247,433340,433247
SRTF,8385,9921,38,75068,75106,65147,65185,65147
SRTF,191,9925,16,14154,14170,4229,4245,4229
SRTF,5229,9927,51,135524,135575,125597,125648,125597
SRTF,3915,9928,14,10826,10840,898,912,898
SRTF,5738,9928,66,225137,225203,215209,215275,215209
SRTF,7555,9930,55,157513,157568,147583,147638,147583
SRTF,8515,9933,49,124166,124215,114233,114282,114233
SRTF,8549,9937,53,147437,147490,137500,137553,137500
SRTF,4465,9940,61,191041,191102,181101,181162,181101
SRTF,4193,9941,56,162832,162888,152891,152947,152891
SRTF,8872,9941,60,185981,186041,176040,176100,176040
SRTF,5391,9943,92,434426,434518,424483,424575,424483
SRTF,4992,9943,2,9956,9958,13,15,13
SRTF,6063,9943,73,272663,272736,262720,262793,262720
SRTF,3569,9944,50,129814,129864,119870,119920,119870
SRTF,781,9945,38,75106,75144,65161,65199,65161
SRTF,6941,9945,1,9955,9956,10,11,10
SRTF,5607,9947,8,9958,9966,11,19,11
SRTF,6314,9947,56,162888,162944,152941,152997,152941
SRTF,4367,9949,70,250857,250927,240908,240978,240908
SRTF,436,9949,61,191102,191163,181153,181214,181153
SRTF,9096,9950,38,75144,75182,65194,65232,65194
SRTF,7450,9951,79,319320,319399,309369,309448,309369
SRTF,2278,9951,45,104180,104225,94229,94274,94229
SRTF,5919,9951,25,33770,33795,23819,23844,23819
SRTF,7751,9952,52,141555,141607,131603,131655,131603
SRTF,5491,9953,87,388613,388700,378660,378747,378660
SRTF,9317,9954,34,60569,60603,50615,50649,50615
SRTF,2134,9956,71,258168,258239,248212,248283,248212
SRTF,7603,9957,36,66965,67001,57008,57044,57008
SRTF,2021,9958,30,47729,47759,37771,37801,37771
SRTF,5425,9959,60,186041,186101,176082,176142,176082
SRTF,6676,9959,3,9966,9969,7,10,7
SRTF,3097,9959,93,443260,443353,433301,433394,433301
SRTF,4006,9961,80,326998,327078,317037,317117,317037
SRTF,5262,9963,84,360130,360214,350167,350251,350167
SRTF,7930,9964,88,397676,397764,387712,387800,387712
SRTF,7394,9965,78,310394,310472,300429,300507,300429
SRTF,8162,9965,59,180222,180281,170257,170316,170257
SRTF,8456,9967,50,129864,129914,119897,119947,119897
SRTF,4650,9968,48,120149,120197,110181,110229,110181
SRTF,3364,9968,84,360214,360298,350246,350330,350246
SRTF,8331,9969,39,78769,78808,68800,68839,68800
SRTF,7170,9969,85,368457,368542,358488,358573,358488
SRTF,9106,9971,3,9983,9986,12,15,12
SRTF,5520,9971,61,191163,191224,181192,181253,181192
SRTF,8336,9972,21,24906,24927,14934,14955,14934
SRTF,2581,9973,79,319399,319478,309426,309505,309426
SRTF,5558,9973,38,75182,75220,65209,65247,65209
SRTF,5248,9974,83,352487,352570,342513,342596,342513
SRTF,1221,9977,84,360298,360382,350321,350405,350321
SRTF,6738,9979,25,33795,33820,23816,23841,23816
SRTF,7414,9980,28,41916,41944,31936,31964,31936
SRTF,1073,9984,49,124215,124264,114231,114280,114231
SRTF,9689,9984,63,204407,204470,194423,194486,194423
SRTF,2767,9984,26,36472,36498,26488,26514,26488
SRTF,8119,9986,74,280136,280210,270150,270224,270150
SRTF,211,9986,40,82968,83008,72982,73022,72982
SRTF,9314,9988,63,204470,204533,194482,194545,194482
SRTF,1683,9989,37,70738,70775,60749,60786,60749
SRTF,9883,9990,37,70775,70812,60785,60822,60785
SRTF,4411,9991,18,18177,18195,8186,8204,8186
SRTF,1789,9991,27,39117,39144,29126,29153,29126
SRTF,4789,9993,70,250927,250997,240934,241004,240934
SRTF,9505,9996,63,204533,204596,194537,194600,194537
SRTF,1326,9996,94,451061,451155,441065,441159,441065
SRTF,29,9998,88,397764,397852,387766,387854,387766
SRTF,8290,9998,60,186101,186161,176103,176163,176103
scheduler,id,arrival,burst,start,exit,waiting,turnaround,response
MLFQ,1696,1,38,1,156970,156931,156969,0
MLFQ,1599,1,52,5,255898,255845,255897,4
MLFQ,5869,1,32,9,109945,109912,109944,8
MLFQ,8432,2,4,17,21,15,19,15
MLFQ,4007,2,65,21,372036,371969,372034,19
MLFQ,379,4,6,25,152,142,148,21
MLFQ,6252,4,67,29,375004,374933,375000,25
MLFQ,863,5,19,33,19999,19975,19994,28
MLFQ,2908,6,46,41,257715,257663,257709,35
MLFQ,9782,7,58,45,335244,335179,335237,38
MLFQ,2547,7,13,49,5280,5260,5273,42
MLFQ,657,9,17,53,28180,28154,28171,44
MLFQ,891,9,72,57,399188,399107,399179,48
MLFQ,1918,9,28,61,108182,108145,108173,52
MLFQ,8657,10,79,69,434209,434120,434199,59
MLFQ,4942,11,65,73,385285,385209,385274,62
MLFQ,1860,11,24,77,81114,81079,81103,66
MLFQ,9848,11,92,81,471557,471454,471546,70
MLFQ,7329,12,72,85,406868,406784,406856,73
MLFQ,8573,12,13,89,10073,10048,10061,77
MLFQ,1702,13,15,93,10364,10336,10351,80
MLFQ,2175,16,33,101,189566,189517,189550,85
MLFQ,4829,16,99,105,487124,487009,487108,89
MLFQ,6144,18,22,109,88084,88044,88066,91
MLFQ,3675,18,60,113,350219,350141,350201,95
MLFQ,3929,18,1,117,118,99,100,99
MLFQ,1635,21,83,118,451870,451766,451849,97
MLFQ,7748,21,91,122,472782,472670,472761,101
MLFQ,8079,22,36,130,191835,191777,191813,108
MLFQ,2299,22,6,134,597,569,575,112
MLFQ,3092,24,35,138,192374,192315,192350,114
MLFQ,9852,25,40,142,223339,223274,223314,117
MLFQ,3343,25,49,146,305984,305910,305959,121
MLFQ,5889,26,68,152,393060,392966,393034,126
MLFQ,7247,28,63,156,374380,374289,374352,128
MLFQ,7968,28,80,160,441050,440942,441022,132
MLFQ,8535,32,7,168,808,769,776,136
MLFQ,8889,37,62,176,375444,375345,375407,139
MLFQ,2268,38,86,184,465226,465102,465188,146
MLFQ,1511,38,10,188,4321,4273,4283,150
MLFQ,2716,40,85,192,465531,465406,465491,152
MLFQ,4869,44,20,200,61943,61879,61899,156
MLFQ,8925,45,49,204,310903,310809,310858,159
MLFQ,6823,48,73,212,429409,429288,429361,164
MLFQ,3672,49,18,216,64382,64315,64333,167
MLFQ,4366,52,36,224,201901,201813,201849,172
MLFQ,4058,53,86,228,466890,466751,466837,175
MLFQ,1103,54,18,236,67233,67161,67179,182
MLFQ,8183,55,40,240,233785,233690,233730,185
MLFQ,795,55,66,244,398831,398710,398776,189
MLFQ,8066,56,90,248,476437,476291,476381,192
MLFQ,7486,58,15,256,31619,31546,31561,198
MLFQ,1237,60,64,260,381054,380930,380994,200
MLFQ,3870,60,77,264,445644,445507,445584,204
MLFQ,5850,60,55,268,339714,339599,339654,208
MLFQ,3839,62,1,276,277,214,215,214
MLFQ,87,64,84,277,458119,457971,458055,213
MLFQ,7718,64,34,281,208163,208065,208099,217
MLFQ,9947,65,62,285,382876,382749,382811,220
MLFQ,5545,66,4,293,297,227,231,227
MLFQ,9144,66,21,297,110862,110775,110796,231
MLFQ,6904,66,4,301,305,235,239,235
MLFQ,6053,67,26,305,146142,146049,146075,238
MLFQ,4147,67,34,309,210572,210471,210505,242
MLFQ,6188,69,82,313,459229,459078,459160,244
MLFQ,8995,71,42,321,268730,268617,268659,250
MLFQ,4646,71,29,325,180522,180422,180451,254
MLFQ,1969,72,57,329,365111,364982,365039,257
MLFQ,9923,73,82,333,459789,459634,459716,260
MLFQ,7047,74,75,341,435126,434977,435052,267
MLFQ,1174,74,13,345,41094,41007,41020,271
MLFQ,7281,75,97,349,490866,490694,490791,274
MLFQ,4815,75,78,353,448750,448597,448675,278
MLFQ,8465,76,60,357,366519,366383,366443,281
MLFQ,931,77,63,361,386493,386353,386416,284
MLFQ,2196,78,99,369,491129,490952,491051,291
MLFQ,7210,78,56,373,346365,346231,346287,295
MLFQ,8975,80,71,377,421794,421643,421714,297
MLFQ,9703,80,73,381,436666,436513,436586,301
MLFQ,9845,81,52,385,324139,324006,324058,304
MLFQ,3752,82,38,393,247165,247045,247083,311
MLFQ,3888,86,7,401,1958,1865,1872,315
MLFQ,6611,87,51,405,325947,325809,325860,318
MLFQ,1607,89,48,409,301840,301703,301751,320
MLFQ,4835,89,96,413,486914,486729,486825,324
MLFQ,4572,90,67,421,407517,407360,407427,331
MLFQ,8005,91,90,425,480445,480264,480354,334
MLFQ,8454,93,45,429,302108,301970,302015,336
MLFQ,987,94,17,437,86925,86814,86831,343
MLFQ,9264,96,22,441,122768,122650,122672,345
MLFQ,2508,97,92,445,480514,480325,480417,348
MLFQ,260,98,62,453,390110,389950,390012,355
MLFQ,6319,98,40,457,249074,248936,248976,359
MLFQ,7004,100,29,461,189497,189368,189397,361
MLFQ,8684,104,1,469,470,365,366,365
MLFQ,8201,104,15,470,50040,49921,49936,366
MLFQ,7181,105,17,474,87494,87372,87389,369
MLFQ,1610,105,97,478,491866,491664,491761,373
MLFQ,1887,105,27,482,157459,157327,157354,377
MLFQ,8186,105,62,486,390380,390213,390275,381
MLFQ,8702,108,31,494,189953,189814,189845,386
MLFQ,8193,109,27,498,157726,157590,157617,389
MLFQ,3658,112,91,506,480703,480500,480591,394
MLFQ,3053,115,88,514,472623,472420,472508,399
MLFQ,1569,116,17,518,88397,88264,88281,402
MLFQ,8742,117,25,522,158146,158004,158029,405
MLFQ,869,117,89,526,480771,480565,480654,409
MLFQ,6631,118,87,530,472718,472513,472600,412
MLFQ,7230,120,49,538,327864,327695,327744,418
MLFQ,6837,122,34,542,221388,221232,221266,420
MLFQ,4772,124,99,550,492005,491782,491881,426
MLFQ,825,125,97,554,492010,491788,491885,429
MLFQ,1769,125,22,558,124993,124846,124868,433
MLFQ,5408,126,83,562,463268,463059,463142,436
MLFQ,1008,126,41,566,278205,278038,278079,440
MLFQ,4544,128,88,574,472959,472743,472831,446
MLFQ,4907,129,1,578,579,449,450,449
MLFQ,1309,130,73,579,439454,439251,439324,449
MLFQ,7867,132,53,587,351386,351201,351254,455
MLFQ,604,133,12,591,14044,13899,13911,458
MLFQ,3882,136,88,597,473077,472853,472941,461
MLFQ,738,137,91,601,481094,480866,480957,464
MLFQ,2984,138,52,605,329048,328858,328910,467
MLFQ,6234,138,63,609,391840,391639,391702,471
MLFQ,3661,139,38,617,251848,251671,251709,478
MLFQ,1877,140,8,621,3011,2863,2871,481
MLFQ,4827,140,79,625,452551,452332,452411,485
MLFQ,2680,141,9,629,14985,14835,14844,488
MLFQ,4435,142,68,633,409570,409360,409428,491
MLFQ,6106,142,35,637,223276,223099,223134,495
MLFQ,6035,143,43,645,279562,279376,279419,502
MLFQ,4912,143,17,649,91571,91411,91428,506
MLFQ,9885,144,41,653,279707,279522,279563,509
MLFQ,1348,145,52,657,329728,329531,329583,512
MLFQ,8203,145,53,661,352448,352250,352303,516
MLFQ,1933,145,20,665,92115,91950,91970,520
MLFQ,5789,145,79,669,452905,452681,452760,524
MLFQ,3919,146,96,673,487704,487462,487558,527
MLFQ,2213,147,22,681,128059,127890,127912,534
MLFQ,2017,148,68,685,410191,409975,410043,537
MLFQ,6847,148,52,689,330440,330240,330292,541
MLFQ,8770,148,83,693,464172,463941,464024,545
MLFQ,5977,151,43,697,280762,280568,280611,546
MLFQ,6661,151,20,701,93144,92973,92993,550
MLFQ,3565,152,71,705,426308,426085,426156,553
MLFQ,9384,153,22,713,128773,128598,128620,560
MLFQ,6005,153,75,717,440709,440481,440556,564
MLFQ,1229,153,7,721,3583,3423,3430,568
MLFQ,5999,154,6,725,3597,3437,3443,571
MLFQ,336,154,11,729,17841,17676,17687,575
MLFQ,9567,154,54,733,353476,353268,353322,579
MLFQ,2642,155,25,737,163067,162887,162912,582
MLFQ,5989,156,45,741,306998,306797,306842,585
MLFQ,1668,158,20,749,94145,93967,93987,591
MLFQ,3162,159,11,753,18287,18117,18128,594
MLFQ,4095,160,67,757,410902,410675,410742,597
MLFQ,65,161,33,765,225848,225654,225687,604
MLFQ,2367,161,78,769,453700,453461,453539,608
MLFQ,6757,162,45,773,307580,307373,307418,611
MLFQ,2441,162,43,777,282087,281882,281925,615
MLFQ,2155,163,5,781,3891,3723,3728,618
MLFQ,6429,164,69,785,427095,426862,426931,621
MLFQ,4638,165,47,793,307887,307675,307722,628
MLFQ,4136,165,46,797,307909,307698,307744,632
MLFQ,3581,166,27,801,164408,164215,164242,635
MLFQ,5257,171,55,808,354526,354300,354355,637
MLFQ,6703,172,4,812,816,640,644,640
MLFQ,3600,174,51,820,332281,332056,332107,646
MLFQ,6955,175,25,824,164830,164630,164655,649
MLFQ,5563,178,81,832,465034,464775,464856,654
MLFQ,5845,178,49,836,332475,332248,332297,658
MLFQ,8730,179,50,840,332539,332310,332360,661
MLFQ,2809,182,68,848,411860,411610,411678,666
MLFQ,3152,182,19,852,96410,96209,96228,670
MLFQ,4515,183,36,856,227448,227229,227265,673
MLFQ,4346,186,58,864,375858,375614,375672,678
MLFQ,3116,187,70,868,427812,427555,427625,681
MLFQ,9499,187,88,872,474516,474241,474329,685
MLFQ,30,189,25,880,165924,165710,165735,691
MLFQ,5643,190,92,884,482284,482002,482094,694
MLFQ,315,190,92,888,482309,482027,482119,698
MLFQ,4279,191,77,892,454572,454304,454381,701
MLFQ,7754,191,57,896,376292,376044,376101,705
MLFQ,4472,191,32,900,198236,198013,198045,709
MLFQ,3954,192,82,904,465486,465212,465294,712
MLFQ,5792,192,25,908,166571,166354,166379,716
MLFQ,2763,193,94,916,488476,488189,488283,723
MLFQ,6235,193,48,920,309917,309676,309724,727
MLFQ,4943,194,42,924,284636,284400,284442,730
MLFQ,3864,195,90,928,482531,482246,482336,733
MLFQ,203,197,50,936,334175,333928,333978,739
MLFQ,5557,198,65,940,412997,412734,412799,742
MLFQ,3702,201,95,948,488606,488310,488405,747
MLFQ,2854,201,57,952,377134,376876,376933,751
MLFQ,195,202,76,956,442811,442533,442609,754
MLFQ,6542,203,5,960,4815,4607,4612,757
MLFQ,4094,203,38,964,258304,258063,258101,761
MLFQ,3942,204,91,968,482747,482452,482543,764
MLFQ,2450,204,89,972,482755,482462,482551,768
MLFQ,3545,205,74,980,442978,442699,442773,775
MLFQ,121,206,86,984,475211,474919,475005,778
MLFQ,4202,206,98,988,492958,492654,492752,782
MLFQ,9743,207,32,992,200465,200226,200258,785
MLFQ,1999,207,22,996,135337,135108,135130,789
MLFQ,1633,207,24,1000,135391,135160,135184,793
MLFQ,9381,209,95,1008,488805,488501,488596,799
MLFQ,7622,209,31,1012,200778,200538,200569,803
MLFQ,7348,211,28,1016,169229,168990,169018,805
MLFQ,7637,212,48,1020,311628,311368,311416,808
MLFQ,1587,213,34,1028,231049,230802,230836,815
MLFQ,3356,215,30,1032,201179,200934,200964,817
MLFQ,5756,215,67,1036,413982,413700,413767,821
MLFQ,5492,220,15,1044,64433,64198,64213,824
MLFQ,7845,223,17,1052,101425,101185,101202,829
MLFQ,6780,223,95,1056,488917,488599,488694,833
MLFQ,7655,224,61,1060,397160,396875,396936,836
MLFQ,878,224,76,1064,443682,443382,443458,840
MLFQ,4768,224,95,1068,488965,488646,488741,844
MLFQ,290,225,16,1076,65232,64991,65007,851
MLFQ,7850,225,10,1080,27012,26777,26787,855
MLFQ,2350,226,27,1084,170530,170277,170304,858
MLFQ,4342,226,62,1088,397436,397148,397210,862
MLFQ,2605,226,92,1092,483229,482911,483003,866
MLFQ,9524,227,91,1096,483256,482938,483029,869
MLFQ,5775,228,68,1100,414632,414336,414404,872
MLFQ,6819,229,95,1108,489106,488782,488877,879
MLFQ,6211,231,66,1112,414775,414478,414544,881
MLFQ,3339,232,49,1116,336832,336551,336600,884
MLFQ,833,232,74,1120,444170,443864,443938,888
MLFQ,9616,232,73,1124,444192,443887,443960,892
MLFQ,7937,233,3,1132,1135,899,902,899
MLFQ,9619,233,54,1135,359100,358813,358867,902
MLFQ,7626,233,67,1139,415045,414745,414812,906
MLFQ,9696,234,80,1143,456538,456224,456304,909
MLFQ,3265,234,28,1147,171907,171645,171673,913
MLFQ,3213,234,29,1151,203463,203200,203229,917
MLFQ,7657,235,2,1155,1157,920,922,920
MLFQ,909,235,2,1157,1159,922,924,922
MLFQ,2008,236,91,1159,483492,483165,483256,923
MLFQ,7008,237,34,1167,233547,233276,233310,930
MLFQ,3941,238,47,1171,313854,313569,313616,933
MLFQ,8222,238,78,1175,456721,456405,456483,937
MLFQ,5807,240,10,1179,29327,29077,29087,939
MLFQ,3860,241,52,1187,337737,337444,337496,946
MLFQ,5083,242,37,1191,262256,261977,262014,949
MLFQ,9678,242,81,1195,467431,467108,467189,953
MLFQ,8749,243,14,1199,68188,67931,67945,956
MLFQ,4915,244,90,1203,483694,483360,483450,959
MLFQ,8476,244,62,1207,398781,398475,398537,963
MLFQ,6396,246,6,1215,6133,5881,5887,969
MLFQ,8930,246,17,1219,105261,104998,105015,973
MLFQ,701,249,1,1227,1228,978,979,978
MLFQ,4558,249,6,1228,6183,5928,5934,979
MLFQ,4026,249,37,1232,262898,262612,262649,983
MLFQ,7208,250,78,1236,457140,456812,456890,986
MLFQ,6380,250,65,1240,415987,415672,415737,990
MLFQ,9366,253,90,1248,483864,483521,483611,995
MLFQ,654,255,73,1252,445195,444867,444940,997
MLFQ,8887,256,26,1256,174046,173764,173790,1000
MLFQ,8902,256,18,1260,106205,105931,105949,1004
MLFQ,8624,256,52,1264,338907,338599,338651,1008
MLFQ,2566,258,96,1272,489582,489228,489324,1014
MLFQ,892,260,64,1276,399525,399201,399265,1016
MLFQ,6481,261,87,1284,476702,476354,476441,1023
MLFQ,235,262,13,1288,70105,69830,69843,1026
MLFQ,5128,262,87,1292,476751,476402,476489,1030
MLFQ,2606,264,71,1296,431845,431510,431581,1032
MLFQ,9971,264,93,1300,489642,489285,489378,1036
MLFQ,2713,264,48,1304,315928,315616,315664,1040
MLFQ,4649,268,36,1312,236282,235978,236014,1044
MLFQ,1721,269,16,1320,70964,70679,70695,1051
MLFQ,4355,269,43,1324,291233,290921,290964,1055
MLFQ,8118,270,9,1328,32997,32718,32727,1058
MLFQ,4534,270,28,1332,175529,175231,175259,1062
MLFQ,3504,270,80,1336,457821,457471,457551,1066
MLFQ,8542,271,59,1340,381837,381507,381566,1069
MLFQ,5527,271,53,1344,361826,361502,361555,1073
MLFQ,1332,271,51,1348,340075,339753,339804,1077
MLFQ,5163,272,84,1352,468283,467927,468011,1080
MLFQ,3076,276,52,1360,340250,339922,339974,1084
MLFQ,6089,277,7,1364,6840,6556,6563,1087
MLFQ,9946,277,86,1368,477110,476747,476833,1091
MLFQ,1479,277,48,1372,316944,316619,316667,1095
MLFQ,3338,277,53,1376,362163,361833,361886,1099
MLFQ,4890,277,91,1380,484325,483957,484048,1103
MLFQ,3515,278,26,1388,176641,176337,176363,1110
MLFQ,4988,279,12,1392,34658,34367,34379,1113
MLFQ,1754,281,48,1396,317410,317081,317129,1115
MLFQ,6894,282,26,1404,176973,176665,176691,1122
MLFQ,2567,282,93,1408,489936,489561,489654,1126
MLFQ,5937,283,8,1412,7099,6808,6816,1129
MLFQ,2016,285,4,1416,1420,1131,1135,1131
MLFQ,2712,285,15,1420,73131,72831,72846,1135
MLFQ,4902,287,78,1428,458460,458095,458173,1141
MLFQ,3509,289,34,1432,238358,238035,238069,1143
MLFQ,7933,292,47,1440,318019,317680,317727,1148
MLFQ,1463,294,70,1444,433154,432790,432860,1150
MLFQ,5777,294,46,1448,318139,317799,317845,1154
MLFQ,3818,294,64,1452,401502,401144,401208,1158
MLFQ,7505,294,19,1456,110402,110089,110108,1162
MLFQ,8816,295,79,1460,458656,458282,458361,1165
MLFQ,9774,296,78,1464,458727,458353,458431,1168
MLFQ,4954,297,91,1468,484735,484347,484438,1171
MLFQ,8205,298,32,1476,209699,209369,209401,1178
MLFQ,5103,298,74,1480,447001,446629,446703,1182
MLFQ,6048,300,55,1484,363648,363293,363348,1184
MLFQ,2274,301,66,1488,418507,418140,418206,1187
MLFQ,309,301,80,1492,458911,458530,458610,1191
MLFQ,793,302,4,1496,1500,1194,1198,1194
MLFQ,1800,302,81,1500,469173,468790,468871,1198
MLFQ,5340,305,31,1504,210103,209767,209798,1199
MLFQ,1653,306,12,1512,37396,37078,37090,1206
MLFQ,8191,307,42,1516,294163,293814,293856,1209
MLFQ,4388,307,15,1520,75431,75109,75124,1213
MLFQ,4494,307,92,1524,484922,484523,484615,1217
MLFQ,6230,308,38,1528,267948,267602,267640,1220
MLFQ,4590,310,21,1536,146579,146248,146269,1226
MLFQ,7110,312,33,1540,240211,239866,239899,1228
MLFQ,6522,314,2,1548,1550,1234,1236,1234
MLFQ,4412,314,25,1550,179781,179442,179467,1236
MLFQ,1426,317,79,1554,459334,458938,459017,1237
MLFQ,6625,317,59,1558,384399,384023,384082,1241
MLFQ,7559,320,9,1566,38604,38275,38284,1246
MLFQ,4929,320,75,1570,447662,447267,447342,1250
MLFQ,6658,324,12,1578,38902,38566,38578,1254
MLFQ,8821,324,71,1582,434376,433981,434052,1258
MLFQ,7987,325,62,1586,402868,402481,402543,1261
MLFQ,5048,325,73,1590,447800,447402,447475,1265
MLFQ,7226,328,5,1598,7950,7617,7622,1270
MLFQ,8405,329,84,1602,469735,469322,469406,1273
MLFQ,9407,329,55,1606,365030,364646,364701,1277
MLFQ,1256,329,54,1610,365090,364707,364761,1281
MLFQ,7352,331,3,1618,1621,1287,1290,1287
MLFQ,9930,331,80,1621,459725,459314,459394,1290
MLFQ,2847,331,31,1625,212018,211656,211687,1294
MLFQ,4399,336,92,1633,485394,484966,485058,1297
MLFQ,1262,338,77,1641,459919,459504,459581,1303
MLFQ,7314,340,97,1645,494258,493821,493918,1305
MLFQ,2033,340,80,1649,460005,459585,459665,1309
MLFQ,2797,340,2,1653,1655,1313,1315,1313
MLFQ,2980,340,81,1655,470101,469680,469761,1315
MLFQ,1183,341,38,1659,269951,269572,269610,1318
MLFQ,2748,342,93,1667,490792,490357,490450,1325
MLFQ,6555,343,80,1671,460150,459727,459807,1328
MLFQ,5957,343,56,1675,365892,365493,365549,1332
MLFQ,995,345,1,1679,1680,1334,1335,1334
MLFQ,4385,348,91,1684,485671,485232,485323,1336
MLFQ,8333,349,5,1688,8377,8023,8028,1339
MLFQ,6782,350,44,1696,296886,296492,296536,1346
MLFQ,8736,352,27,1700,182468,182089,182116,1348
MLFQ,1665,352,88,1704,478909,478469,478557,1352
MLFQ,6678,354,91,1712,485772,485327,485418,1358
MLFQ,7245,355,70,1716,435561,435136,435206,1361
MLFQ,7917,356,68,1720,420703,420279,420347,1364
MLFQ,2985,358,32,1728,213960,213570,213602,1370
MLFQ,9399,358,3,1732,1735,1374,1377,1374
MLFQ,7989,358,85,1735,479039,478596,478681,1377
MLFQ,2901,359,67,1739,420887,420461,420528,1380
MLFQ,1442,362,24,1747,150627,150241,150265,1385
MLFQ,6127,363,51,1751,345478,345064,345115,1388
MLFQ,3049,364,41,1755,297770,297365,297406,1391
MLFQ,6440,364,64,1759,404719,404291,404355,1395
MLFQ,8723,364,17,1763,116762,116381,116398,1399
MLFQ,799,364,80,1767,460800,460356,460436,1403
MLFQ,8830,364,37,1771,271787,271386,271423,1407
MLFQ,4111,365,72,1775,436066,435629,435701,1410
MLFQ,2215,365,40,1779,271949,271544,271584,1414
MLFQ,7723,368,68,1787,421345,420909,420977,1419
MLFQ,3761,369,73,1791,449363,448921,448994,1422
MLFQ,4072,370,69,1799,436272,435833,435902,1429
MLFQ,8213,370,11,1803,43833,43452,43463,1433
MLFQ,5030,371,58,1807,387186,386757,386815,1436
MLFQ,5670,371,31,1811,215323,214921,214952,1440
MLFQ,8640,372,16,1815,81742,81354,81370,1443
MLFQ,1697,374,83,1823,471092,470635,470718,1449
MLFQ,5127,375,17,1827,117999,117607,117624,1452
MLFQ,5646,378,87,1835,479527,479062,479149,1457
MLFQ,7650,378,77,1839,461279,460824,460901,1461
MLFQ,2981,382,80,1847,461328,460866,460946,1465
MLFQ,5665,382,55,1851,368128,367691,367746,1469
MLFQ,8956,382,98,1855,494643,494163,494261,1473
MLFQ,4076,383,65,1859,422081,421633,421698,1476
MLFQ,676,384,37,1863,273355,272934,272971,1479
MLFQ,8171,386,10,1871,45671,45275,45285,1485
MLFQ,9287,386,75,1875,450100,449639,449714,1489
MLFQ,2864,386,31,1879,216915,216498,216529,1493
MLFQ,6827,386,79,1883,461673,461208,461287,1497
MLFQ,3632,389,39,1887,273890,273462,273501,1498
MLFQ,9613,390,58,1895,388414,387966,388024,1505
MLFQ,1283,390,29,1899,217304,216885,216914,1509
MLFQ,5178,390,78,1903,461780,461312,461390,1513
MLFQ,7805,391,70,1907,437352,436891,436961,1516
MLFQ,97,391,7,1911,9548,9150,9157,1520
MLFQ,2667,392,12,1915,47032,46628,46640,1523
MLFQ,7289,392,71,1919,437472,437009,437080,1527
MLFQ,2177,392,90,1923,486599,486117,486207,1531
MLFQ,7861,393,42,1927,300667,300232,300274,1534
MLFQ,7473,395,6,1935,9673,9272,9278,1540
MLFQ,517,395,68,1939,423013,422550,422618,1544
MLFQ,6056,397,22,1943,155199,154780,154802,1546
MLFQ,8063,400,75,1951,450732,450257,450332,1551
MLFQ,6433,402,30,1958,218538,218106,218136,1556
MLFQ,6607,403,36,1962,247734,247295,247331,1559
MLFQ,5246,404,80,1966,462203,461719,461799,1562
MLFQ,677,404,65,1970,423254,422785,422850,1566
MLFQ,7713,404,21,1974,155773,155348,155369,1570
MLFQ,2754,405,79,1978,462250,461766,461845,1573
MLFQ,1869,406,96,1986,491700,491198,491294,1580
MLFQ,3580,406,19,1990,121941,121516,121535,1584
MLFQ,4656,406,74,1994,451005,450525,450599,1588
MLFQ,486,412,64,2002,407418,406942,407006,1590
MLFQ,9209,415,9,2010,49097,48673,48682,1595
MLFQ,477,417,6,2014,10048,9625,9631,1597
MLFQ,6564,418,92,2022,486931,486421,486513,1604
MLFQ,9485,419,14,2026,86625,86192,86206,1607
MLFQ,966,419,46,2030,326414,325949,325995,1611
MLFQ,2124,419,75,2034,451141,450647,450722,1615
MLFQ,8161,421,68,2038,423655,423166,423234,1617
MLFQ,5263,421,72,2042,438234,437741,437813,1621
MLFQ,4720,422,91,2050,486966,486453,486544,1628
MLFQ,2689,423,76,2054,451177,450678,450754,1631
MLFQ,9626,427,62,2062,407563,407074,407136,1635
MLFQ,9528,430,16,2070,86833,86387,86403,1640
MLFQ,8895,432,80,2074,462540,462028,462108,1642
MLFQ,3146,436,48,2082,326582,326098,326146,1646
MLFQ,9509,437,47,2086,326593,326109,326156,1649
MLFQ,6849,437,58,2090,389928,389433,389491,1653
MLFQ,5877,437,14,2094,86907,86456,86470,1657
MLFQ,8246,440,6,2102,10450,10004,10010,1662
MLFQ,2654,441,48,2106,326653,326164,326212,1665
MLFQ,5223,441,20,2110,122754,122293,122313,1669
MLFQ,2935,442,72,2118,438370,437856,437928,1676
MLFQ,9719,444,66,2122,423817,423307,423373,1678
MLFQ,6474,445,64,2126,407702,407193,407257,1681
MLFQ,4337,446,77,2134,462629,462106,462183,1688
MLFQ,8701,446,6,2138,10609,10157,10163,1692
MLFQ,5676,446,36,2142,248945,248463,248499,1696
MLFQ,2314,448,79,2146,462644,462117,462196,1698
MLFQ,3644,451,15,2154,87143,86677,86692,1703
MLFQ,6450,452,46,2158,326786,326288,326334,1706
MLFQ,7323,453,76,2162,451351,450822,450898,1709
MLFQ,1837,454,16,2170,87239,86769,86785,1716
MLFQ,9269,456,72,2174,438465,437937,438009,1718
MLFQ,1632,458,75,2182,451386,450853,450928,1724
MLFQ,2664,459,87,2186,480557,480011,480098,1727
MLFQ,7777,462,19,2194,123092,122611,122630,1732
MLFQ,5652,463,63,2198,407870,407344,407407,1735
MLFQ,4830,464,7,2202,10926,10455,10462,1738
MLFQ,4246,464,41,2206,302539,302034,302075,1742
MLFQ,7,466,54,2214,370836,370316,370370,1748
MLFQ,7084,470,90,2218,487089,486529,486619,1748
MLFQ,6121,471,60,2226,390252,389721,389781,1755
MLFQ,3018,475,87,2234,480602,480040,480127,1759
MLFQ,2550,475,57,2238,390273,389741,389798,1763
MLFQ,9747,477,70,2242,438599,438052,438122,1765
MLFQ,5522,478,67,2246,424066,423521,423588,1768
MLFQ,9551,480,19,2254,123324,122825,122844,1774
MLFQ,1228,481,98,2258,495003,494424,494522,1777
MLFQ,8743,481,84,2262,472497,471932,472016,1781
MLFQ,1938,482,93,2266,491875,491300,491393,1784
MLFQ,8214,486,32,2274,220390,219872,219904,1788
MLFQ,1820,488,70,2282,438659,438101,438171,1794
MLFQ,3813,489,15,2286,87728,87224,87239,1797
MLFQ,4048,489,46,2290,327174,326639,326685,1801
MLFQ,8904,489,44,2294,302790,302257,302301,1805
MLFQ,5434,490,81,2298,472506,471935,472016,1808
MLFQ,7128,490,35,2302,249459,248934,248969,1812
MLFQ,3384,492,66,2310,424166,423608,423674,1818
MLFQ,9730,493,68,2314,424178,423617,423685,1821
MLFQ,9843,493,41,2318,302843,302309,302350,1825
MLFQ,5380,494,16,2322,87863,87353,87369,1828
MLFQ,7452,495,16,2330,87905,87394,87410,1835
MLFQ,5982,495,26,2334,189967,189446,189472,1839
MLFQ,8637,496,96,2338,491891,491299,491395,1842
MLFQ,9726,496,48,2342,327288,326744,326792,1846
MLFQ,4428,497,87,2346,480669,480085,480172,1849
MLFQ,5782,498,84,2350,472546,471964,472048,1852
MLFQ,9074,500,99,2358,495024,494425,494524,1858
MLFQ,6822,501,60,2362,390537,389976,390036,1861
MLFQ,116,502,53,2366,371173,370618,370671,1864
MLFQ,9438,502,76,2370,451625,451047,451123,1868
MLFQ,597,504,36,2378,249687,249147,249183,1874
MLFQ,3969,504,68,2382,424309,423737,423805,1878
MLFQ,5169,506,50,2386,350166,349610,349660,1880
MLFQ,5202,507,71,2394,438822,438244,438315,1887
MLFQ,3582,508,48,2398,327464,326908,326956,1890
MLFQ,6646,508,66,2402,424345,423771,423837,1894
MLFQ,5755,512,16,2410,88242,87714,87730,1898
MLFQ,410,512,51,2414,350234,349671,349722,1902
MLFQ,2313,514,10,2418,50901,50377,50387,1904
MLFQ,1638,514,54,2422,371321,370753,370807,1908
MLFQ,5523,515,84,2430,472631,472032,472116,1915
MLFQ,3704,517,50,2434,350315,349748,349798,1917
MLFQ,8044,519,49,2442,350332,349764,349813,1923
MLFQ,2253,521,38,2446,277381,276822,276860,1925
MLFQ,3217,522,19,2450,124115,123574,123593,1928
MLFQ,6091,523,50,2458,350354,349781,349831,1935
MLFQ,778,523,78,2462,463020,462419,462497,1939
MLFQ,6844,524,67,2466,424481,423890,423957,1942
MLFQ,1694,525,90,2470,487222,486607,486697,1945
MLFQ,9495,526,45,2474,327688,327117,327162,1948
MLFQ,2752,526,13,2478,88554,88015,88028,1952
MLFQ,1559,526,42,2482,303333,302765,302807,1956
MLFQ,9172,527,50,2490,350440,349863,349913,1963
MLFQ,4320,529,28,2494,190577,190020,190048,1965
MLFQ,1688,529,60,2498,390859,390270,390330,1969
MLFQ,4003,531,74,2506,451851,451246,451320,1975
MLFQ,6108,534,53,2510,371534,370947,371000,1976
MLFQ,5856,534,32,2514,221231,220665,220697,1980
MLFQ,2084,536,31,2522,221246,220679,220710,1986
MLFQ,1040,536,32,2526,221262,220694,220726,1990
MLFQ,346,537,87,2530,480798,480174,480261,1993
MLFQ,9694,537,23,2534,158449,157889,157912,1997
MLFQ,3261,539,69,2542,439061,438453,438522,2003
MLFQ,637,539,41,2546,303534,302954,302995,2007
MLFQ,8299,539,21,2550,158518,157958,157979,2011
MLFQ,7021,540,15,2554,88882,88327,88342,2014
MLFQ,2374,541,14,2558,88900,88345,88359,2017
MLFQ,7072,541,15,2562,88911,88355,88370,2021
MLFQ,6333,544,78,2570,463128,462506,462584,2026
MLFQ,9255,544,40,2574,277768,277184,277224,2030
MLFQ,1324,545,6,2578,12667,12116,12122,2033
MLFQ,6249,545,58,2582,391005,390402,390460,2037
MLFQ,6129,545,60,2586,391009,390404,390464,2041
MLFQ,6966,546,96,2590,491990,491348,491444,2044
MLFQ,5893,547,29,2598,221527,220951,220980,2051
MLFQ,5554,548,60,2602,391065,390457,390517,2054
MLFQ,8103,550,52,2606,350767,350165,350217,2056
MLFQ,6501,551,83,2614,472801,472167,472250,2063
MLFQ,1623,552,76,2618,451984,451356,451432,2066
MLFQ,7274,555,7,2626,12907,12345,12352,2071
MLFQ,7561,555,71,2630,439205,438579,438650,2075
MLFQ,5984,556,48,2634,328149,327545,327593,2078
MLFQ,1450,556,60,2638,391139,390523,390583,2082
MLFQ,9048,556,92,2642,487309,486661,486753,2086
MLFQ,5315,556,29,2646,221688,221103,221132,2090
MLFQ,8199,556,18,2650,124957,124383,124401,2094
MLFQ,3023,557,18,2654,124979,124404,124422,2097
MLFQ,8882,559,9,2662,52012,51444,51453,2103
MLFQ,413,559,32,2666,221755,221164,221196,2107
MLFQ,8506,560,15,2670,89416,88841,88856,2110
MLFQ,9771,560,29,2674,221792,221203,221232,2114
MLFQ,2050,560,35,2678,250710,250115,250150,2118
MLFQ,7495,561,35,2682,250741,250145,250180,2121
MLFQ,6907,564,9,2690,52161,51588,51597,2126
MLFQ,6772,564,55,2694,371968,371349,371404,2130
MLFQ,9035,565,34,2698,250783,250184,250218,2133
MLFQ,9584,565,55,2702,371975,371355,371410,2137
MLFQ,326,569,52,2710,351032,350411,350463,2141
MLFQ,4184,570,56,2714,372027,371401,371457,2144
MLFQ,2180,571,59,2722,391311,390681,390740,2151
MLFQ,1475,571,47,2726,328423,327805,327852,2155
MLFQ,5559,571,83,2730,472908,472254,472337,2159
MLFQ,2495,572,57,2734,391344,390715,390772,2162
MLFQ,4153,572,20,2738,125386,124794,124814,2166
MLFQ,6358,572,65,2742,424950,424313,424378,2170
MLFQ,7983,572,94,2746,492063,491397,491491,2174
MLFQ,6527,574,8,2750,13561,12979,12987,2176
MLFQ,367,574,93,2754,492065,491398,491491,2180
MLFQ,1813,574,57,2758,391412,390781,390838,2184
MLFQ,1730,575,80,2766,463393,462738,462818,2191
MLFQ,9522,577,58,2770,391442,390807,390865,2193
MLFQ,6443,579,68,2774,425022,424375,424443,2195
MLFQ,419,580,53,2782,372235,371602,371655,2202
MLFQ,3516,580,43,2786,304351,303728,303771,2206
MLFQ,7866,581,6,2790,13790,13203,13209,2209
MLFQ,2451,581,80,2794,463418,462757,462837,2213
MLFQ,8337,583,86,2798,480994,480325,480411,2215
MLFQ,1572,583,37,2802,278595,277975,278012,2219
MLFQ,4594,584,76,2810,452260,451600,451676,2226
MLFQ,5854,585,89,2814,487413,486739,486828,2229
MLFQ,2614,587,79,2818,463438,462772,462851,2231
MLFQ,5306,588,69,2826,439533,438876,438945,2238
MLFQ,4640,589,48,2830,328772,328135,328183,2241
MLFQ,9494,591,41,2834,304493,303861,303902,2243
MLFQ,2167,593,8,2842,14068,13467,13475,2249
MLFQ,2843,593,37,2846,278742,278112,278149,2253
MLFQ,2368,593,47,2850,328827,328187,328234,2257
MLFQ,9861,594,77,2854,463482,462811,462888,2260
MLFQ,7405,595,47,2858,328850,328208,328255,2263
MLFQ,3901,596,86,2862,481044,480362,480448,2266
MLFQ,5731,596,75,2866,452336,451665,451740,2270
MLFQ,2491,597,39,2870,278813,278177,278216,2273
MLFQ,8021,597,65,2874,425211,424549,424614,2277
MLFQ,8048,597,30,2878,222594,221967,221997,2281
MLFQ,9138,598,97,2886,495150,494455,494552,2288
MLFQ,5137,599,92,2890,487469,486778,486870,2291
MLFQ,9080,600,42,2894,304683,304041,304083,2294
MLFQ,7203,600,58,2898,391764,391106,391164,2298
MLFQ,934,600,48,2902,328990,328342,328390,2302
MLFQ,3810,602,88,2910,481102,480412,480500,2308
MLFQ,8754,603,54,2914,372582,371925,371979,2311
MLFQ,8015,604,72,2918,439682,439006,439078,2314
MLFQ,6865,604,75,2922,452419,451740,451815,2318
MLFQ,310,606,6,2930,14465,13853,13859,2324
MLFQ,4739,607,50,2934,351679,351022,351072,2327
MLFQ,5027,609,27,2938,192329,191693,191720,2329
MLFQ,2515,610,1,2946,2947,2336,2337,2336
MLFQ,2574,612,18,2947,126270,125640,125658,2335
MLFQ,3502,614,68,2955,425343,424661,424729,2341
MLFQ,1301,614,79,2959,463601,462908,462987,2345
MLFQ,7985,614,93,2963,492142,491435,491528,2349
MLFQ,4192,615,78,2967,463621,462928,463006,2352
MLFQ,4060,615,46,2971,329162,328501,328547,2356
MLFQ,7121,615,68,2975,425404,424721,424789,2360
MLFQ,5032,615,73,2979,452505,451817,451890,2364
MLFQ,5649,615,93,2983,492147,491439,491532,2368
MLFQ,5915,616,49,2987,351828,351163,351212,2371
MLFQ,6979,618,57,2995,391989,391314,391371,2377
MLFQ,1746,619,33,2999,251864,251212,251245,2380
MLFQ,3403,619,19,3003,126517,125879,125898,2384
MLFQ,5536,622,34,3011,251910,251254,251288,2389
MLFQ,9442,623,35,3015,251917,251259,251294,2392
MLFQ,8849,625,93,3019,492160,491442,491535,2394
MLFQ,5429,626,45,3027,329318,328647,328692,2401
MLFQ,4552,627,16,3031,91071,90428,90444,2404
MLFQ,3459,628,38,3035,279312,278646,278684,2407
MLFQ,1720,629,7,3039,14968,14332,14339,2410
MLFQ,3335,630,23,3047,160545,159892,159915,2417
MLFQ,1941,630,2,3051,3053,2421,2423,2421
MLFQ,2445,631,38,3053,279342,278673,278711,2422
MLFQ,9238,632,22,3057,160570,159916,159938,2425
MLFQ,2003,632,60,3061,392080,391388,391448,2429
MLFQ,9993,634,12,3069,53910,53264,53276,2435
MLFQ,4005,634,29,3073,223209,222546,222575,2439
MLFQ,1617,634,78,3077,463712,463000,463078,2443
MLFQ,392,635,87,3081,481210,480488,480575,2446
MLFQ,8933,636,53,3085,372939,372250,372303,2449
MLFQ,794,638,55,3093,372954,372261,372316,2455
MLFQ,6702,639,19,3097,126866,126208,126227,2458
MLFQ,6145,641,50,3101,352056,351365,351415,2460
MLFQ,5188,643,32,3109,223355,222680,222712,2466
MLFQ,3856,644,74,3113,452651,451933,452007,2469
MLFQ,1186,645,14,3117,91418,90759,90773,2472
MLFQ,2608,645,86,3121,481239,480508,480594,2476
MLFQ,2277,646,75,3129,452695,451974,452049,2483
MLFQ,9690,646,64,3133,409718,409008,409072,2487
MLFQ,7362,648,74,3137,452713,451991,452065,2489
MLFQ,4284,649,97,3141,495218,494472,494569,2492
MLFQ,4159,650,47,3149,329636,328939,328986,2499
MLFQ,8582,652,57,3153,392298,391589,391646,2501
MLFQ,6278,654,40,3161,279727,279033,279073,2507
MLFQ,6339,654,72,3165,440078,439352,439424,2511
MLFQ,9311,656,98,3169,495228,494474,494572,2513
MLFQ,9737,658,80,3177,463860,463122,463202,2519
MLFQ,3976,658,43,3181,305539,304838,304881,2523
MLFQ,212,659,54,3185,373238,372525,372579,2526
MLFQ,7317,659,92,3189,487650,486899,486991,2530
MLFQ,2392,659,11,3193,54637,53967,53978,2534
MLFQ,2735,660,60,3197,392414,391694,391754,2537
MLFQ,3486,660,79,3201,463891,463152,463231,2541
MLFQ,9793,660,85,3205,481321,480576,480661,2545
MLFQ,1996,661,8,3209,15905,15236,15244,2548
MLFQ,1657,661,3,3213,3216,2552,2555,2552
MLFQ,3886,661,71,3216,440163,439431,439502,2555
MLFQ,5007,662,66,3224,425846,425118,425184,2562
MLFQ,165,663,39,3228,280010,279308,279347,2565
MLFQ,2372,663,24,3232,161401,160714,160738,2569
MLFQ,8032,665,73,3236,452862,452124,452197,2571
MLFQ,5936,666,27,3244,193584,192891,192918,2578
MLFQ,765,666,4,3248,3252,2582,2586,2582
MLFQ,630,667,42,3252,305769,305060,305102,2585
MLFQ,7790,667,93,3256,492248,491488,491581,2589
MLFQ,8981,667,51,3260,352562,351844,351895,2593
MLFQ,8188,669,45,3264,330014,329300,329345,2595
MLFQ,2589,669,86,3268,481364,480609,480695,2599
MLFQ,4020,670,45,3276,330059,329344,329389,2606
MLFQ,2154,671,66,3280,425948,425211,425277,2609
MLFQ,767,671,90,3284,487691,486930,487020,2613
MLFQ,9058,671,10,3288,55113,54432,54442,2617
MLFQ,2464,671,44,3292,305901,305186,305230,2621
MLFQ,8903,671,47,3296,330105,329387,329434,2625
MLFQ,9717,672,88,3300,481392,480632,480720,2628
MLFQ,3280,674,33,3308,253016,252309,252342,2634
MLFQ,7180,677,15,3312,92437,91745,91760,2635
MLFQ,6580,678,71,3320,440351,439602,439673,2642
MLFQ,3833,679,36,3324,253060,252345,252381,2645
MLFQ,8818,680,32,3328,224282,223570,223602,2648
MLFQ,3586,680,7,3332,16522,15835,15842,2652
MLFQ,8380,680,82,3336,473495,472733,472815,2656
MLFQ,7041,681,84,3340,473499,472734,472818,2659
MLFQ,5447,681,59,3344,392736,391996,392055,2663
MLFQ,9520,684,49,3352,352787,352054,352103,2668
MLFQ,2263,685,32,3356,224367,223650,223682,2671
MLFQ,2428,685,16,3360,92633,91932,91948,2675
MLFQ,1495,686,38,3368,280456,279732,279770,2682
MLFQ,7916,686,57,3372,392787,392044,392101,2686
MLFQ,5630,687,19,3376,128182,127476,127495,2689
MLFQ,2575,687,58,3380,392809,392064,392122,2693
MLFQ,4319,687,62,3384,410236,409487,409549,2697
MLFQ,6666,687,22,3388,162018,161309,161331,2701
MLFQ,1065,688,5,3392,16814,16121,16126,2704
MLFQ,2461,689,4,3396,3400,2707,2711,2707
MLFQ,2105,689,53,3400,373730,372988,373041,2711
MLFQ,9292,689,53,3404,373735,372993,373046,2715
MLFQ,4108,689,96,3408,492307,491522,491618,2719
MLFQ,9192,690,68,3416,426185,425427,425495,2726
MLFQ,3811,690,80,3420,464153,463383,463463,2730
MLFQ,4876,691,21,3424,162174,161462,161483,2733
MLFQ,3469,692,43,3428,306332,305597,305640,2736
MLFQ,5219,692,49,3432,353006,352265,352314,2740
MLFQ,6490,693,92,3436,487779,486994,487086,2743
MLFQ,9346,694,57,3444,392947,392196,392253,2750
MLFQ,3081,695,15,3448,93039,92329,92344,2753
MLFQ,2343,697,77,3452,464189,463415,463492,2755
MLFQ,4381,698,25,3460,194384,193661,193686,2762
MLFQ,515,698,1,3464,3465,2766,2767,2766
MLFQ,180,698,83,3465,473614,472833,472916,2767
MLFQ,3489,699,6,3469,17159,16454,16460,2770
MLFQ,312,699,85,3473,481512,480728,480813,2774
MLFQ,7149,701,83,3477,473621,472837,472920,2776
MLFQ,1811,703,91,3485,487801,487007,487098,2782
MLFQ,2800,703,71,3489,440591,439817,439888,2786
MLFQ,6414,706,6,3497,17266,16554,16560,2791
MLFQ,1973,707,45,3501,330677,329925,329970,2794
MLFQ,6632,709,11,3505,56056,55336,55347,2796
MLFQ,9201,710,46,3513,330703,329947,329993,2803
MLFQ,7658,711,45,3517,330720,329964,330009,2806
MLFQ,8938,712,15,3521,93315,92588,92603,2809
MLFQ,8111,712,87,3525,481540,480741,480828,2813
MLFQ,8883,713,74,3529,453262,452475,452549,2816
MLFQ,8030,716,98,3537,495288,494474,494572,2821
MLFQ,693,716,15,3541,93398,92667,92682,2825
MLFQ,9607,716,35,3545,253750,252999,253034,2829
MLFQ,3974,717,98,3549,495292,494477,494575,2832
MLFQ,523,717,3,3553,3556,2836,2839,2836
MLFQ,4781,717,91,3556,487847,487039,487130,2839
MLFQ,4373,719,94,3564,492367,491554,491648,2845
MLFQ,3311,719,70,3568,440731,439942,440012,2849
MLFQ,7046,719,16,3572,93544,92809,92825,2853
MLFQ,4422,721,96,3576,492381,491564,491660,2855
MLFQ,6551,722,35,3583,253896,253139,253174,2861
MLFQ,6049,723,46,3587,330900,330131,330177,2864
MLFQ,4756,725,29,3591,225155,224401,224430,2866
MLFQ,2833,726,14,3597,93631,92891,92905,2871
MLFQ,1383,726,48,3601,330916,330142,330190,2875
MLFQ,6890,726,51,3605,353384,352607,352658,2879
MLFQ,7359,727,87,3609,481603,480789,480876,2882
MLFQ,2746,727,81,3613,473743,472935,473016,2886
MLFQ,512,728,40,3617,281203,280435,280475,2889
MLFQ,489,728,94,3621,492390,491568,491662,2893
MLFQ,8556,730,17,3629,129166,128419,128436,2899
MLFQ,5575,731,65,3633,426531,425735,425800,2902
MLFQ,9627,731,37,3637,281282,280514,280551,2906
MLFQ,5566,734,15,3645,93903,93154,93169,2911
MLFQ,9237,734,17,3649,129285,128534,128551,2915
MLFQ,6208,737,73,3653,453431,452621,452694,2916
MLFQ,7656,737,56,3657,374299,373506,373562,2920
MLFQ,6157,739,97,3665,495326,494490,494587,2926
MLFQ,7776,743,35,3673,254194,253416,253451,2930
MLFQ,9624,745,53,3677,374361,373563,373616,2932
MLFQ,8521,745,37,3681,281438,280656,280693,2936
MLFQ,5153,746,56,3689,374388,373586,373642,2943
MLFQ,7665,748,84,3693,473815,472983,473067,2945
MLFQ,7177,752,21,3701,163248,162475,162496,2949
MLFQ,7254,754,52,3709,353668,352862,352914,2955
MLFQ,7016,754,72,3713,440939,440113,440185,2959
MLFQ,6196,755,64,3717,410847,410028,410092,2962
MLFQ,9751,755,95,3721,492444,491594,491689,2966
MLFQ,9706,756,77,3725,464508,463675,463752,2969
MLFQ,4700,757,70,3729,440990,440163,440233,2972
MLFQ,6280,759,93,3737,492455,491603,491696,2978
MLFQ,753,760,1,3741,3742,2981,2982,2981
MLFQ,9860,760,53,3742,374549,373736,373789,2982
MLFQ,8825,760,85,3746,481739,480894,480979,2986
MLFQ,9850,761,75,3750,453603,452767,452842,2989
MLFQ,9022,765,26,3758,195539,194748,194774,2993
MLFQ,7443,766,90,3766,487994,487138,487228,3000
MLFQ,2131,767,83,3770,473921,473071,473154,3003
MLFQ,7097,767,98,3774,495354,494489,494587,3007
MLFQ,1088,768,46,3778,331510,330696,330742,3010
MLFQ,9536,768,54,3782,374689,373867,373921,3014
MLFQ,9389,768,68,3786,426884,426048,426116,3018
MLFQ,2246,769,28,3790,195684,194887,194915,3021
MLFQ,7534,769,41,3794,307470,306660,306701,3025
MLFQ,12,769,99,3798,495357,494489,494588,3029
MLFQ,1955,769,25,3802,195737,194943,194968,3033
MLFQ,703,770,58,3810,393750,392922,392980,3040
MLFQ,2861,770,59,3814,393765,392936,392995,3044
MLFQ,9921,770,56,3818,374797,373971,374027,3048
MLFQ,2760,771,28,3822,195809,195010,195038,3051
MLFQ,8734,773,87,3826,481815,480955,481042,3053
MLFQ,6150,773,10,3830,57681,56898,56908,3057
MLFQ,9154,774,40,3838,282000,281186,281226,3064
MLFQ,2192,775,47,3842,331680,330858,330905,3067
MLFQ,52,775,90,3846,488033,487168,487258,3071
MLFQ,4317,776,31,3850,226194,225387,225418,3074
MLFQ,9059,777,8,3854,19095,18310,18318,3077
MLFQ,1586,778,56,3862,374897,374063,374119,3084
MLFQ,2732,778,33,3866,254944,254133,254166,3088
MLFQ,7742,779,44,3870,307711,306888,306932,3091
MLFQ,8651,780,81,3874,474051,473190,473271,3094
MLFQ,2247,780,27,3878,196059,195252,195279,3098
MLFQ,2525,781,30,3882,226325,225514,225544,3101
MLFQ,9428,781,42,3886,307757,306934,306976,3105
MLFQ,8211,783,18,3891,130433,129632,129650,3108
MLFQ,338,784,24,3895,164137,163329,163353,3111
MLFQ,2958,785,27,3899,196114,195302,195329,3114
MLFQ,6010,786,88,3907,481868,480994,481082,3121
MLFQ,5533,787,1,3911,3912,3124,3125,3124
MLFQ,8350,788,87,3912,481871,480996,481083,3124
MLFQ,8146,789,1,3916,3917,3127,3128,3127
MLFQ,5560,790,52,3921,354289,353447,353499,3131
MLFQ,1535,791,42,3925,307840,307007,307049,3134
MLFQ,7627,792,94,3929,492514,491628,491722,3137
MLFQ,990,793,52,3933,354341,353496,353548,3140
MLFQ,9891,793,6,3937,19484,18685,18691,3144
MLFQ,9564,797,48,3945,331960,331115,331163,3148
MLFQ,5568,798,48,3953,331984,331138,331186,3155
MLFQ,9182,798,65,3957,427176,426313,426378,3159
MLFQ,9628,799,96,3961,492526,491631,491727,3162
MLFQ,8327,801,25,3965,196337,195511,195536,3164
MLFQ,3862,802,24,3973,164428,163602,163626,3171
MLFQ,1148,804,57,3977,394103,393242,393299,3173
MLFQ,6913,804,14,3981,95480,94662,94676,3177
MLFQ,8082,804,49,3985,354474,353621,353670,3181
MLFQ,1362,806,65,3989,427251,426380,426445,3183
MLFQ,4693,807,62,3993,411480,410611,410673,3186
MLFQ,4754,808,72,3997,441441,440561,440633,3189
MLFQ,7088,808,74,4001,453961,453079,453153,3193
MLFQ,7809,809,15,4009,95619,94795,94810,3200
MLFQ,7113,810,17,4013,130934,130107,130124,3203
MLFQ,5361,813,87,4017,481967,481067,481154,3204
MLFQ,994,814,82,4021,474191,473295,473377,3207
MLFQ,9813,815,91,4025,488129,487223,487314,3210
MLFQ,6103,815,9,4029,58612,57788,57797,3214
MLFQ,3749,816,42,4033,308203,307345,307387,3217
MLFQ,3952,816,79,4037,464920,464025,464104,3221
MLFQ,7327,818,80,4045,464928,464030,464110,3227
MLFQ,8279,818,15,4049,95767,94934,94949,3231
MLFQ,6755,821,61,4057,411604,410722,410783,3236
MLFQ,1127,822,89,4061,488144,487233,487322,3239
MLFQ,601,823,15,4065,95832,94994,95009,3242
MLFQ,7735,823,98,4069,495403,494482,494580,3246
MLFQ,3522,824,96,4073,492585,491665,491761,3249
MLFQ,1375,824,26,4077,196729,195879,195905,3253
MLFQ,482,825,16,4085,95928,95087,95103,3260
MLFQ,1002,827,50,4089,354746,353869,353919,3262
MLFQ,397,830,8,4097,20249,19411,19419,3267
MLFQ,2383,830,51,4101,354774,353893,353944,3271
MLFQ,1106,832,76,4105,454136,453228,453304,3273
MLFQ,8242,832,25,4109,196855,195998,196023,3277
MLFQ,9510,832,39,4113,282885,282014,282053,3281
MLFQ,7611,834,43,4121,308434,307557,307600,3287
MLFQ,6391,835,90,4125,488207,487282,487372,3290
MLFQ,7914,837,72,4133,441684,440775,440847,3296
MLFQ,6873,838,37,4137,282956,282081,282118,3299
MLFQ,9032,840,72,4141,441708,440796,440868,3301
MLFQ,4336,844,18,4149,131472,130610,130628,3305
MLFQ,2089,845,81,4157,474362,473436,473517,3312
MLFQ,6673,845,97,4161,495433,494491,494588,3316
MLFQ,873,846,21,4165,165175,164308,164329,3319
MLFQ,6875,847,92,4169,488250,487311,487403,3322
MLFQ,6516,848,57,4173,394552,393647,393704,3325
MLFQ,9400,849,83,4181,474377,473445,473528,3332
MLFQ,453,851,73,4185,454257,453333,453406,3334
MLFQ,364,853,9,4193,59343,58481,58490,3340
MLFQ,182,854,95,4197,492648,491699,491794,3343
MLFQ,2807,855,87,4201,482158,481216,481303,3346
MLFQ,5099,857,79,4209,465170,464234,464313,3352
MLFQ,4073,857,40,4213,283224,282327,282367,3356
MLFQ,7410,858,89,4217,488277,487330,487419,3359
MLFQ,3774,859,65,4221,427717,426793,426858,3362
MLFQ,2,860,95,4225,492679,491724,491819,3365
MLFQ,5241,861,58,4233,394729,393810,393868,3372
MLFQ,4281,861,49,4237,355181,354271,354320,3376
MLFQ,128,863,13,4241,96678,95802,95815,3378
MLFQ,9125,864,54,4245,375852,374934,374988,3381
MLFQ,5037,864,62,4249,412041,411115,411177,3385
MLFQ,8150,864,2,4253,4255,3389,3391,3389
MLFQ,8751,865,34,4259,256295,255396,255430,3394
MLFQ,6149,865,91,4263,488309,487353,487444,3398
MLFQ,2377,867,47,4267,332916,332002,332049,3400
MLFQ,6438,867,27,4271,197541,196647,196674,3404
MLFQ,8452,869,16,4279,96857,95972,95988,3410
MLFQ,3808,869,90,4283,488319,487360,487450,3414
MLFQ,7309,870,31,4287,227794,226893,226924,3417
MLFQ,8795,870,55,4291,375958,375033,375088,3421
MLFQ,4426,870,23,4295,165761,164868,164891,3425
MLFQ,8204,873,44,4303,309011,308094,308138,3430
MLFQ,2459,874,76,4307,454445,453495,453571,3433
MLFQ,383,876,18,4311,132225,131331,131349,3435
MLFQ,845,876,10,4315,59987,59101,59111,3439
MLFQ,7931,877,32,4321,227891,226982,227014,3444
MLFQ,6321,877,89,4325,488348,487382,487471,3448
MLFQ,77,878,10,4329,60056,59168,59178,3451
MLFQ,8963,879,59,4333,394922,393984,394043,3454
MLFQ,6459,880,5,4337,21501,20616,20621,3457
MLFQ,3404,882,35,4345,256558,255641,255676,3463
MLFQ,6134,882,85,4349,482272,481305,481390,3467
MLFQ,3647,882,38,4353,283650,282730,282768,3471
MLFQ,3024,882,70,4357,442058,441106,441176,3475
MLFQ,7104,885,35,4365,256638,255718,255753,3480
MLFQ,8809,886,32,4369,228071,227153,227185,3483
MLFQ,4920,886,95,4373,492727,491746,491841,3487
MLFQ,4421,886,29,4377,228096,227181,227210,3491
MLFQ,3670,887,21,4381,166096,165188,165209,3494
MLFQ,5963,888,28,4385,197954,197038,197066,3497
MLFQ,7941,889,50,4393,355549,354610,354660,3504
MLFQ,8322,889,64,4397,412299,411346,411410,3508
MLFQ,7889,889,17,4401,132592,131686,131703,3512
MLFQ,9622,889,99,4405,495471,494483,494582,3516
MLFQ,4604,890,42,4409,309280,308348,308390,3519
MLFQ,1783,891,56,4413,376204,375257,375313,3522
MLFQ,8483,892,8,4417,21853,20953,20961,3525
MLFQ,9195,892,5,4421,21870,20973,20978,3529
MLFQ,1395,892,87,4425,482337,481358,481445,3533
MLFQ,5584,893,6,4433,21952,21053,21059,3540
MLFQ,1637,894,40,4437,283927,282993,283033,3543
MLFQ,4618,896,87,4441,482352,481369,481456,3545
MLFQ,4017,897,85,4449,482361,481379,481464,3552
MLFQ,9200,897,40,4453,283972,283035,283075,3556
MLFQ,1634,899,35,4457,256932,255998,256033,3558
MLFQ,9716,901,12,4465,60656,59743,59755,3564
MLFQ,5882,901,93,4469,492762,491768,491861,3568
MLFQ,5470,901,16,4473,97677,96760,96776,3572
MLFQ,5244,904,50,4477,355758,354804,354854,3573
MLFQ,9006,904,74,4481,454647,453669,453743,3577
MLFQ,2446,905,68,4489,428153,427180,427248,3584
MLFQ,8828,906,57,4493,395275,394312,394369,3587
MLFQ,8639,909,37,4501,284159,283213,283250,3592
MLFQ,2947,910,47,4505,333578,332621,332668,3595
MLFQ,4402,910,63,4509,412530,411557,411620,3599
MLFQ,5980,912,62,4513,412548,411574,411636,3601
MLFQ,2917,913,84,4521,474734,473737,473821,3608
MLFQ,5616,913,9,4525,60979,60057,60066,3612
MLFQ,9173,916,81,4529,474751,473754,473835,3613
MLFQ,1604,917,12,4537,61044,60115,60127,3620
MLFQ,4187,917,92,4541,488488,487479,487571,3624
MLFQ,5781,918,33,4545,257308,256357,256390,3627
MLFQ,805,918,28,4549,198647,197701,197729,3631
MLFQ,6561,919,88,4553,482465,481458,481546,3634
MLFQ,5195,919,43,4557,309813,308851,308894,3638
MLFQ,4137,919,16,4561,98147,97212,97228,3642
MLFQ,5156,920,99,4565,495516,494497,494596,3645
MLFQ,1338,920,42,4569,309869,308907,308949,3649
MLFQ,7331,920,89,4573,488501,487492,487581,3653
MLFQ,1317,920,83,4577,474821,473818,473901,3657
MLFQ,9815,922,69,4585,442481,441490,441559,3663
MLFQ,965,922,73,4589,454866,453871,453944,3667
MLFQ,6769,922,50,4593,356189,355217,355267,3671
MLFQ,4083,922,90,4597,488519,487507,487597,3675
MLFQ,2593,923,51,4601,356212,355238,355289,3678
MLFQ,5105,923,87,4605,482516,481506,481593,3682
MLFQ,5297,924,14,4609,98397,97459,97473,3685
MLFQ,5976,924,77,4613,465695,464694,464771,3689
MLFQ,648,924,84,4617,474871,473863,473947,3693
MLFQ,4916,926,8,4625,22967,22033,22041,3699
MLFQ,602,928,46,4629,334009,333035,333081,3701
MLFQ,9159,929,55,4637,376855,375871,375926,3708
MLFQ,3411,929,28,4641,199025,198068,198096,3712
MLFQ,2924,929,34,4645,257675,256712,256746,3716
MLFQ,4877,931,87,4649,482558,481540,481627,3718
MLFQ,1530,933,62,4657,412921,411926,411988,3724
MLFQ,2709,933,78,4661,465766,464755,464833,3728
MLFQ,2845,935,27,4665,199156,198194,198221,3730
MLFQ,5045,935,24,4669,167371,166412,166436,3734
MLFQ,1377,936,94,4673,492859,491829,491923,3737
MLFQ,7474,938,65,4681,428607,427604,427669,3743
MLFQ,8526,939,88,4685,482597,481570,481658,3746
MLFQ,7313,940,57,4689,395799,394802,394859,3749
MLFQ,8523,941,49,4697,356445,355455,355504,3756
MLFQ,5118,941,97,4701,495558,494520,494617,3760
MLFQ,6238,942,77,4705,465819,464800,464877,3763
MLFQ,1128,943,15,4709,98864,97906,97921,3766
MLFQ,7200,943,27,4713,199332,198362,198389,3770
MLFQ,2975,946,78,4721,465841,464817,464895,3775
MLFQ,8163,946,91,4725,488595,487558,487649,3779
MLFQ,5168,946,57,4729,395873,394870,394927,3783
MLFQ,7122,947,1,4733,4734,3786,3787,3786
MLFQ,6901,947,60,4734,395881,394874,394934,3787
MLFQ,2661,948,39,4738,285001,284014,284053,3790
MLFQ,969,950,63,4746,413079,412066,412129,3796
MLFQ,1078,951,9,4750,62080,61120,61129,3799
MLFQ,9298,952,83,4754,475020,473985,474068,3802
MLFQ,553,953,20,4762,134257,133284,133304,3809
MLFQ,6662,954,66,4766,428728,427708,427774,3812
MLFQ,4063,954,59,4770,395961,394948,395007,3816
MLFQ,1409,954,47,4774,334427,333426,333473,3820
MLFQ,1675,955,35,4778,258141,257151,257186,3823
MLFQ,1748,956,80,4782,465913,464877,464957,3826
MLFQ,1669,956,11,4786,62281,61314,61325,3830
MLFQ,266,956,61,4790,413166,412149,412210,3834
MLFQ,4122,956,26,4794,199635,198653,198679,3838
MLFQ,8504,957,70,4802,442814,441787,441857,3845
MLFQ,9841,958,49,4806,356733,355726,355775,3848
MLFQ,1552,959,19,4810,134464,133486,133505,3851
MLFQ,4705,961,24,4815,167957,166972,166996,3854
MLFQ,2083,963,44,4819,310636,309629,309673,3856
MLFQ,1880,963,12,4823,62452,61477,61489,3860
MLFQ,7232,964,10,4827,62458,61484,61494,3863
MLFQ,7940,966,74,4835,455223,454183,454257,3869
MLFQ,8190,966,82,4839,475110,474062,474144,3873
MLFQ,1062,966,25,4843,199791,198800,198825,3877
MLFQ,7888,966,46,4847,334594,333582,333628,3881
MLFQ,7722,968,97,4851,495595,494530,494627,3883
MLFQ,8317,968,48,4855,334614,333598,333646,3887
MLFQ,1751,968,69,4859,442887,441850,441919,3891
MLFQ,4842,969,20,4867,134649,133660,133680,3898
MLFQ,6815,969,69,4871,442900,441862,441931,3902
MLFQ,6828,969,26,4875,199901,198906,198932,3906
MLFQ,4763,972,29,4879,229970,228969,228998,3907
MLFQ,3314,972,78,4883,466017,464967,465045,3911
MLFQ,8676,973,64,4891,413327,412290,412354,3918
MLFQ,4561,974,29,4895,230035,229032,229061,3921
MLFQ,1412,974,34,4899,258517,257509,257543,3925
MLFQ,7844,974,15,4903,99678,98689,98704,3929
MLFQ,7872,975,9,4907,62784,61800,61809,3932
MLFQ,4234,975,51,4911,356951,355925,355976,3936
MLFQ,8923,976,54,4915,377464,376434,376488,3939
MLFQ,316,980,38,4923,285559,284541,284579,3943
MLFQ,5697,983,7,4931,24480,23490,23497,3948
MLFQ,1543,984,5,4935,24495,23506,23511,3951
MLFQ,999,984,83,4939,475205,474138,474221,3955
MLFQ,4661,985,81,4947,475220,474154,474235,3962
MLFQ,8823,986,58,4951,396329,395285,395343,3965
MLFQ,1801,986,80,4955,466125,465059,465139,3969
MLFQ,1944,987,6,4959,24633,23640,23646,3972
MLFQ,2719,987,57,4963,396357,395313,395370,3976
MLFQ,2826,987,94,4967,492956,491875,491969,3980
MLFQ,6581,988,64,4971,413509,412457,412521,3983
MLFQ,1523,988,74,4975,455435,454373,454447,3987
MLFQ,2840,989,55,4983,377669,376625,376680,3994
MLFQ,6304,989,94,4987,492960,491877,491971,3998
MLFQ,4045,990,77,4991,466182,465115,465192,4001
MLFQ,4140,991,7,4995,24800,23802,23809,4004
MLFQ,3626,992,26,4999,200413,199395,199421,4007
MLFQ,5949,992,5,5003,24841,23844,23849,4011
MLFQ,7582,992,82,5007,475302,474228,474310,4015
MLFQ,9218,992,74,5011,455487,454421,454495,4019
MLFQ,9780,994,70,5019,443156,442092,442162,4025
MLFQ,67,995,37,5023,285905,284873,284910,4028
MLFQ,6001,996,14,5027,100249,99239,99253,4031
MLFQ,6504,997,59,5035,396493,395437,395496,4038
MLFQ,3633,999,97,5039,495628,494532,494629,4040
MLFQ,1829,1000,90,5043,488768,487678,487768,4043
MLFQ,4712,1001,30,5051,230587,229556,229586,4050
MLFQ,5515,1001,93,5055,492992,491898,491991,4054
MLFQ,4674,1003,11,5059,63507,62493,62504,4056
MLFQ,9378,1004,45,5063,335230,334181,334226,4059
MLFQ,1470,1007,69,5071,443226,442150,442219,4064
MLFQ,6312,1007,65,5075,429262,428190,428255,4068
MLFQ,6297,1008,73,5079,455576,454495,454568,4071
MLFQ,4581,1008,96,5083,493013,491909,492005,4075
MLFQ,7366,1009,5,5091,25265,24251,24256,4082
MLFQ,4806,1012,59,5095,396620,395549,395608,4083
MLFQ,2024,1012,69,5099,443269,442188,442257,4087
MLFQ,7248,1013,58,5107,396642,395571,395629,4094
MLFQ,2349,1013,30,5111,230817,229774,229804,4098
MLFQ,7784,1014,62,5115,413770,412694,412756,4101
MLFQ,3809,1014,8,5119,25396,24374,24382,4105
MLFQ,4653,1015,44,5123,311531,310472,310516,4108
MLFQ,4957,1015,94,5127,493019,491910,492004,4112
MLFQ,663,1015,15,5131,100719,99689,99704,4116
MLFQ,5322,1016,4,5135,5139,4119,4123,4119
MLFQ,70,1016,90,5139,488819,487713,487803,4123
MLFQ,6203,1016,21,5143,169217,168180,168201,4127
MLFQ,6788,1017,55,5151,378015,376943,376998,4134
MLFQ,2389,1019,33,5155,259350,258298,258331,4136
MLFQ,8652,1019,42,5159,311612,310551,310593,4140
MLFQ,59,1021,88,5167,482976,481867,481955,4146
MLFQ,8993,1025,85,5175,482989,481879,481964,4150
MLFQ,114,1028,96,5179,493043,491919,492015,4151
MLFQ,3883,1029,93,5187,493044,491922,492015,4158
MLFQ,5613,1030,23,5191,169435,168382,168405,4161
MLFQ,7602,1030,77,5195,466435,465328,465405,4165
MLFQ,7417,1030,28,5199,201132,200074,200102,4169
MLFQ,6111,1032,25,5203,201149,200092,200117,4171
MLFQ,4882,1032,40,5207,286456,285384,285424,4175
MLFQ,5516,1033,37,5215,286473,285403,285440,4182
MLFQ,4288,1036,55,5219,378174,377083,377138,4183
MLFQ,6692,1036,84,5223,475523,474403,474487,4187
MLFQ,2331,1037,42,5231,311829,310750,310792,4194
MLFQ,9329,1040,69,5235,443483,442374,442443,4195
MLFQ,1484,1040,59,5239,396926,395827,395886,4199
MLFQ,7277,1040,18,5243,136247,135189,135207,4203
MLFQ,6989,1044,95,5251,493059,491920,492015,4207
MLFQ,283,1045,47,5259,335754,334662,334709,4214
MLFQ,5720,1045,95,5263,493064,491924,492019,4218
MLFQ,9071,1046,95,5267,493067,491926,492021,4221
MLFQ,4785,1048,21,5271,169749,168680,168701,4223
MLFQ,2078,1048,7,5275,26143,25088,25095,4227
MLFQ,1549,1050,70,5280,443551,442431,442501,4230
MLFQ,9443,1050,72,5284,443563,442441,442513,4234
MLFQ,4488,1051,34,5288,259814,258729,258763,4237
MLFQ,9245,1054,38,5296,286743,285651,285689,4242
MLFQ,2927,1054,83,5300,475573,474436,474519,4246
MLFQ,7785,1054,22,5304,169890,168814,168836,4250
MLFQ,9863,1055,67,5308,429670,428548,428615,4253
MLFQ,1756,1058,33,5316,259949,258858,258891,4258
MLFQ,5484,1058,94,5320,493089,491937,492031,4262
MLFQ,141,1059,28,5324,201657,200570,200598,4265
MLFQ,306,1060,89,5328,488950,487801,487890,4268
MLFQ,536,1062,22,5336,170064,168980,169002,4274
MLFQ,820,1062,4,5340,5344,4278,4282,4278
MLFQ,859,1063,60,5344,397188,396065,396125,4281
MLFQ,935,1065,39,5352,286970,285866,285905,4287
MLFQ,466,1066,45,5356,336056,334945,334990,4290
MLFQ,5888,1067,3,5360,5363,4293,4296,4293
MLFQ,7899,1067,87,5363,483141,481987,482074,4296
MLFQ,8038,1069,58,5371,397231,396104,396162,4302
MLFQ,304,1069,64,5375,414295,413162,413226,4306
MLFQ,6572,1070,90,5379,488975,487815,487905,4309
MLFQ,7553,1070,87,5383,483160,482003,482090,4313
MLFQ,1923,1072,49,5387,358199,357078,357127,4315
MLFQ,3354,1072,13,5391,101882,100797,100810,4319
MLFQ,5449,1073,3,5399,5402,4326,4329,4326
MLFQ,4684,1073,24,5402,170304,169207,169231,4329
MLFQ,9064,1074,91,5406,488986,487821,487912,4332
MLFQ,6812,1074,37,5410,287138,286027,286064,4336
MLFQ,7806,1075,65,5414,429871,428731,428796,4339
MLFQ,7061,1075,70,5418,443787,442642,442712,4343
MLFQ,8010,1075,67,5422,429886,428744,428811,4347
MLFQ,705,1077,62,5430,414395,413256,413318,4353
MLFQ,8120,1079,17,5434,137081,135985,136002,4355
MLFQ,9475,1079,51,5438,358317,357187,357238,4359
MLFQ,5357,1079,30,5442,232006,230897,230927,4363
MLFQ,8035,1079,9,5446,65320,64232,64241,4367
MLFQ,2358,1080,4,5450,5454,4370,4374,4370
MLFQ,6895,1081,18,5458,137179,136080,136098,4377
MLFQ,409,1081,40,5462,287286,286165,286205,4381
MLFQ,8855,1088,59,5470,397426,396279,396338,4382
MLFQ,3090,1088,16,5474,102232,101128,101144,4386
MLFQ,2639,1089,66,5482,429971,428816,428882,4393
MLFQ,6719,1093,16,5490,102307,101198,101214,4397
MLFQ,4100,1093,25,5494,202247,201129,201154,4401
MLFQ,4843,1094,82,5498,475779,474603,474685,4404
MLFQ,4263,1094,25,5502,202276,201157,201182,4408
MLFQ,9472,1095,7,5506,27242,26140,26147,4411
MLFQ,7185,1095,59,5510,397513,396359,396418,4415
MLFQ,4526,1096,46,5514,336440,335298,335344,4418
MLFQ,7398,1096,23,5518,170713,169594,169617,4422
MLFQ,3111,1098,25,5526,202345,201222,201247,4428
MLFQ,8372,1098,25,5530,202354,201231,201256,4432
MLFQ,6946,1098,72,5534,443948,442778,442850,4436
MLFQ,1515,1098,43,5538,312748,311607,311650,4440
MLFQ,2627,1098,8,5542,27406,26300,26308,4444
MLFQ,6567,1099,28,5546,202417,201290,201318,4447
MLFQ,9422,1100,27,5550,202424,201297,201324,4450
MLFQ,1950,1100,98,5554,495730,494532,494630,4454
MLFQ,6638,1101,10,5562,65849,64738,64748,4461
MLFQ,3328,1102,53,5566,379010,377855,377908,4464
MLFQ,8047,1102,78,5570,466855,465675,465753,4468
MLFQ,7956,1103,24,5574,170956,169829,169853,4471
MLFQ,3571,1104,46,5578,336642,335492,335538,4474
MLFQ,5872,1104,52,5582,358685,357529,357581,4478
MLFQ,8224,1105,24,5590,171042,169913,169937,4485
MLFQ,3471,1105,40,5594,287731,286586,286626,4489
MLFQ,4771,1106,82,5598,475900,474712,474794,4492
MLFQ,7290,1108,43,5602,312997,311846,311889,4494
MLFQ,7510,1109,58,5610,397750,396583,396641,4501
MLFQ,9895,1110,59,5614,397761,396592,396651,4504
MLFQ,9650,1115,11,5622,66189,65063,65074,4507
MLFQ,3383,1116,31,5626,232675,231528,231559,4510
MLFQ,9903,1116,34,5630,260998,259848,259882,4514
MLFQ,4430,1117,4,5638,5642,4521,4525,4521
MLFQ,9790,1118,15,5642,103019,101886,101901,4524
MLFQ,968,1120,44,5646,313134,311970,312014,4526
MLFQ,496,1122,45,5654,336874,335707,335752,4532
MLFQ,2342,1124,83,5658,475958,474751,474834,4534
MLFQ,3225,1124,27,5662,202899,201748,201775,4538
MLFQ,8281,1124,66,5666,430314,429124,429190,4542
MLFQ,2594,1125,79,5674,467009,465805,465884,4549
MLFQ,6799,1125,45,5678,336958,335788,335833,4553
MLFQ,1964,1125,5,5682,28155,27025,27030,4557
MLFQ,5762,1128,59,5686,397930,396743,396802,4558
MLFQ,7095,1129,32,5694,232925,231764,231796,4565
MLFQ,7027,1129,22,5698,171513,170362,170384,4569
MLFQ,8284,1129,32,5702,232941,231780,231812,4573
MLFQ,5576,1129,97,5706,495764,494538,494635,4577
MLFQ,2885,1130,27,5710,203080,201923,201950,4580
MLFQ,6261,1131,5,5714,28287,27151,27156,4583
MLFQ,6980,1132,53,5718,379354,378169,378222,4586
MLFQ,3488,1132,91,5722,489165,487942,488033,4590
MLFQ,5833,1133,87,5726,483418,482198,482285,4593
MLFQ,3781,1134,95,5730,493258,492029,492124,4596
MLFQ,4413,1134,20,5734,138359,137205,137225,4600
MLFQ,4198,1135,80,5738,467076,465861,465941,4603
MLFQ,1466,1136,24,5746,171680,170520,170544,4610
MLFQ,2385,1136,68,5750,430454,429250,429318,4614
MLFQ,3067,1137,13,5754,103511,102361,102374,4617
MLFQ,2670,1138,18,5758,138467,137311,137329,4620
MLFQ,5548,1140,29,5766,233126,231957,231986,4626
MLFQ,3011,1140,34,5770,261417,260243,260277,4630
MLFQ,5371,1141,46,5774,337161,335974,336020,4633
MLFQ,4205,1141,85,5778,483440,482214,482299,4637
MLFQ,2902,1141,46,5782,337210,336023,336069,4641
MLFQ,9767,1145,91,5790,489197,487961,488052,4645
MLFQ,9276,1146,80,5794,467148,465922,466002,4648
MLFQ,368,1148,24,5802,171919,170747,170771,4654
MLFQ,404,1150,14,5806,103758,102594,102608,4656
MLFQ,3608,1151,22,5810,171953,170780,170802,4659
MLFQ,248,1154,89,5818,489202,487959,488048,4664
MLFQ,8407,1155,78,5822,467167,465934,466012,4667
MLFQ,8538,1156,68,5826,430577,429353,429421,4670
MLFQ,9286,1159,41,5830,313665,312465,312506,4671
MLFQ,2793,1159,75,5834,456593,455359,455434,4675
MLFQ,7813,1159,67,5838,430592,429366,429433,4679
MLFQ,9465,1160,71,5846,444461,443230,443301,4686
MLFQ,4906,1161,35,5850,261712,260516,260551,4689
MLFQ,6674,1164,15,5858,103949,102770,102785,4694
MLFQ,7081,1164,31,5862,233465,232270,232301,4698
MLFQ,7516,1164,74,5866,456643,455405,455479,4702
MLFQ,1344,1165,62,5870,415237,414010,414072,4705
MLFQ,5600,1167,69,5874,444491,443255,443324,4707
MLFQ,535,1167,60,5878,398310,397083,397143,4711
MLFQ,6464,1168,8,5886,29085,27909,27917,4718
MLFQ,2382,1169,3,5890,5893,4721,4724,4721
MLFQ,4896,1170,98,5893,495803,494535,494633,4723
MLFQ,2466,1171,68,5897,430692,429453,429521,4726
MLFQ,6116,1172,90,5905,489260,487998,488088,4733
MLFQ,6389,1173,86,5909,483548,482289,482375,4736
MLFQ,7515,1174,20,5913,139085,137891,137911,4739
MLFQ,5562,1174,40,5917,288715,287501,287541,4743
MLFQ,7382,1176,99,5925,495819,494544,494643,4749
MLFQ,1858,1177,38,5929,288749,287534,287572,4752
MLFQ,2110,1179,44,5933,313939,312716,312760,4754
MLFQ,8691,1181,51,5941,359566,358334,358385,4760
MLFQ,5432,1181,36,5945,262016,260799,260835,4764
MLFQ,3795,1184,92,5953,489287,488011,488103,4769
MLFQ,319,1184,81,5957,476229,474964,475045,4773
MLFQ,18,1184,18,5961,139291,138089,138107,4777
MLFQ,5250,1184,6,5965,29470,28280,28286,4781
MLFQ,9169,1184,79,5969,467340,466077,466156,4785
MLFQ,2765,1185,51,5973,359650,358414,358465,4788
MLFQ,4535,1186,23,5977,172600,171391,171414,4791
MLFQ,8733,1186,33,5981,262143,260924,260957,4795
MLFQ,9594,1189,36,5989,262184,260959,260995,4800
MLFQ,6732,1189,34,5993,262198,260975,261009,4804
MLFQ,8988,1189,33,5997,262211,260989,261022,4808
MLFQ,5410,1191,79,6001,467390,466120,466199,4810
MLFQ,5524,1191,74,6005,456833,455568,455642,4814
MLFQ,558,1191,76,6009,456841,455574,455650,4818
MLFQ,5176,1192,33,6017,262277,261052,261085,4825
MLFQ,8926,1193,99,6021,495847,494555,494654,4828
MLFQ,8629,1195,58,6025,398608,397355,397413,4830
MLFQ,3444,1196,44,6033,314264,313024,313068,4837
MLFQ,7242,1196,86,6037,483674,482392,482478,4841
MLFQ,9557,1198,53,6041,380109,378858,378911,4843
MLFQ,1794,1198,16,6045,104835,103621,103637,4847
MLFQ,3877,1200,86,6053,483688,482402,482488,4853
MLFQ,956,1202,54,6057,380146,378890,378944,4855
MLFQ,9875,1203,64,6061,415641,414374,414438,4858
MLFQ,5918,1203,63,6065,415656,414390,414453,4862
MLFQ,6332,1204,68,6073,431036,429764,429832,4869
MLFQ,4116,1205,18,6077,139821,138598,138616,4872
MLFQ,1052,1205,62,6081,415685,414418,414480,4876
MLFQ,3021,1207,66,6085,431048,429775,429841,4878
MLFQ,8080,1209,2,6093,6095,4884,4886,4884
MLFQ,7215,1209,54,6095,380244,378981,379035,4886
MLFQ,6818,1211,88,6099,483701,482402,482490,4888
MLFQ,9462,1211,10,6103,68432,67211,67221,4892
MLFQ,5184,1211,36,6107,262610,261363,261399,4896
MLFQ,9482,1212,71,6115,444871,443588,443659,4903
MLFQ,6029,1212,43,6119,314541,313286,313329,4907
MLFQ,598,1214,38,6123,289401,288149,288187,4909
MLFQ,7633,1214,90,6127,489392,488088,488178,4913
MLFQ,4758,1216,32,6133,234488,233240,233272,4917
MLFQ,276,1218,44,6137,314577,313315,313359,4919
MLFQ,1403,1218,92,6141,489404,488094,488186,4923
MLFQ,7604,1220,24,6149,173314,172070,172094,4929
MLFQ,7436,1221,77,6153,467565,466267,466344,4932
MLFQ,7676,1222,51,6157,360157,358884,358935,4935
MLFQ,6334,1223,46,6161,338253,336984,337030,4938
MLFQ,8237,1224,31,6169,234603,233348,233379,4945
MLFQ,3078,1227,21,6173,173419,172171,172192,4946
MLFQ,3168,1228,49,6177,360211,358934,358983,4949
MLFQ,1761,1229,27,6183,204852,203596,203623,4954
MLFQ,5832,1230,12,6187,68800,67558,67570,4957
MLFQ,4088,1230,10,6191,68814,67574,67584,4961
MLFQ,4250,1230,4,6195,6199,4965,4969,4965
MLFQ,7825,1231,55,6199,380451,379165,379220,4968
MLFQ,5334,1231,27,6203,204900,203642,203669,4972
MLFQ,8156,1231,13,6207,105508,104264,104277,4976
MLFQ,8613,1232,47,6211,338350,337071,337118,4979
MLFQ,9532,1234,80,6219,467637,466323,466403,4985
MLFQ,4340,1234,66,6223,431262,429962,430028,4989
MLFQ,6916,1235,27,6227,204975,203713,203740,4992
MLFQ,3134,1238,35,6235,262981,261708,261743,4997
MLFQ,7257,1238,67,6239,431305,430000,430067,5001
MLFQ,1767,1239,66,6243,431311,430006,430072,5004
MLFQ,1236,1240,5,6247,30880,29635,29640,5007
MLFQ,1963,1241,34,6255,263063,261788,261822,5014
MLFQ,9178,1241,83,6259,476533,475209,475292,5018
MLFQ,7697,1242,71,6263,445111,443798,443869,5021
MLFQ,5122,1243,89,6267,489486,488154,488243,5024
MLFQ,8632,1244,48,6271,338586,337294,337342,5027
MLFQ,8708,1245,7,6279,31055,29803,29810,5034
MLFQ,2227,1246,13,6283,105857,104598,104611,5037
MLFQ,948,1248,85,6287,483862,482529,482614,5039
MLFQ,5478,1248,29,6291,235030,233753,233782,5043
MLFQ,1940,1249,3,6299,6302,5050,5053,5050
MLFQ,10000,1249,80,6302,467746,466417,466497,5053
MLFQ,4498,1251,25,6306,205336,204060,204085,5055
MLFQ,1242,1252,73,6310,457260,455935,456008,5058
MLFQ,714,1252,1,6314,6315,5062,5063,5062
MLFQ,4351,1252,74,6315,457262,455936,456010,5063
MLFQ,614,1256,80,6323,467754,466418,466498,5067
MLFQ,2270,1256,68,6327,431486,430162,430230,5071
MLFQ,4245,1257,79,6335,467769,466433,466512,5078
MLFQ,4143,1258,85,6339,483878,482535,482620,5081
MLFQ,8434,1259,10,6343,69548,68279,68289,5084
MLFQ,7662,1259,67,6347,431533,430207,430274,5088
MLFQ,4592,1260,73,6351,457321,455988,456061,5091
MLFQ,4963,1260,79,6355,467807,466468,466547,5095
MLFQ,4237,1262,33,6363,263487,262192,262225,5101
MLFQ,9817,1264,89,6367,489542,488189,488278,5103
MLFQ,1482,1265,44,6375,315342,314033,314077,5110
MLFQ,1645,1266,56,6379,380950,379628,379684,5113
MLFQ,36,1267,10,6383,69758,68481,68491,5116
MLFQ,5038,1268,26,6387,205661,204367,204393,5119
MLFQ,5245,1269,25,6395,205670,204376,204401,5126
MLFQ,4962,1269,3,6399,6402,5130,5133,5130
MLFQ,6175,1269,97,6402,495916,494550,494647,5133
MLFQ,3740,1271,44,6406,315428,314113,314157,5135
MLFQ,4524,1273,13,6414,106444,105158,105171,5141
MLFQ,1747,1274,21,6418,174396,173101,173122,5144
MLFQ,791,1276,10,6422,69908,68622,68632,5146
MLFQ,1149,1279,2,6430,6432,5151,5153,5151
MLFQ,2592,1283,80,6436,467905,466542,466622,5153
MLFQ,2391,1283,52,6440,360932,359597,359649,5157
MLFQ,5191,1283,54,6444,381084,379747,379801,5161
MLFQ,9387,1284,78,6448,467913,466551,466629,5164
MLFQ,9919,1285,64,6456,416420,415071,415135,5171
MLFQ,1894,1286,7,6460,31935,30642,30649,5174
MLFQ,9789,1287,37,6464,290504,289180,289217,5177
MLFQ,4299,1289,92,6472,489611,488230,488322,5183
MLFQ,1399,1290,53,6476,381187,379844,379897,5186
MLFQ,174,1291,29,6480,235749,234429,234458,5189
MLFQ,9497,1292,98,6484,495934,494544,494642,5192
MLFQ,3618,1293,88,6492,484006,482625,482713,5199
MLFQ,8421,1293,62,6496,416530,415175,415237,5203
MLFQ,6938,1294,36,6500,263967,262637,262673,5206
MLFQ,822,1296,86,6504,484014,482632,482718,5208
MLFQ,3407,1296,78,6508,467996,466622,466700,5212
MLFQ,9004,1298,32,6516,235888,234558,234590,5218
MLFQ,6075,1299,86,6520,484028,482643,482729,5221
MLFQ,1913,1300,83,6524,476798,475415,475498,5224
MLFQ,5835,1301,61,6532,416615,415253,415314,5231
MLFQ,1168,1301,95,6536,493565,492169,492264,5235
MLFQ,5213,1301,82,6540,476815,475432,475514,5239
MLFQ,1165,1304,56,6544,381379,380019,380075,5240
MLFQ,3725,1306,14,6552,107046,105726,105740,5246
MLFQ,155,1306,56,6556,381419,380057,380113,5250
MLFQ,8635,1306,85,6560,484066,482675,482760,5254
MLFQ,3005,1307,20,6564,141891,140564,140584,5257
MLFQ,8169,1308,46,6568,339513,338159,338205,5260
MLFQ,1137,1308,56,6572,381471,380107,380163,5264
MLFQ,6993,1308,67,6576,431992,430617,430684,5268
MLFQ,8149,1309,37,6584,290986,289640,289677,5275
MLFQ,4883,1311,27,6588,206499,205161,205188,5277
MLFQ,5401,1312,88,6592,484103,482703,482791,5280
MLFQ,1433,1312,65,6596,432034,430657,430722,5284
MLFQ,8509,1312,60,6600,399983,398611,398671,5288
MLFQ,7551,1313,64,6608,416787,415410,415474,5295
MLFQ,1925,1316,94,6612,493603,492193,492287,5296
MLFQ,9763,1316,73,6616,457711,456322,456395,5300
MLFQ,3224,1316,37,6620,291118,289765,289802,5304
MLFQ,7241,1316,58,6624,400038,398664,398722,5308
MLFQ,5830,1317,48,6632,339718,338353,338401,5315
MLFQ,4204,1319,69,6636,445715,444327,444396,5317
MLFQ,6943,1322,73,6644,457740,456345,456418,5322
MLFQ,573,1324,15,6648,107536,106197,106212,5324
MLFQ,2790,1325,61,6656,416895,415509,415570,5331
MLFQ,7693,1325,23,6660,175447,174099,174122,5335
MLFQ,7686,1325,48,6664,339821,338448,338496,5339
MLFQ,9450,1329,71,6672,445778,444378,444449,5343
MLFQ,9544,1331,18,6676,142411,141062,141080,5345
MLFQ,726,1331,60,6680,400152,398761,398821,5349
MLFQ,1213,1333,45,6688,339887,338509,338554,5355
MLFQ,6421,1334,90,6692,489732,488308,488398,5358
MLFQ,5644,1335,94,6696,493632,492203,492297,5361
MLFQ,3794,1337,37,6704,291402,290028,290065,5367
MLFQ,4165,1338,14,6708,107787,106435,106449,5370
MLFQ,5678,1340,55,6712,381812,380417,380472,5372
MLFQ,9490,1340,81,6716,476982,475561,475642,5376
MLFQ,7853,1341,73,6724,457846,456432,456505,5383
MLFQ,1260,1341,33,6728,264837,263463,263496,5387
MLFQ,901,1342,8,6732,33305,31955,31963,5390
MLFQ,5354,1342,88,6736,484200,482770,482858,5394
MLFQ,1956,1343,85,6740,484205,482777,482862,5397
MLFQ,8642,1344,46,6744,340041,338651,338697,5400
MLFQ,2736,1348,87,6752,484216,482781,482868,5404
MLFQ,7993,1349,62,6760,417062,415651,415713,5411
MLFQ,5293,1353,29,6768,236871,235489,235518,5415
MLFQ,7096,1353,87,6772,484231,482791,482878,5419
MLFQ,8074,1353,24,6776,175885,174508,174532,5423
MLFQ,626,1353,57,6780,400352,398942,398999,5427
MLFQ,2816,1356,17,6784,142855,141482,141499,5428
MLFQ,6962,1356,42,6788,316715,315317,315359,5432
MLFQ,7783,1356,38,6792,291682,290288,290326,5436
MLFQ,5905,1357,59,6800,400399,398983,399042,5443
MLFQ,8968,1359,13,6804,108223,106851,106864,5445
MLFQ,9912,1359,87,6808,484254,482808,482895,5449
MLFQ,9493,1361,1,6816,6817,5455,5456,5455
MLFQ,3802,1361,18,6817,143009,141630,141648,5456
MLFQ,3591,1363,58,6821,400442,399021,399079,5458
MLFQ,8041,1363,19,6825,143040,141658,141677,5462
MLFQ,5974,1364,69,6829,445985,444552,444621,5465
MLFQ,3767,1364,30,6833,237137,235743,235773,5469
MLFQ,513,1365,93,6840,493662,492204,492297,5475
MLFQ,567,1365,91,6844,489807,488351,488442,5479
MLFQ,5412,1366,2,6848,6850,5482,5484,5482
MLFQ,1834,1367,1,6850,6851,5483,5484,5483
MLFQ,5060,1367,6,6851,33852,32479,32485,5484
MLFQ,4927,1371,16,6859,108466,107079,107095,5488
MLFQ,9699,1374,90,6867,489825,488361,488451,5493
MLFQ,5431,1375,51,6871,362158,360732,360783,5496
MLFQ,2294,1376,40,6875,291966,290550,290590,5499
MLFQ,9888,1377,7,6883,34022,32638,32645,5506
MLFQ,2677,1377,77,6887,468428,466974,467051,5510
MLFQ,3231,1378,24,6891,176341,174939,174963,5513
MLFQ,5477,1378,87,6895,484312,482847,482934,5517
MLFQ,8592,1379,49,6899,362211,360783,360832,5520
MLFQ,3526,1380,8,6903,34113,32725,32733,5523
MLFQ,1398,1380,15,6907,108657,107262,107277,5527
MLFQ,3110,1381,86,6915,484331,482864,482950,5534
MLFQ,6452,1381,16,6919,108697,107300,107316,5538
MLFQ,2119,1382,29,6923,237433,236022,236051,5541
MLFQ,4958,1384,58,6927,400668,399226,399284,5543
MLFQ,9831,1384,25,6931,207780,206371,206396,5547
MLFQ,8225,1386,17,6939,143467,142064,142081,5553
MLFQ,7564,1386,52,6943,362319,360881,360933,5557
MLFQ,1200,1386,8,6947,34310,32916,32924,5561
MLFQ,1153,1387,50,6951,362341,360904,360954,5564
MLFQ,7600,1387,26,6955,207869,206456,206482,5568
MLFQ,6324,1388,12,6959,72377,70977,70989,5571
MLFQ,9417,1388,22,6963,176611,175201,175223,5575
MLFQ,1831,1388,43,6967,317228,315797,315840,5579
MLFQ,1577,1389,8,6975,34443,33046,33054,5586
MLFQ,9998,1389,13,6979,108938,107536,107549,5590
MLFQ,1373,1389,67,6983,432668,431212,431279,5594
MLFQ,1743,1390,13,6987,108999,107596,107609,5597
MLFQ,5585,1390,66,6991,432682,431226,431292,5601
MLFQ,9620,1391,47,6995,340721,339283,339330,5604
MLFQ,5677,1391,87,6999,484406,482928,483015,5608
MLFQ,7178,1392,21,7003,176802,175389,175410,5611
MLFQ,1684,1394,21,7011,176835,175420,175441,5617
MLFQ,7793,1394,49,7015,362516,361073,361122,5621
MLFQ,7304,1400,21,7023,176876,175455,175476,5623
MLFQ,3290,1401,11,7031,72773,71361,71372,5630
MLFQ,8653,1403,45,7035,340858,339410,339455,5632
MLFQ,2120,1403,35,7039,265899,264461,264496,5636
MLFQ,4847,1404,86,7043,484440,482950,483036,5639
MLFQ,9177,1406,20,7051,143979,142553,142573,5645
MLFQ,6494,1407,39,7055,292502,291056,291095,5648
MLFQ,1144,1409,87,7063,484460,482964,483051,5654
MLFQ,337,1409,27,7067,208284,206848,206875,5658
MLFQ,4982,1409,84,7071,477350,475857,475941,5662
MLFQ,8622,1409,64,7075,417696,416223,416287,5666
MLFQ,9132,1410,23,7079,177074,175641,175664,5669
MLFQ,6107,1410,82,7083,477364,475872,475954,5673
MLFQ,6497,1410,77,7087,468678,467191,467268,5677
MLFQ,5667,1412,77,7091,468679,467190,467267,5679
MLFQ,7267,1416,73,7099,458367,456878,456951,5683
MLFQ,9784,1417,34,7103,266097,264646,264680,5686
MLFQ,9535,1420,72,7107,446457,444965,445037,5687
MLFQ,9931,1421,60,7115,401117,399636,399696,5694
MLFQ,3497,1422,93,7119,493777,492262,492355,5697
MLFQ,7535,1422,19,7123,144291,142850,142869,5701
MLFQ,8626,1423,91,7127,489984,488470,488561,5704
MLFQ,3662,1424,85,7131,484538,483029,483114,5707
MLFQ,8231,1425,89,7139,489989,488475,488564,5714
MLFQ,6587,1425,34,7143,266261,264802,264836,5718
MLFQ,9733,1426,63,7147,417873,416384,416447,5721
MLFQ,8654,1426,68,7151,433019,431525,431593,5725
MLFQ,2320,1428,67,7155,433022,431527,431594,5727
MLFQ,7269,1428,15,7159,109789,108346,108361,5731
MLFQ,2881,1431,76,7167,458468,456961,457037,5736
MLFQ,2435,1431,62,7171,417928,416435,416497,5740
MLFQ,9973,1434,30,7179,238376,236912,236942,5745
MLFQ,1474,1435,12,7183,73483,72036,72048,5748
MLFQ,5203,1436,36,7187,266433,264961,264997,5751
MLFQ,9958,1437,57,7195,401314,399820,399877,5758
MLFQ,7343,1438,62,7199,417989,416489,416551,5761
MLFQ,8180,1439,97,7203,496064,494528,494625,5764
MLFQ,2977,1439,18,7207,144667,143210,143228,5768
MLFQ,1847,1440,73,7211,458534,457021,457094,5771
MLFQ,9021,1440,18,7215,144709,143251,143269,5775
MLFQ,2044,1442,24,7223,177695,176229,176253,5781
MLFQ,2919,1442,5,7227,35763,34316,34321,5785
MLFQ,4363,1445,28,7235,208965,207492,207520,5790
MLFQ,9119,1446,34,7239,266589,265109,265143,5793
MLFQ,7420,1447,59,7243,401409,399903,399962,5796
MLFQ,4737,1447,48,7247,341455,339960,340008,5800
MLFQ,2749,1447,32,7251,238632,237153,237185,5804
MLFQ,4300,1447,36,7255,266642,265159,265195,5808
MLFQ,4183,1448,89,7259,490062,488525,488614,5811
MLFQ,5740,1449,13,7267,110307,108845,108858,5818
MLFQ,2413,1449,71,7271,446731,445211,445282,5822
MLFQ,4626,1449,96,7275,493837,492292,492388,5826
MLFQ,2470,1449,62,7279,418135,416624,416686,5830
MLFQ,2784,1455,66,7287,433256,431735,431801,5832
MLFQ,2710,1460,22,7295,177994,176512,176534,5835
MLFQ,848,1460,97,7299,496077,494520,494617,5839
MLFQ,682,1460,26,7303,209234,207748,207774,5843
MLFQ,7265,1460,15,7307,110451,108976,108991,5847
MLFQ,9777,1461,35,7315,266852,265356,265391,5854
MLFQ,9285,1461,91,7319,490087,488535,488626,5858
MLFQ,3262,1461,58,7323,401568,400049,400107,5862
MLFQ,5621,1462,33,7327,266897,265402,265435,5865
MLFQ,5503,1462,99,7331,496084,494523,494622,5869
MLFQ,9727,1463,83,7335,477628,476082,476165,5872
MLFQ,5177,1464,18,7339,145217,143735,143753,5875
MLFQ,5941,1465,87,7347,484711,483159,483246,5882
MLFQ,8268,1465,63,7351,418287,416759,416822,5886
MLFQ,1299,1466,96,7355,493877,492315,492411,5889
MLFQ,5124,1466,9,7359,74338,72863,72872,5893
MLFQ,6454,1467,5,7363,36428,34956,34961,5896
MLFQ,7086,1468,17,7367,145334,143849,143866,5899
MLFQ,8491,1469,47,7375,341844,340328,340375,5906
MLFQ,7731,1469,71,7379,446927,445387,445458,5910
MLFQ,9405,1472,81,7383,477688,476135,476216,5911
MLFQ,5270,1473,95,7391,493890,492322,492417,5918
MLFQ,9479,1473,22,7395,178433,176938,176960,5922
MLFQ,2894,1474,84,7399,477716,476158,476242,5925
MLFQ,4125,1474,41,7403,318613,317098,317139,5929
MLFQ,3630,1476,73,7407,458838,457289,457362,5931
MLFQ,2759,1478,34,7415,267263,265751,265785,5937
MLFQ,5220,1478,81,7419,477729,476170,476251,5941
MLFQ,6068,1480,3,7423,7426,5943,5946,5943
MLFQ,3640,1481,45,7430,342011,340485,340530,5949
MLFQ,1100,1481,28,7434,209803,208294,208322,5953
MLFQ,126,1484,24,7438,178643,177135,177159,5954
MLFQ,6984,1487,18,7446,145762,144257,144275,5959
MLFQ,8236,1490,77,7454,469136,467569,467646,5964
MLFQ,5583,1490,47,7458,342097,340560,340607,5968
MLFQ,2734,1492,23,7462,178742,177227,177250,5970
MLFQ,9712,1494,92,7470,490195,488609,488701,5976
MLFQ,9194,1495,97,7474,496125,494533,494630,5979
MLFQ,168,1495,48,7478,342141,340598,340646,5983
MLFQ,3130,1497,17,7482,145896,144382,144399,5985
MLFQ,5093,1499,88,7486,484835,483248,483336,5987
MLFQ,7749,1500,6,7490,37128,35622,35628,5990
MLFQ,1291,1500,76,7494,458951,457375,457451,5994
MLFQ,9434,1501,39,7502,293993,292453,292492,6001
MLFQ,9130,1502,38,7506,293995,292455,292493,6004
MLFQ,6583,1502,12,7510,75113,73599,73611,6008
MLFQ,6626,1502,38,7514,294017,292477,292515,6012
MLFQ,4463,1504,52,7518,363820,362264,362316,6014
MLFQ,4451,1504,22,7522,178941,177415,177437,6018
MLFQ,4022,1505,19,7530,146072,144548,144567,6025
MLFQ,5733,1505,62,7534,418641,417074,417136,6029
MLFQ,8562,1506,28,7538,210143,208609,208637,6032
MLFQ,6934,1507,20,7542,146112,144585,144605,6035
MLFQ,8960,1509,16,7550,111604,110079,110095,6041
MLFQ,5513,1514,66,7558,433742,432162,432228,6044
MLFQ,5593,1515,80,7562,469229,467634,467714,6047
MLFQ,4500,1517,21,7570,179099,177561,177582,6053
MLFQ,2814,1517,54,7574,383882,382311,382365,6057
MLFQ,2503,1517,37,7578,294192,292638,292675,6061
MLFQ,3718,1518,79,7582,469242,467645,467724,6064
MLFQ,3233,1519,98,7586,496145,494528,494626,6067
MLFQ,1289,1521,16,7594,111745,110208,110224,6073
MLFQ,9183,1523,24,7598,179184,177637,177661,6075
MLFQ,3303,1524,22,7602,179198,177652,177674,6078
MLFQ,7206,1524,17,7606,146343,144802,144819,6082
MLFQ,1231,1524,37,7610,294259,292698,292735,6086
MLFQ,1700,1525,87,7618,484931,483319,483406,6093
MLFQ,9859,1525,86,7622,484933,483322,483408,6097
MLFQ,3800,1526,36,7626,267906,266344,266380,6100
MLFQ,37,1528,56,7630,384001,382417,382473,6102
MLFQ,2595,1529,58,7638,402239,400652,400710,6109
MLFQ,809,1531,13,7642,111970,110426,110439,6111
MLFQ,599,1531,80,7646,469339,467728,467808,6115
MLFQ,7815,1531,81,7650,477950,476338,476419,6119
MLFQ,2704,1531,72,7654,447332,445729,445801,6123
MLFQ,6084,1532,73,7658,459159,457554,457627,6126
MLFQ,7015,1537,70,7670,447350,445743,445813,6133
MLFQ,2505,1537,9,7674,75797,74251,74260,6137
MLFQ,6055,1537,38,7678,294463,292888,292926,6141
MLFQ,9543,1538,48,7682,342608,341022,341070,6144
MLFQ,3594,1538,76,7686,459195,457581,457657,6148
MLFQ,5186,1539,54,7690,384135,382542,382596,6151
MLFQ,563,1540,71,7694,447396,445785,445856,6154
MLFQ,7528,1541,53,7702,384160,382566,382619,6161
MLFQ,556,1542,77,7706,469396,467777,467854,6164
MLFQ,8541,1543,74,7710,459223,457606,457680,6167
MLFQ,6571,1545,65,7718,434035,432425,432490,6173
MLFQ,6158,1545,19,7722,146805,145241,145260,6177
MLFQ,4261,1546,60,7726,402442,400836,400896,6180
MLFQ,3266,1548,26,7730,210818,209244,209270,6182
MLFQ,6695,1548,94,7734,494047,492405,492499,6186
MLFQ,2133,1549,96,7738,494051,492406,492502,6189
MLFQ,7367,1550,25,7742,210869,209294,209319,6192
MLFQ,9688,1550,80,7746,469476,467846,467926,6196
MLFQ,3797,1551,57,7754,402512,400904,400961,6203
MLFQ,5737,1551,89,7758,490372,488732,488821,6207
MLFQ,5985,1552,9,7762,76194,74633,74642,6210
MLFQ,4805,1553,19,7766,146997,145425,145444,6213
MLFQ,1147,1555,76,7774,459338,457707,457783,6219
MLFQ,3148,1556,43,7778,319651,318052,318095,6222
MLFQ,7951,1558,78,7782,469514,467878,467956,6224
MLFQ,8845,1559,19,7790,147106,145528,145547,6231
MLFQ,6932,1559,26,7794,211038,209453,209479,6235
MLFQ,7080,1560,57,7798,402606,400989,401046,6238
MLFQ,1644,1560,77,7802,469545,467908,467985,6242
MLFQ,7192,1561,69,7806,447600,445970,446039,6245
MLFQ,7276,1563,31,7814,240602,239008,239039,6251
MLFQ,6886,1564,13,7818,112695,111118,111131,6254
MLFQ,8166,1564,2,7822,7824,6258,6260,6258
MLFQ,6229,1565,89,7824,490412,488758,488847,6259
MLFQ,5761,1567,23,7832,180080,178490,178513,6265
MLFQ,3607,1567,45,7836,343066,341454,341499,6269
MLFQ,7778,1568,55,7840,384531,382908,382963,6272
MLFQ,7700,1569,66,7844,434272,432637,432703,6275
MLFQ,498,1571,9,7852,76599,75019,75028,6281
MLFQ,9457,1573,93,7856,494083,492417,492510,6283
MLFQ,4359,1574,36,7860,268704,267094,267130,6286
MLFQ,6725,1574,26,7864,211301,209701,209727,6290
MLFQ,5609,1577,5,7872,38858,37276,37281,6295
MLFQ,2537,1577,94,7876,494102,492431,492525,6299
MLFQ,8962,1578,77,7880,469641,467986,468063,6302
MLFQ,5064,1581,97,7888,496232,494554,494651,6307
MLFQ,649,1581,28,7892,211391,209782,209810,6311
MLFQ,6992,1582,34,7896,268795,267179,267213,6314
MLFQ,55,1585,88,7904,485194,483521,483609,6319
MLFQ,8106,1587,91,7912,490490,488812,488903,6325
MLFQ,4615,1587,56,7916,384724,383081,383137,6329
MLFQ,3143,1588,21,7920,180413,178804,178825,6332
MLFQ,3159,1589,69,7924,447779,446121,446190,6335
MLFQ,9341,1589,89,7928,490497,488819,488908,6339
MLFQ,5899,1590,69,7932,447795,446136,446205,6342
MLFQ,1430,1591,96,7940,494135,492448,492544,6349
MLFQ,8862,1597,1,7948,7949,6351,6352,6351
MLFQ,6976,1600,64,7950,419499,417835,417899,6350
MLFQ,6067,1601,12,7954,77040,75427,75439,6353
MLFQ,6942,1603,69,7962,447875,446203,446272,6359
MLFQ,908,1604,15,7966,113332,111713,111728,6362
MLFQ,850,1605,37,7970,295415,293773,293810,6365
MLFQ,5577,1605,71,7974,447902,446226,446297,6369
MLFQ,1540,1607,75,7982,459657,457975,458050,6375
MLFQ,4780,1609,92,7986,490571,488870,488962,6377
MLFQ,8527,1610,29,7990,241258,239619,239648,6380
MLFQ,8763,1613,38,7998,295533,293882,293920,6385
MLFQ,8309,1616,26,8006,211877,210235,210261,6390
MLFQ,2433,1619,63,8010,419668,417986,418049,6391
MLFQ,899,1619,2,8014,8016,6395,6397,6395
MLFQ,6996,1620,96,8016,494193,492477,492573,6396
MLFQ,4791,1620,49,8020,365162,363493,363542,6400
MLFQ,1181,1622,25,8028,211975,210328,210353,6406
MLFQ,4603,1625,3,8032,8035,6407,6410,6407
MLFQ,1041,1625,45,8035,343695,342025,342070,6410
MLFQ,2989,1627,97,8043,496273,494549,494646,6416
MLFQ,5460,1627,21,8047,181029,179381,179402,6420
MLFQ,2863,1628,11,8051,77585,75946,75957,6423
MLFQ,4064,1629,21,8055,181058,179408,179429,6426
MLFQ,3798,1629,88,8059,485372,483655,483743,6430
MLFQ,4356,1630,83,8067,478434,476721,476804,6437
MLFQ,9152,1631,83,8071,478445,476731,476814,6440
MLFQ,2502,1633,81,8075,478453,476739,476820,6442
MLFQ,673,1633,59,8079,403316,401624,401683,6446
MLFQ,4678,1635,19,8087,148398,146744,146763,6452
MLFQ,2903,1635,90,8091,490644,488919,489009,6456
MLFQ,178,1636,48,8095,343899,342215,342263,6459
MLFQ,3428,1636,4,8099,8103,6463,6467,6463
MLFQ,3853,1637,69,8103,448157,446451,446520,6466
MLFQ,2116,1638,87,8111,485425,483700,483787,6473
MLFQ,1239,1639,87,8115,485428,483702,483789,6476
MLFQ,1400,1640,88,8119,485436,483708,483796,6479
MLFQ,6120,1641,18,8123,148569,146910,146928,6482
MLFQ,5081,1644,48,8131,344028,342336,342384,6487
MLFQ,1021,1645,33,8135,269723,268045,268078,6490
MLFQ,7093,1645,99,8139,496299,494555,494654,6494
MLFQ,8586,1645,47,8143,344051,342359,342406,6498
MLFQ,804,1646,81,8151,478557,476830,476911,6505
MLFQ,1701,1646,93,8155,494259,492520,492613,6509
MLFQ,8245,1646,82,8159,478573,476845,476927,6513
MLFQ,3896,1647,7,8163,40301,38647,38654,6516
MLFQ,4432,1647,85,8167,485488,483756,483841,6520
MLFQ,253,1648,94,8171,494277,492535,492629,6523
MLFQ,8558,1648,86,8175,485502,483768,483854,6527
MLFQ,7478,1649,30,8179,241959,240280,240310,6530
MLFQ,2384,1651,40,8187,296187,294496,294536,6536
MLFQ,5134,1652,48,8191,344183,342483,342531,6539
MLFQ,2297,1653,44,8195,320994,319297,319341,6542
MLFQ,9498,1654,98,8199,496319,494567,494665,6545
MLFQ,4728,1657,12,8207,78268,76599,76611,6550
MLFQ,7638,1658,14,8211,114456,112784,112798,6553
MLFQ,9924,1660,12,8219,78343,76671,76683,6559
MLFQ,9976,1660,84,8223,478652,476908,476992,6563
MLFQ,3583,1661,19,8227,148950,147270,147289,6566
MLFQ,151,1663,40,8231,296303,294600,294640,6568
MLFQ,9242,1663,61,8235,420177,418453,418514,6572
MLFQ,408,1664,58,8243,403698,401976,402034,6579
MLFQ,4370,1666,64,8247,420193,418463,418527,6581
MLFQ,9828,1666,1,8251,8252,6585,6586,6585
MLFQ,1824,1667,93,8252,494309,492549,492642,6585
MLFQ,6958,1667,21,8256,181800,180112,180133,6589
MLFQ,8227,1667,98,8260,496330,494565,494663,6593
MLFQ,2212,1668,68,8268,435174,433438,433506,6600
MLFQ,9356,1671,36,8272,270133,268426,268462,6601
MLFQ,7429,1672,76,8280,460162,458414,458490,6608
MLFQ,3269,1673,21,8284,181908,180214,180235,6611
MLFQ,9824,1673,18,8288,149177,147486,147504,6615
MLFQ,3913,1673,66,8292,435200,433461,433527,6619
MLFQ,2634,1674,57,8296,403778,402047,402104,6622
MLFQ,6156,1674,62,8300,420263,418527,418589,6626
MLFQ,3443,1676,60,8308,403809,402073,402133,6632
MLFQ,5473,1677,24,8312,181988,180287,180311,6635
MLFQ,9334,1677,55,8316,385749,384017,384072,6639
MLFQ,7774,1678,54,8320,385771,384039,384093,6642
MLFQ,4191,1678,96,8324,494341,492567,492663,6646
MLFQ,138,1678,35,8328,270314,268601,268636,6650
MLFQ,424,1679,88,8332,485660,483893,483981,6653
MLFQ,2007,1679,21,8336,182096,180396,180417,6657
MLFQ,6182,1680,98,8340,496346,494568,494666,6660
MLFQ,8907,1682,50,8348,366044,364312,364362,6666
MLFQ,1527,1682,24,8352,182140,180434,180458,6670
MLFQ,11,1685,62,8360,420393,418646,418708,6675
MLFQ,333,1686,30,8364,242550,240834,240864,6678
MLFQ,454,1687,56,8368,385869,384126,384182,6681
MLFQ,6547,1687,80,8372,470309,468542,468622,6685
MLFQ,9762,1689,98,8377,496351,494564,494662,6688
MLFQ,5342,1689,30,8381,242604,240885,240915,6692
MLFQ,8273,1689,89,8385,490853,489075,489164,6696
MLFQ,2040,1689,82,8389,478832,477061,477143,6700
MLFQ,4456,1690,30,8393,242651,240931,240961,6703
MLFQ,8850,1690,10,8397,79072,77372,77382,6707
MLFQ,9705,1690,15,8401,115217,113512,113527,6711
MLFQ,285,1693,72,8409,448646,446881,446953,6716
MLFQ,393,1693,91,8413,490871,489087,489178,6720
MLFQ,8648,1695,51,8417,366188,364442,364493,6722
MLFQ,4360,1695,96,8421,494374,492583,492679,6726
MLFQ,3369,1696,58,8425,404052,402298,402356,6729
MLFQ,8027,1699,42,8433,321649,319908,319950,6734
MLFQ,3893,1700,44,8437,321667,319923,319967,6737
MLFQ,8285,1702,66,8445,435454,433686,433752,6743
MLFQ,1440,1704,96,8449,494381,492581,492677,6745
MLFQ,5760,1706,25,8457,213510,211779,211804,6751
MLFQ,189,1707,9,8461,79393,77677,77686,6754
MLFQ,3013,1708,46,8465,344896,343142,343188,6757
MLFQ,9530,1709,13,8473,115552,113830,113843,6764
MLFQ,1608,1709,67,8477,435519,433743,433810,6768
MLFQ,1677,1712,86,8481,485769,483971,484057,6769
MLFQ,2624,1715,37,8489,297085,295333,295370,6774
MLFQ,6009,1716,33,8493,270850,269101,269134,6777
MLFQ,4589,1716,51,8497,366395,364628,364679,6781
MLFQ,8792,1717,59,8505,404239,402463,402522,6788
MLFQ,4443,1717,44,8509,321898,320137,320181,6792
MLFQ,4613,1719,95,8513,494400,492586,492681,6794
MLFQ,8625,1721,18,8521,150123,148384,148402,6800
MLFQ,7714,1721,64,8525,420719,418934,418998,6804
MLFQ,7992,1721,65,8529,435609,433823,433888,6808
MLFQ,3064,1724,55,8533,386258,384479,384534,6809
MLFQ,4419,1724,10,8537,79750,78016,78026,6813
MLFQ,7613,1724,28,8541,213822,212070,212098,6817
MLFQ,2293,1724,17,8545,150217,148476,148493,6821
MLFQ,8608,1725,2,8553,8555,6828,6830,6828
MLFQ,5252,1725,55,8555,386279,384499,384554,6830
MLFQ,8529,1725,29,8559,243232,241478,241507,6834
MLFQ,7909,1726,95,8563,494407,492586,492681,6837
MLFQ,2516,1727,17,8567,150324,148580,148597,6840
MLFQ,9358,1728,88,8571,485818,484002,484090,6843
MLFQ,2395,1733,86,8579,485828,484009,484095,6846
MLFQ,849,1733,86,8583,485830,484011,484097,6850
MLFQ,8374,1734,78,8587,470577,468765,468843,6853
MLFQ,220,1734,47,8591,345246,343465,343512,6857
MLFQ,1982,1735,63,8595,420840,419042,419105,6860
MLFQ,7779,1736,77,8603,470594,468781,468858,6867
MLFQ,7498,1737,91,8607,490963,489135,489226,6870
MLFQ,5973,1738,98,8611,496393,494557,494655,6873
MLFQ,9600,1741,47,8619,345329,343541,343588,6878
MLFQ,8846,1741,43,8623,322236,320452,320495,6882
MLFQ,1744,1742,46,8627,345351,343563,343609,6885
MLFQ,3724,1742,90,8631,490985,489153,489243,6889
MLFQ,6565,1749,1,8643,8644,6894,6895,6894
MLFQ,2524,1749,9,8644,80247,78489,78498,6895
MLFQ,1265,1750,28,8648,214225,212447,212475,6898
MLFQ,2692,1750,67,8652,435812,433995,434062,6902
MLFQ,9904,1750,9,8656,80312,78553,78562,6906
MLFQ,3254,1751,12,8660,80324,78561,78573,6909
MLFQ,8898,1751,87,8664,485921,484083,484170,6913
MLFQ,6972,1752,50,8672,366865,365063,365113,6920
MLFQ,2479,1753,12,8676,80404,78639,78651,6923
MLFQ,5651,1754,38,8680,297731,295939,295977,6926
MLFQ,9086,1754,31,8684,243690,241905,241936,6930
MLFQ,8771,1754,94,8688,494481,492633,492727,6934
MLFQ,8043,1755,96,8692,494485,492634,492730,6937
MLFQ,9225,1756,10,8700,80502,78736,78746,6944
MLFQ,4429,1756,95,8704,494496,492645,492740,6948
MLFQ,134,1757,37,8708,297819,296025,296062,6951
MLFQ,3380,1757,90,8712,491058,489211,489301,6955
MLFQ,1074,1759,86,8716,485979,484134,484220,6957
MLFQ,844,1761,92,8724,491070,489217,489309,6963
MLFQ,2715,1762,77,8728,470772,468933,469010,6966
MLFQ,1224,1762,62,8732,421133,419309,419371,6970
MLFQ,7948,1763,84,8736,479212,477365,477449,6973
MLFQ,1562,1763,65,8740,435981,434153,434218,6977
MLFQ,7786,1764,73,8748,460788,458951,459024,6984
MLFQ,4741,1764,95,8752,494514,492655,492750,6988
MLFQ,7169,1770,23,8760,183753,181960,181983,6990
MLFQ,1334,1771,87,8764,486014,484156,484243,6993
MLFQ,3251,1772,99,8772,496433,494562,494661,7000
MLFQ,3482,1772,2,8776,8778,7004,7006,7004
MLFQ,9221,1773,6,8778,43148,41369,41375,7005
MLFQ,5164,1773,29,8782,244009,242207,242236,7009
MLFQ,2844,1774,14,8786,116896,115108,115122,7012
MLFQ,8699,1774,17,8790,151237,149446,149463,7016
MLFQ,3955,1776,78,8798,470854,469000,469078,7022
MLFQ,7675,1777,35,8802,271910,270098,270133,7025
MLFQ,7678,1777,45,8806,345860,344038,344083,7029
MLFQ,2337,1778,86,8810,486054,484190,484276,7032
MLFQ,7280,1779,30,8814,244147,242338,242368,7035
MLFQ,3765,1779,86,8818,486056,484191,484277,7039
MLFQ,7345,1781,81,8826,479292,477430,477511,7045
MLFQ,9102,1782,30,8830,244173,242361,242391,7048
MLFQ,7187,1782,50,8834,367243,365411,365461,7052
MLFQ,5382,1784,18,8842,151423,149621,149639,7058
MLFQ,8814,1785,76,8846,460911,459050,459126,7061
MLFQ,2668,1787,78,8850,470900,469035,469113,7063
MLFQ,3959,1788,74,8858,460941,459079,459153,7070
MLFQ,6584,1789,81,8862,479307,477437,477518,7073
MLFQ,8667,1789,13,8866,117225,115423,115436,7077
MLFQ,4828,1789,28,8870,215011,213194,213222,7081
MLFQ,7102,1790,15,8874,117256,115451,115466,7084
MLFQ,1017,1792,78,8882,470924,469054,469132,7090
MLFQ,9735,1793,54,8886,387053,385206,385260,7093
MLFQ,7643,1794,6,8890,43621,41821,41827,7096
MLFQ,1380,1796,34,8898,272155,270325,270359,7102
MLFQ,6099,1797,74,8902,460983,459112,459186,7105
MLFQ,1906,1798,86,8906,486098,484214,484300,7108
MLFQ,6282,1798,28,8910,215151,213325,213353,7112
MLFQ,2803,1800,35,8918,272233,270398,270433,7118
MLFQ,8724,1800,34,8922,272251,270417,270451,7122
MLFQ,5113,1802,14,8926,117459,115643,115657,7124
MLFQ,229,1802,31,8930,244513,242680,242711,7128
MLFQ,1974,1804,86,8938,486108,484218,484304,7134
MLFQ,4450,1806,12,8942,81526,79708,79720,7136
MLFQ,9853,1806,5,8946,43874,42063,42068,7140
MLFQ,3183,1809,79,8954,470998,469110,469189,7145
MLFQ,4870,1810,89,8958,491153,489254,489343,7148
MLFQ,578,1810,37,8962,298523,296676,296713,7152
MLFQ,4046,1812,44,8970,323184,321328,321372,7158
MLFQ,6492,1812,63,8974,421570,419695,419758,7162
MLFQ,5329,1813,55,8978,387253,385385,385440,7165
MLFQ,3741,1813,71,8982,449504,447620,447691,7169
MLFQ,4770,1814,86,8986,486137,484237,484323,7172
MLFQ,3275,1815,81,8990,479421,477525,477606,7175
MLFQ,323,1816,51,8998,367643,365776,365827,7182
MLFQ,3762,1818,6,9002,44125,42301,42307,7184
MLFQ,5353,1819,86,9006,486163,484258,484344,7187
MLFQ,2884,1819,96,9010,494583,492668,492764,7191
MLFQ,5797,1820,60,9018,405319,403439,403499,7198
MLFQ,8510,1821,62,9022,421669,419786,419848,7201
MLFQ,7670,1823,32,9026,244839,242984,243016,7203
MLFQ,6960,1823,73,9030,461138,459242,459315,7207
MLFQ,1517,1823,55,9034,387405,385527,385582,7211
MLFQ,2893,1823,97,9038,496462,494542,494639,7215
MLFQ,7709,1824,24,9046,184804,182956,182980,7222
MLFQ,2053,1826,81,9050,479468,477561,477642,7224
MLFQ,2233,1827,34,9054,272672,270811,270845,7227
MLFQ,4832,1827,51,9058,367786,365908,365959,7231
MLFQ,884,1828,24,9066,184872,183020,183044,7238
MLFQ,2352,1828,20,9070,152313,150465,150485,7242
MLFQ,1359,1828,13,9074,118052,116211,116224,7246
MLFQ,2921,1829,20,9078,152353,150504,150524,7249
MLFQ,9873,1830,14,9082,118114,116270,116284,7252
MLFQ,9404,1831,56,9086,387515,385628,385684,7255
MLFQ,7699,1831,99,9090,496478,494548,494647,7259
MLFQ,8892,1832,80,9098,471171,469259,469339,7266
MLFQ,8165,1834,13,9102,118225,116378,116391,7268
MLFQ,4107,1837,75,9110,461267,459355,459430,7273
MLFQ,656,1838,49,9114,367926,366039,366088,7276
MLFQ,6887,1840,43,9122,323661,321778,321821,7282
MLFQ,348,1841,49,9126,367954,366064,366113,7285
MLFQ,2856,1842,22,9130,185180,183316,183338,7288
MLFQ,221,1843,5,9134,44873,43025,43030,7291
MLFQ,9922,1843,98,9138,496490,494549,494647,7295
MLFQ,8955,1845,41,9146,323752,321866,321907,7301
MLFQ,2758,1846,54,9150,387678,385778,385832,7304
MLFQ,6423,1847,17,9154,152760,150896,150913,7307
MLFQ,9000,1848,25,9162,216131,214258,214283,7314
MLFQ,4441,1848,7,9166,45033,43178,43185,7318
MLFQ,6974,1849,45,9170,346814,344920,344965,7321
MLFQ,3540,1849,51,9174,368109,366209,366260,7325
MLFQ,6574,1850,43,9178,323863,321970,322013,7328
MLFQ,608,1852,93,9186,494633,492688,492781,7334
MLFQ,172,1853,75,9190,461380,459452,459527,7337
MLFQ,1026,1854,32,9194,245518,243632,243664,7340
MLFQ,9303,1854,73,9198,461389,459462,459535,7344
MLFQ,2517,1854,9,9202,82832,80969,80978,7348
MLFQ,3634,1855,65,9206,436785,434865,434930,7351
MLFQ,2871,1856,26,9214,216362,214480,214506,7358
MLFQ,7533,1857,21,9218,185575,183697,183718,7361
MLFQ,4215,1857,99,9222,496502,494546,494645,7365
MLFQ,4891,1859,81,9226,479640,477700,477781,7367
MLFQ,9062,1860,59,9234,405775,403856,403915,7374
MLFQ,6549,1860,90,9238,491312,489362,489452,7378
MLFQ,5873,1861,20,9242,153141,151260,151280,7381
MLFQ,8367,1861,83,9246,479663,477719,477802,7385
MLFQ,3052,1863,30,9250,245700,243807,243837,7387
MLFQ,9773,1864,22,9258,185709,183823,183845,7394
MLFQ,975,1865,19,9262,153216,151332,151351,7397
MLFQ,5802,1867,92,9266,491328,489369,489461,7399
MLFQ,1366,1868,21,9274,185790,183901,183922,7406
MLFQ,6322,1868,62,9278,422171,420241,420303,7410
MLFQ,9355,1868,7,9282,45627,43752,43759,7414
MLFQ,5501,1871,98,9286,496520,494551,494649,7415
MLFQ,7538,1872,63,9294,422206,420271,420334,7422
MLFQ,6679,1872,5,9298,45704,43827,43832,7426
MLFQ,4886,1873,52,9302,368450,366525,366577,7429
MLFQ,3824,1873,79,9306,471432,469480,469559,7433
MLFQ,4483,1874,36,9310,273578,271668,271704,7436
MLFQ,8068,1875,28,9314,216742,214839,214867,7439
MLFQ,1561,1875,72,9318,450081,448134,448206,7443
MLFQ,2836,1875,50,9322,368504,366579,366629,7447
MLFQ,6735,1875,55,9326,388121,386191,386246,7451
MLFQ,6287,1876,63,9334,422298,420359,420422,7458
MLFQ,8026,1877,41,9338,324361,322443,322484,7461
MLFQ,8764,1879,42,9342,324372,322451,322493,7463
MLFQ,4294,1879,93,9346,494723,492751,492844,7467
MLFQ,4808,1881,30,9354,246136,244225,244255,7473
MLFQ,4974,1881,80,9358,471517,469556,469636,7477
MLFQ,4354,1881,22,9362,186189,184286,184308,7481
MLFQ,5441,1882,1,9366,9367,7484,7485,7484
MLFQ,9745,1883,21,9367,186194,184290,184311,7484
MLFQ,9562,1883,94,9371,494750,492773,492867,7488
MLFQ,2095,1884,29,9379,246217,244304,244333,7495
MLFQ,9679,1884,2,9383,9385,7499,7501,7499
MLFQ,3182,1884,29,9385,246234,244321,244350,7501
MLFQ,8439,1885,8,9389,46143,44250,44258,7504
MLFQ,1481,1887,62,9393,422424,420475,420537,7506
MLFQ,763,1887,34,9397,273879,271958,271992,7510
MLFQ,7660,1888,24,9405,186324,184412,184436,7517
MLFQ,9560,1892,36,9413,273937,272009,272045,7521
MLFQ,4028,1892,26,9417,217130,215212,215238,7525
MLFQ,9574,1892,6,9421,46252,44354,44360,7529
MLFQ,6795,1893,80,9425,471579,469606,469686,7532
MLFQ,5132,1893,80,9429,471584,469611,469691,7536
MLFQ,5633,1894,67,9433,437213,435252,435319,7539
MLFQ,4682,1895,90,9437,491437,489452,489542,7542
MLFQ,328,1895,30,9441,246414,244489,244519,7546
MLFQ,1613,1895,15,9445,119807,117897,117912,7550
MLFQ,9805,1897,25,9453,217271,215349,215374,7556
MLFQ,2568,1898,74,9457,461758,459786,459860,7559
MLFQ,34,1899,83,9461,479874,477892,477975,7562
MLFQ,2410,1900,85,9469,486519,484534,484619,7569
MLFQ,2929,1900,5,9473,46523,44618,44623,7573
MLFQ,4823,1902,71,9477,450325,448352,448423,7575
MLFQ,3599,1903,42,9481,324759,322814,322856,7578
MLFQ,815,1906,17,9489,154205,152282,152299,7583
MLFQ,751,1906,48,9493,347725,345771,345819,7587
MLFQ,7258,1906,78,9497,471645,469661,469739,7591
MLFQ,4905,1907,38,9501,300285,298340,298378,7594
MLFQ,3614,1907,57,9505,406397,404433,404490,7598
MLFQ,5702,1907,13,9509,120134,118214,118227,7602
MLFQ,8649,1907,62,9513,422657,420688,420750,7606
MLFQ,5119,1907,39,9517,300340,298394,298433,7610
MLFQ,910,1908,61,9525,422679,420710,420771,7617
MLFQ,9700,1909,22,9529,186860,184929,184951,7620
MLFQ,7883,1909,49,9533,369065,367107,367156,7624
MLFQ,4873,1909,92,9537,491467,489466,489558,7628
MLFQ,5836,1910,87,9541,486556,484559,484646,7631
MLFQ,9772,1912,47,9548,347890,345931,345978,7636
MLFQ,5139,1912,79,9552,471701,469710,469789,7640
MLFQ,1385,1913,54,9556,388675,386708,386762,7643
MLFQ,3479,1913,24,9560,186989,185052,185076,7647
MLFQ,3576,1914,54,9564,388685,386717,386771,7650
MLFQ,8198,1915,85,9568,486573,484573,484658,7653
MLFQ,5841,1916,94,9576,494780,492770,492864,7660
MLFQ,885,1917,60,9580,406534,404557,404617,7663
MLFQ,6212,1917,71,9584,450460,448472,448543,7667
MLFQ,7702,1918,73,9588,461896,459905,459978,7670
MLFQ,3753,1920,99,9596,496584,494565,494664,7676
MLFQ,3939,1920,49,9600,369241,367272,367321,7680
MLFQ,1745,1925,82,9608,479986,477979,478061,7683
MLFQ,1618,1925,3,9612,9615,7687,7690,7687
MLFQ,4043,1925,16,9615,120611,118670,118686,7690
MLFQ,6250,1927,37,9619,300653,298689,298726,7692
MLFQ,1650,1927,12,9623,84790,82851,82863,7696
MLFQ,6784,1928,94,9631,494802,492780,492874,7703
MLFQ,2348,1929,47,9635,348149,346173,346220,7706
MLFQ,205,1930,92,9639,491528,489506,489598,7709
MLFQ,406,1931,26,9643,218032,216075,216101,7712
MLFQ,4348,1932,38,9651,300757,298787,298825,7719
MLFQ,2971,1932,14,9655,120790,118844,118858,7723
MLFQ,6759,1932,42,9659,325289,323315,323357,7727
MLFQ,3379,1932,78,9663,471821,469811,469889,7731
MLFQ,1397,1933,39,9667,300810,298838,298877,7734
MLFQ,8315,1936,51,9673,369418,367431,367482,7737
MLFQ,2965,1936,25,9677,218162,216201,216226,7741
MLFQ,6132,1936,62,9681,422969,420971,421033,7745
MLFQ,9275,1937,94,9685,494825,492794,492888,7748
MLFQ,2481,1938,15,9689,120924,118971,118986,7751
MLFQ,1749,1939,79,9693,471860,469842,469921,7754
MLFQ,4677,1939,78,9697,471866,469849,469927,7758
MLFQ,5439,1940,77,9705,471871,469854,469931,7765
MLFQ,9915,1941,24,9709,187585,185620,185644,7768
MLFQ,4276,1942,30,9713,247411,245439,245469,7771
MLFQ,3370,1946,94,9721,494845,492805,492899,7775
MLFQ,7183,1946,63,9725,423064,421055,421118,7779
MLFQ,3036,1946,56,9729,389082,387080,387136,7783
MLFQ,3934,1948,62,9737,423080,421070,421132,7789
MLFQ,3209,1948,25,9741,218403,216430,216455,7793
MLFQ,1601,1949,28,9745,218419,216442,216470,7796
MLFQ,7400,1951,52,9749,369612,367609,367661,7798
MLFQ,4690,1956,86,9757,486729,484687,484773,7801
MLFQ,2644,1958,58,9761,406929,404913,404971,7803
MLFQ,224,1959,44,9769,325666,323663,323707,7810
MLFQ,2076,1960,38,9773,301188,299190,299228,7813
MLFQ,9478,1960,26,9777,218600,216614,216640,7817
MLFQ,3022,1960,39,9781,301227,299228,299267,7821
MLFQ,4508,1961,66,9785,437808,435781,435847,7824
MLFQ,7886,1963,83,9793,480178,478132,478215,7830
MLFQ,5126,1966,95,9797,494887,492826,492921,7831
MLFQ,2694,1967,54,9805,389295,387274,387328,7838
MLFQ,2799,1968,37,9809,301326,299321,299358,7841
MLFQ,1782,1969,53,9813,389304,387282,387335,7844
MLFQ,953,1970,85,9817,486784,484729,484814,7847
MLFQ,3044,1970,71,9821,450843,448802,448873,7851
MLFQ,9351,1971,40,9829,301386,299375,299415,7858
MLFQ,2442,1974,73,9833,462231,460184,460257,7859
MLFQ,8911,1975,93,9841,494905,492837,492930,7866
MLFQ,821,1976,22,9845,188190,186192,186214,7869
MLFQ,1532,1980,66,9853,437922,435876,435942,7873
MLFQ,6859,1982,72,9857,450894,448840,448912,7875
MLFQ,5052,1985,3,9865,9868,7880,7883,7880
MLFQ,5463,1985,44,9868,325971,323942,323986,7883
MLFQ,6811,1986,26,9872,218933,216921,216947,7886
MLFQ,9068,1986,97,9876,496657,494574,494671,7890
MLFQ,217,1986,9,9880,86003,84008,84017,7894
MLFQ,5065,1986,61,9884,423372,421325,421386,7898
MLFQ,4571,1987,33,9892,275601,273581,273614,7905
MLFQ,3707,1988,99,9896,496660,494573,494672,7908
MLFQ,5710,1990,48,9900,348899,346861,346909,7910
MLFQ,1053,1990,18,9904,156021,154013,154031,7914
MLFQ,3554,1991,37,9912,301646,299618,299655,7921
MLFQ,6544,1992,85,9916,486855,484778,484863,7924
MLFQ,3807,1993,39,9920,301674,299642,299681,7927
MLFQ,904,1994,92,9924,491720,489634,489726,7930
MLFQ,3352,1994,94,9928,494940,492852,492946,7934
MLFQ,9668,1995,40,9936,301710,299675,299715,7941
MLFQ,6087,1996,54,9940,389586,387536,387590,7944
MLFQ,4403,1996,31,9944,248278,246251,246282,7948
MLFQ,8230,1996,4,9948,9952,7952,7956,7952
MLFQ,950,1997,9,9952,86340,84334,84343,7955
MLFQ,6366,1997,54,9956,389634,387583,387637,7959
MLFQ,166,1998,76,9960,462387,460313,460389,7962
MLFQ,2873,1998,8,9964,48925,46919,46927,7966
MLFQ,3077,1999,68,9972,438129,436062,436130,7973
MLFQ,679,2000,17,9976,156332,154315,154332,7976
MLFQ,6937,2000,36,9980,275931,273895,273931,7980
MLFQ,7599,2001,48,9984,349143,347094,347142,7983
MLFQ,8286,2001,29,9988,248451,246421,246450,7987
MLFQ,3248,2005,11,9996,86531,84515,84526,7991
MLFQ,6191,2007,21,10004,188807,186779,186800,7997
MLFQ,2764,2007,26,10008,219442,217409,217435,8001
MLFQ,2393,2010,27,10012,219445,217408,217435,8002
MLFQ,2918,2011,51,10020,370303,368241,368292,8009
MLFQ,4296,2011,2,10024,10026,8013,8015,8013
MLFQ,4599,2011,86,10026,486916,484819,484905,8015
MLFQ,7126,2013,97,10030,496665,494555,494652,8017
MLFQ,2447,2014,76,10034,462453,460363,460439,8020
MLFQ,3109,2014,8,10038,49117,47095,47103,8024
MLFQ,5015,2014,87,10042,486923,484822,484909,8028
MLFQ,9578,2015,33,10048,276012,273964,273997,8033
MLFQ,8758,2015,31,10052,248517,246471,246502,8037
MLFQ,3249,2016,70,10056,451111,449025,449095,8040
MLFQ,4776,2017,5,10060,49134,47112,47117,8043
MLFQ,7336,2017,17,10064,156469,154435,154452,8047
MLFQ,9586,2018,83,10068,480391,478290,478373,8050
MLFQ,9001,2022,90,10073,491754,489642,489732,8051
MLFQ,2355,2023,23,10081,188862,186816,186839,8058
MLFQ,7250,2024,44,10085,326400,324332,324376,8061
MLFQ,8404,2024,98,10089,496667,494545,494643,8065
MLFQ,6680,2024,56,10093,389777,387697,387753,8069
MLFQ,888,2026,91,10097,491761,489644,489735,8071
MLFQ,91,2027,21,10105,188879,186831,186852,8078
MLFQ,4632,2028,7,10109,49181,47146,47153,8081
MLFQ,5363,2031,33,10117,276049,273985,274018,8086
MLFQ,1330,2032,51,10121,370350,368267,368318,8089
MLFQ,7115,2032,94,10125,494962,492836,492930,8093
MLFQ,3857,2032,7,10129,49200,47161,47168,8097
MLFQ,4350,2032,28,10133,219525,217465,217493,8101
MLFQ,1346,2033,71,10137,451138,449034,449105,8104
MLFQ,5097,2035,89,10145,491766,489642,489731,8110
MLFQ,5377,2038,97,10149,496668,494533,494630,8111
MLFQ,6970,2040,21,10157,188920,186859,186880,8117
MLFQ,3832,2041,41,10161,326443,324361,324402,8120
MLFQ,6629,2042,37,10165,302021,299942,299979,8123
MLFQ,1583,2043,31,10173,248600,246526,246557,8130
MLFQ,2740,2044,89,10177,491771,489638,489727,8133
MLFQ,4554,2044,24,10181,188944,186876,186900,8137
MLFQ,2132,2044,36,10185,276097,274017,274053,8141
MLFQ,6563,2044,49,10189,370383,368290,368339,8145
MLFQ,26,2047,97,10197,496669,494525,494622,8150
MLFQ,8202,2047,26,10201,219583,217510,217536,8154
MLFQ,5485,2048,85,10205,486960,484827,484912,8157
MLFQ,881,2048,51,10209,370398,368299,368350,8161
MLFQ,691,2048,64,10213,423675,421563,421627,8165
MLFQ,239,2049,87,10217,486963,484827,484914,8168
MLFQ,1343,2050,38,10221,302059,299971,300009,8171
MLFQ,1170,2051,89,10229,491776,489636,489725,8178
MLFQ,4587,2052,21,10233,188993,186920,186941,8181
MLFQ,4733,2053,64,10237,423691,421574,421638,8184
MLFQ,1619,2056,67,10245,438265,436142,436209,8189
MLFQ,4826,2059,35,10253,276156,274062,274097,8194
MLFQ,897,2060,78,10257,472275,470137,470215,8197
MLFQ,5716,2061,6,10261,49330,47263,47269,8200
MLFQ,86,2062,48,10265,349323,347213,347261,8203
MLFQ,5324,2062,18,10269,156655,154575,154593,8207
MLFQ,6935,2063,56,10277,389869,387750,387806,8214
MLFQ,6623,2064,93,10281,494971,492814,492907,8217
MLFQ,3285,2064,23,10285,189036,186949,186972,8221
MLFQ,1467,2064,17,10289,156672,154591,154608,8225
MLFQ,1087,2065,92,10293,491784,489627,489719,8228
MLFQ,2298,2066,23,10297,189043,186954,186977,8231
MLFQ,5508,2068,75,10305,462532,460389,460464,8237
MLFQ,3859,2068,60,10309,407579,405451,405511,8241
MLFQ,2900,2070,65,10313,438286,436151,436216,8243
MLFQ,8382,2070,56,10317,389893,387767,387823,8247
MLFQ,1670,2071,96,10325,494975,492808,492904,8254
MLFQ,7454,2072,37,10329,302129,300020,300057,8257
MLFQ,7147,2073,52,10333,370474,368349,368401,8260
MLFQ,7109,2073,6,10337,49404,47325,47331,8264
MLFQ,1184,2074,43,10341,326554,324437,324480,8267
MLFQ,5074,2076,82,10349,480459,478301,478383,8273
MLFQ,7236,2076,84,10353,480463,478303,478387,8277
MLFQ,4949,2077,91,10357,491791,489623,489714,8280
MLFQ,1080,2079,44,10364,326574,324451,324495,8285
MLFQ,5236,2080,26,10368,219713,217607,217633,8288
MLFQ,473,2082,53,10372,389914,387779,387832,8290
MLFQ,9704,2083,89,10380,491792,489620,489709,8297
MLFQ,6969,2083,77,10384,472304,470144,470221,8301
MLFQ,2499,2090,82,10392,480473,478301,478383,8302
MLFQ,3118,2092,79,10400,472311,470140,470219,8308
MLFQ,3755,2093,6,10404,49466,47367,47373,8311
MLFQ,8906,2096,59,10412,407622,405467,405526,8316
MLFQ,6952,2096,94,10416,494977,492787,492881,8320
MLFQ,2418,2096,29,10420,248789,246664,246693,8324
MLFQ,2404,2097,9,10424,86920,84814,84823,8327
MLFQ,8091,2098,27,10428,219760,217635,217662,8330
MLFQ,3272,2100,58,10436,407628,405470,405528,8336
MLFQ,3763,2101,13,10440,122698,120584,120597,8339
MLFQ,9674,2102,76,10444,462576,460398,460474,8342
MLFQ,4110,2103,95,10450,494980,492782,492877,8347
MLFQ,3983,2104,52,10454,370538,368382,368434,8350
MLFQ,2528,2105,60,10458,407640,405475,405535,8353
MLFQ,605,2105,93,10462,494981,492783,492876,8357
MLFQ,4493,2105,81,10466,480486,478300,478381,8361
MLFQ,7619,2105,58,10470,407650,405487,405545,8365
MLFQ,1155,2106,78,10474,472329,470145,470223,8368
MLFQ,8259,2107,94,10482,494983,492782,492876,8375
MLFQ,8839,2107,33,10486,276321,274181,274214,8379
MLFQ,8944,2108,37,10490,302242,300097,300134,8382
MLFQ,8503,2110,79,10494,472336,470147,470226,8384
MLFQ,1710,2113,11,10502,86992,84868,84879,8389
MLFQ,6988,2113,89,10506,491809,489607,489696,8393
MLFQ,2532,2113,99,10510,496672,494460,494559,8397
MLFQ,9332,2114,36,10514,276341,274191,274227,8400
MLFQ,991,2116,20,10522,156860,154724,154744,8406
MLFQ,5787,2118,85,10526,487015,484812,484897,8408
MLFQ,2890,2120,92,10534,491817,489605,489697,8414
MLFQ,3588,2120,43,10538,326684,324521,324564,8418
MLFQ,1232,2120,68,10542,438378,436190,436258,8422
MLFQ,5986,2120,1,10546,10547,8426,8427,8426
MLFQ,5951,2121,15,10547,122795,120659,120674,8426
MLFQ,4766,2123,67,10555,438381,436191,436258,8432
MLFQ,2396,2125,80,10559,472356,470151,470231,8434
MLFQ,798,2125,55,10563,390019,387839,387894,8438
MLFQ,3119,2130,51,10571,370613,368432,368483,8441
MLFQ,8560,2130,90,10575,491819,489599,489689,8445
MLFQ,6100,2131,53,10583,390032,387848,387901,8452
MLFQ,6227,2135,80,10591,472368,470153,470233,8456
MLFQ,936,2136,47,10595,349526,347343,347390,8459
MLFQ,1891,2137,71,10599,451304,449096,449167,8462
MLFQ,8192,2138,5,10603,49659,47516,47521,8465
MLFQ,1439,2139,60,10609,407726,405527,405587,8470
MLFQ,430,2141,79,10613,472371,470151,470230,8472
MLFQ,9362,2142,49,10617,370646,368455,368504,8475
MLFQ,1118,2143,89,10625,491820,489588,489677,8482
MLFQ,501,2143,36,10629,276433,274254,274290,8486
MLFQ,7120,2147,70,10637,451318,449101,449171,8490
MLFQ,5983,2148,18,10641,156966,154800,154818,8493
MLFQ,4290,2148,8,10645,49699,47543,47551,8497
MLFQ,7051,2149,18,10649,156968,154801,154819,8500
MLFQ,2999,2151,72,10657,451322,449099,449171,8506
MLFQ,4324,2153,92,10661,491824,489579,489671,8508
MLFQ,5860,2155,91,10669,491827,489581,489672,8514
MLFQ,5216,2155,56,10673,390080,387869,387925,8518
MLFQ,5454,2156,34,10677,276459,274269,274303,8521
MLFQ,537,2156,24,10681,189347,187167,187191,8525
MLFQ,3283,2158,69,10685,451331,449104,449173,8527
MLFQ,8563,2158,14,10689,122921,120749,120763,8531
MLFQ,5094,2158,24,10693,189355,187173,187197,8535
MLFQ,5826,2159,58,10701,407760,405543,405601,8542
MLFQ,2324,2159,73,10705,462653,460421,460494,8546
MLFQ,5458,2159,94,10709,494989,492736,492830,8550
MLFQ,2264,2160,35,10713,276482,274287,274322,8553
MLFQ,7073,2161,90,10717,491833,489582,489672,8556
MLFQ,3473,2161,41,10721,326803,324601,324642,8560
MLFQ,1428,2162,13,10725,122954,120779,120792,8563
MLFQ,8964,2162,91,10729,491836,489583,489674,8567
MLFQ,6710,2164,15,10737,122965,120786,120801,8573
MLFQ,7576,2165,5,10741,49792,47622,47627,8576
MLFQ,7629,2166,52,10745,370706,368488,368540,8579
MLFQ,2951,2169,54,10753,390112,387889,387943,8584
MLFQ,5298,2170,35,10757,276513,274308,274343,8587
MLFQ,8306,2170,72,10761,451355,449113,449185,8591
MLFQ,2397,2171,46,10769,349616,347399,347445,8598
MLFQ,4987,2172,29,10773,249046,246845,246874,8601
MLFQ,2952,2172,6,10777,49826,47648,47654,8605
MLFQ,5819,2173,46,10781,349618,347399,347445,8608
MLFQ,4918,2176,59,10789,407791,405556,405615,8613
MLFQ,3452,2176,74,10793,462667,460417,460491,8617
MLFQ,9072,2176,77,10797,472396,470143,470220,8621
MLFQ,7218,2178,87,10801,487050,484785,484872,8623
MLFQ,9991,2179,75,10809,462678,460424,460499,8630
MLFQ,2344,2179,26,10813,220054,217849,217875,8634
MLFQ,3494,2179,94,10817,494991,492718,492812,8638
MLFQ,735,2180,67,10821,438488,436241,436308,8641
MLFQ,5272,2181,4,10825,10829,8644,8648,8644
MLFQ,5618,2181,92,10829,491844,489571,489663,8648
MLFQ,9029,2181,88,10833,487062,484793,484881,8652
MLFQ,5466,2181,62,10837,423939,421696,421758,8656
MLFQ,8409,2185,2,10845,10847,8660,8662,8660
MLFQ,9687,2186,28,10847,220082,217868,217896,8661
MLFQ,3865,2187,90,10855,491846,489569,489659,8668
MLFQ,1843,2190,90,10859,491848,489568,489658,8669
MLFQ,944,2190,21,10863,189496,187285,187306,8673
MLFQ,8386,2191,75,10871,462705,460439,460514,8680
MLFQ,947,2192,77,10875,472425,470156,470233,8683
MLFQ,664,2193,47,10879,349689,347449,347496,8686
MLFQ,3721,2195,16,10887,123096,120885,120901,8692
MLFQ,2272,2196,19,10891,157165,154950,154969,8695
MLFQ,2241,2196,52,10895,370790,368542,368594,8699
MLFQ,8145,2196,97,10899,496673,494380,494477,8703
MLFQ,4760,2197,91,10903,491855,489567,489658,8706
MLFQ,9722,2198,76,10907,462721,460447,460523,8709
MLFQ,1132,2198,68,10911,438536,436270,436338,8713
MLFQ,261,2200,70,10919,451420,449150,449220,8719
MLFQ,1742,2203,42,10926,326937,324692,324734,8723
MLFQ,967,2204,14,10930,123134,120916,120930,8726
MLFQ,3325,2204,85,10934,487079,484790,484875,8730
MLFQ,303,2205,89,10938,491856,489562,489651,8733
MLFQ,3319,2207,95,10946,494998,492696,492791,8739
MLFQ,6953,2208,74,10950,462735,460453,460527,8742
MLFQ,9394,2210,82,10954,480587,478295,478377,8744
MLFQ,8270,2211,7,10962,50001,47783,47790,8751
MLFQ,5662,2212,48,10966,349741,347481,347529,8754
MLFQ,3434,2217,10,10974,87429,85202,85212,8757
MLFQ,4170,2217,29,10978,249191,246945,246974,8761
MLFQ,9997,2218,12,10982,87437,85207,85219,8764
MLFQ,895,2219,73,10990,462744,460452,460525,8771
MLFQ,5611,2220,26,10994,220184,217938,217964,8774
MLFQ,7625,2220,2,10998,11000,8778,8780,8778
MLFQ,3299,2222,36,11000,276673,274415,274451,8778
MLFQ,5952,2223,64,11008,424015,421728,421792,8785
MLFQ,8502,2224,29,11012,249208,246955,246984,8788
MLFQ,7907,2224,50,11016,370850,368576,368626,8792
MLFQ,3204,2224,45,11020,349762,347493,347538,8796
MLFQ,6789,2226,68,11024,438572,436278,436346,8798
MLFQ,5356,2226,64,11028,424023,421733,421797,8802
MLFQ,4946,2229,64,11036,424027,421734,421798,8807
MLFQ,3601,2230,84,11040,480595,478281,478365,8810
MLFQ,4542,2230,15,11044,123229,120984,120999,8814
MLFQ,7385,2233,95,11052,495001,492673,492768,8819
MLFQ,9075,2233,18,11056,157295,155044,155062,8823
MLFQ,3099,2235,12,11064,87510,85263,85275,8829
MLFQ,5043,2237,65,11068,438585,436283,436348,8831
MLFQ,9257,2239,89,11076,491865,489537,489626,8837
MLFQ,5066,2240,68,11080,438593,436285,436353,8840
MLFQ,3629,2240,45,11084,349807,347522,347567,8844
MLFQ,6602,2241,52,11088,370898,368605,368657,8847
MLFQ,3930,2242,17,11092,157324,155065,155082,8850
MLFQ,2895,2242,30,11096,249270,246998,247028,8854
MLFQ,7725,2242,87,11100,487100,484771,484858,8858
MLFQ,972,2243,26,11108,220270,218001,218027,8865
MLFQ,6545,2243,68,11112,438603,436292,436360,8869
MLFQ,6143,2244,7,11116,50151,47900,47907,8872
MLFQ,5564,2244,21,11120,189683,187418,187439,8876
MLFQ,2194,2247,30,11128,249288,247011,247041,8881
MLFQ,6515,2248,54,11132,390299,387997,388051,8884
MLFQ,7074,2251,76,11140,462772,460445,460521,8889
MLFQ,6912,2251,20,11144,157372,155101,155121,8893
MLFQ,5035,2253,84,11148,480618,478281,478365,8895
MLFQ,1538,2255,68,11156,438619,436296,436364,8901
MLFQ,247,2255,52,11160,370938,368631,368683,8905
MLFQ,5666,2256,66,11164,438621,436299,436365,8908
MLFQ,3243,2257,71,11168,451483,449155,449226,8911
MLFQ,8812,2258,3,11172,11175,8914,8917,8914
MLFQ,4157,2258,50,11175,370948,368640,368690,8917
MLFQ,4244,2259,88,11183,487112,484765,484853,8924
MLFQ,2771,2261,75,11187,462787,460451,460526,8926
MLFQ,6644,2261,62,11191,424104,421781,421843,8930
MLFQ,8219,2261,35,11195,276808,274512,274547,8934
MLFQ,5422,2261,60,11199,408002,405681,405741,8938
MLFQ,7287,2262,95,11203,495006,492649,492744,8941
MLFQ,6392,2262,9,11207,87643,85372,85381,8945
MLFQ,5589,2263,43,11215,327120,324814,324857,8952
MLFQ,7347,2263,55,11219,390354,388036,388091,8956
MLFQ,1376,2265,85,11223,487117,484767,484852,8958
MLFQ,9779,2268,60,11231,408022,405694,405754,8963
MLFQ,7871,2268,30,11235,249378,247080,247110,8967
MLFQ,7540,2269,64,11239,424124,421791,421855,8970
MLFQ,7939,2272,75,11247,462806,460459,460534,8975
MLFQ,9330,2273,56,11251,390378,388049,388105,8978
MLFQ,2539,2274,4,11255,11259,8981,8985,8981
MLFQ,6219,2276,3,11263,11266,8987,8990,8987
MLFQ,7954,2276,48,11266,349923,347599,347647,8990
MLFQ,1704,2278,3,11270,11273,8992,8995,8992
MLFQ,2188,2279,44,11277,327160,324837,324881,8998
MLFQ,2870,2282,10,11281,87705,85413,85423,8999
MLFQ,6834,2283,27,11289,220409,218099,218126,9006
MLFQ,6170,2283,68,11293,438663,436312,436380,9010
MLFQ,9338,2284,15,11297,123447,121148,121163,9013
MLFQ,4698,2284,1,11301,11302,9017,9018,9017
MLFQ,2559,2285,71,11302,451518,449162,449233,9017
MLFQ,9723,2287,39,11310,302770,300444,300483,9023
MLFQ,1766,2289,26,11314,220423,218108,218134,9025
MLFQ,9016,2289,35,11318,276883,274559,274594,9029
MLFQ,3593,2292,42,11326,327176,324842,324884,9034
MLFQ,2140,2293,5,11330,50348,48050,48055,9037
MLFQ,3917,2294,56,11334,390396,388046,388102,9040
MLFQ,4376,2294,56,11338,390400,388050,388106,9044
MLFQ,3367,2295,30,11346,249444,247119,247149,9051
MLFQ,5467,2296,26,11350,220453,218131,218157,9054
MLFQ,8525,2296,73,11354,462807,460438,460511,9058
MLFQ,2458,2297,71,11358,451525,449157,449228,9061
MLFQ,6833,2302,11,11366,87783,85470,85481,9064
MLFQ,3731,2305,46,11374,349961,347610,347656,9069
MLFQ,5259,2306,15,11378,123514,121193,121208,9072
MLFQ,3167,2307,23,11386,189894,187564,187587,9079
MLFQ,2578,2307,65,11390,438684,436312,436377,9083
MLFQ,2945,2309,66,11394,438686,436311,436377,9085
MLFQ,6862,2311,95,11402,495009,492603,492698,9091
MLFQ,5332,2313,73,11406,462820,460434,460507,9093
MLFQ,9587,2314,56,11410,390440,388070,388126,9096
MLFQ,9785,2316,45,11418,349994,347633,347678,9102
MLFQ,8411,2317,20,11422,157603,155266,155286,9105
MLFQ,7560,2321,95,11430,495012,492596,492691,9109
MLFQ,5981,2321,79,11434,472521,470121,470200,9113
MLFQ,1250,2322,87,11438,487135,484726,484813,9116
MLFQ,8365,2322,32,11442,249519,247165,247197,9120
MLFQ,2519,2324,45,11450,350007,347638,347683,9126
MLFQ,2629,2326,13,11454,123583,121244,121257,9128
MLFQ,7574,2327,30,11462,249525,247168,247198,9135
MLFQ,199,2327,12,11466,87883,85544,85556,9139
MLFQ,307,2327,16,11470,123595,121252,121268,9143
MLFQ,9525,2328,57,11474,408095,405710,405767,9146
MLFQ,5650,2330,4,11478,11482,9148,9152,9148
MLFQ,4821,2330,16,11482,123603,121257,121273,9152
MLFQ,6200,2330,73,11486,462833,460430,460503,9156
MLFQ,3866,2330,10,11490,87901,85561,85571,9160
MLFQ,8879,2335,54,11502,390466,388077,388131,9167
MLFQ,2493,2336,72,11506,451561,449153,449225,9170
MLFQ,970,2336,94,11510,495014,492584,492678,9174
MLFQ,9073,2338,76,11514,462841,460427,460503,9176
MLFQ,8444,2338,15,11518,123630,121277,121292,9180
MLFQ,5196,2339,55,11526,390485,388091,388146,9187
MLFQ,4555,2341,6,11530,50542,48195,48201,9189
MLFQ,1233,2343,98,11538,496675,494234,494332,9195
MLFQ,4814,2345,77,11542,472538,470116,470193,9197
MLFQ,3788,2346,29,11546,249570,247195,247224,9200
MLFQ,7285,2349,63,11554,424225,421813,421876,9205
MLFQ,1961,2349,58,11558,408133,405726,405784,9209
MLFQ,6026,2349,32,11562,249586,247205,247237,9213
MLFQ,4961,2350,22,11566,190025,187653,187675,9216
MLFQ,2970,2352,95,11574,495021,492574,492669,9222
MLFQ,1492,2353,45,11578,350068,347670,347715,9225
MLFQ,9978,2354,80,11582,472554,470120,470200,9228
MLFQ,2161,2355,5,11590,50599,48239,48244,9235
MLFQ,7707,2355,79,11594,472557,470123,470202,9239
MLFQ,1651,2356,11,11598,88000,85633,85644,9242
MLFQ,1898,2359,10,11606,88006,85637,85647,9247
MLFQ,2476,2361,73,11610,462878,460444,460517,9249
MLFQ,7906,2362,92,11614,491907,489453,489545,9252
MLFQ,4909,2363,4,11622,11626,9259,9263,9259
MLFQ,5020,2364,20,11626,157750,155366,155386,9262
MLFQ,5765,2365,15,11630,123721,121341,121356,9265
MLFQ,1699,2365,89,11634,491908,489454,489543,9269
MLFQ,8249,2367,72,11642,451621,449182,449254,9275
MLFQ,355,2368,64,11646,424265,421833,421897,9278
MLFQ,3144,2368,65,11650,438775,436342,436407,9282
MLFQ,2015,2368,65,11654,438776,436343,436408,9286
MLFQ,3436,2369,43,11658,327371,324959,325002,9289
MLFQ,7223,2370,37,11662,302980,300573,300610,9292
MLFQ,983,2371,96,11670,495028,492561,492657,9299
MLFQ,5591,2371,72,11674,451633,449190,449262,9303
MLFQ,9559,2372,29,11678,249667,247266,247295,9306
MLFQ,9226,2373,43,11682,327386,324970,325013,9309
MLFQ,7938,2374,23,11686,190116,187719,187742,9312
MLFQ,6523,2376,83,11694,480692,478233,478316,9318
MLFQ,2230,2376,68,11698,438796,436352,436420,9322
MLFQ,8783,2377,36,11702,277127,274714,274750,9325
MLFQ,4115,2378,4,11706,11710,9328,9332,9328
MLFQ,6647,2379,76,11714,462898,460443,460519,9335
MLFQ,5159,2381,91,11718,491915,489443,489534,9337
MLFQ,4002,2382,42,11722,327404,324980,325022,9340
MLFQ,1476,2382,67,11726,438807,436358,436425,9344
MLFQ,1437,2383,77,11734,472582,470122,470199,9351
MLFQ,9468,2383,36,11738,277155,274736,274772,9355
MLFQ,7808,2384,16,11742,123825,121425,121441,9358
MLFQ,3056,2384,56,11746,390601,388161,388217,9362
MLFQ,227,2385,19,11750,157857,155453,155472,9365
MLFQ,2152,2385,50,11754,371235,368800,368850,9369
MLFQ,4229,2387,62,11762,424315,421866,421928,9375
MLFQ,5450,2387,98,11766,496677,494192,494290,9379
MLFQ,9251,2389,37,11770,303049,300623,300660,9381
MLFQ,779,2393,10,11778,88166,85763,85773,9385
MLFQ,2766,2394,47,11782,350181,347740,347787,9388
MLFQ,5300,2395,58,11790,408239,405786,405844,9395
MLFQ,1427,2396,97,11794,496678,494185,494282,9398
MLFQ,9231,2397,28,11798,220781,218356,218384,9401
MLFQ,4537,2398,76,11802,462922,460448,460524,9404
MLFQ,8487,2399,54,11810,390631,388178,388232,9411
MLFQ,8296,2401,91,11814,491926,489434,489525,9413
MLFQ,4686,2402,83,11818,480714,478229,478312,9416
MLFQ,8636,2402,46,11822,350211,347763,347809,9420
MLFQ,1460,2403,39,11830,303100,300658,300697,9427
MLFQ,2032,2408,60,11838,408263,405795,405855,9430
MLFQ,3415,2409,21,11842,190249,187819,187840,9433
MLFQ,9775,2409,57,11846,408264,405798,405855,9437
MLFQ,5796,2410,21,11850,190254,187823,187844,9440
MLFQ,4264,2411,82,11858,480716,478223,478305,9447
MLFQ,7615,2413,29,11862,249808,247366,247395,9449
MLFQ,4778,2415,28,11870,220841,218398,218426,9455
MLFQ,5970,2415,90,11874,491928,489423,489513,9459
MLFQ,9643,2415,40,11878,303128,300673,300713,9463
MLFQ,6325,2415,93,11882,495037,492529,492622,9467
MLFQ,6379,2415,76,11886,462946,460455,460531,9471
MLFQ,2961,2416,47,11890,350249,347786,347833,9474
MLFQ,4710,2418,77,11894,472615,470120,470197,9476
MLFQ,7333,2418,28,11898,220869,218423,218451,9480
MLFQ,1295,2419,40,11906,303148,300689,300729,9487
MLFQ,6793,2419,74,11910,462952,460459,460533,9491
MLFQ,8935,2421,22,11914,190308,187865,187887,9493
MLFQ,1267,2421,73,11918,462953,460459,460532,9497
MLFQ,8979,2422,80,11922,472619,470117,470197,9500
MLFQ,7826,2423,14,11930,123999,121562,121576,9507
MLFQ,3776,2424,50,11934,371323,368849,368899,9510
MLFQ,2542,2426,68,11938,438874,436380,436448,9512
MLFQ,3770,2426,36,11942,277307,274845,274881,9516
MLFQ,456,2427,15,11950,124018,121576,121591,9523
MLFQ,1986,2428,84,11954,480728,478216,478300,9526
MLFQ,7130,2428,5,11958,50954,48521,48526,9530
MLFQ,1501,2428,55,11962,390698,388215,388270,9534
MLFQ,6397,2429,14,11966,124028,121585,121599,9537
MLFQ,1631,2430,32,11970,249884,247422,247454,9540
MLFQ,4293,2430,32,11974,249888,247426,247458,9544
MLFQ,8644,2431,88,11982,487195,484676,484764,9551
MLFQ,6990,2431,10,11986,88364,85923,85933,9555
MLFQ,4623,2432,78,11990,472637,470127,470205,9558
MLFQ,8116,2433,76,11994,462981,460472,460548,9561
MLFQ,1570,2433,20,11998,158073,155620,155640,9565
MLFQ,14,2433,59,12002,408327,405835,405894,9569
MLFQ,7341,2434,66,12006,438900,436400,436466,9572
MLFQ,6595,2436,79,12014,472640,470125,470204,9578
MLFQ,3188,2437,8,12018,51014,48569,48577,9581
MLFQ,3685,2438,21,12022,190385,187926,187947,9584
MLFQ,4332,2440,74,12030,462987,460473,460547,9590
MLFQ,6589,2440,61,12034,424418,421917,421978,9594
MLFQ,8243,2440,28,12038,220965,218497,218525,9598
MLFQ,6945,2441,83,12042,480735,478211,478294,9601
MLFQ,6690,2443,36,12050,277371,274892,274928,9607
MLFQ,997,2443,93,12054,495038,492502,492595,9611
MLFQ,6341,2446,74,12058,462997,460477,460551,9612
MLFQ,3458,2451,97,12070,496679,494131,494228,9619
MLFQ,106,2454,86,12074,487205,484665,484751,9620
MLFQ,2674,2454,80,12078,472660,470126,470206,9624
MLFQ,3034,2454,39,12082,303255,300762,300801,9628
MLFQ,5908,2460,88,12094,487209,484661,484749,9634
MLFQ,8908,2460,69,12098,451766,449237,449306,9638
MLFQ,2300,2460,66,12102,438942,436416,436482,9642
MLFQ,3743,2461,73,12106,463014,460480,460553,9645
MLFQ,2262,2461,3,12110,12113,9649,9652,9649
MLFQ,4651,2462,87,12113,487212,484663,484750,9651
MLFQ,4900,2462,3,12117,12120,9655,9658,9655
MLFQ,8393,2463,16,12124,124167,121688,121704,9661
MLFQ,9087,2464,88,12128,487216,484664,484752,9664
MLFQ,8422,2465,12,12132,88497,86020,86032,9667
MLFQ,2869,2466,94,12136,495044,492484,492578,9670
MLFQ,4676,2466,73,12140,463029,460490,460563,9674
MLFQ,1388,2466,15,12144,124182,121701,121716,9678
MLFQ,3425,2468,14,12152,124188,121706,121720,9684
MLFQ,3505,2468,25,12156,221050,218557,218582,9688
MLFQ,1447,2469,24,12160,190489,187996,188020,9691
MLFQ,841,2472,76,12168,463037,460489,460565,9696
MLFQ,3887,2472,43,12172,327683,325168,325211,9700
MLFQ,1972,2472,81,12176,480768,478215,478296,9704
MLFQ,1978,2475,54,12184,390812,388283,388337,9709
MLFQ,5488,2476,71,12188,451805,449258,449329,9712
MLFQ,432,2479,27,12196,221081,218575,218602,9717
MLFQ,2729,2479,31,12200,250043,247533,247564,9721
MLFQ,1076,2482,55,12204,390819,388282,388337,9722
MLFQ,9302,2484,58,12212,408425,405883,405941,9728
MLFQ,8406,2486,82,12216,480770,478202,478284,9730
MLFQ,7494,2486,52,12220,371475,368937,368989,9734
MLFQ,6687,2486,1,12224,12225,9738,9739,9738
MLFQ,7950,2488,20,12229,158262,155754,155774,9741
MLFQ,443,2489,14,12233,124262,121759,121773,9744
MLFQ,3060,2490,90,12237,491946,489366,489456,9747
MLFQ,375,2491,45,12245,350441,347905,347950,9754
MLFQ,8361,2492,79,12249,472699,470128,470207,9757
MLFQ,2001,2493,91,12253,491949,489365,489456,9760
MLFQ,2093,2494,84,12257,480783,478205,478289,9763
MLFQ,8982,2496,27,12265,221136,218613,218640,9769
MLFQ,2035,2496,80,12269,472711,470135,470215,9773
MLFQ,2855,2497,75,12273,463072,460500,460575,9776
MLFQ,6774,2500,97,12281,496680,494083,494180,9781
MLFQ,522,2502,65,12285,439019,436452,436517,9783
MLFQ,4609,2504,20,12293,158322,155798,155818,9789
MLFQ,493,2504,47,12297,350480,347929,347976,9793
MLFQ,2612,2504,46,12301,350482,347932,347978,9797
MLFQ,4186,2505,74,12305,463082,460503,460577,9800
MLFQ,6054,2506,27,12309,221175,218642,218669,9803
MLFQ,8869,2506,40,12313,303413,300867,300907,9807
MLFQ,6300,2508,50,12321,371529,368971,369021,9813
MLFQ,7037,2509,73,12325,463083,460501,460574,9816
MLFQ,7476,2510,4,12329,12333,9819,9823,9819
MLFQ,210,2511,99,12337,496683,494073,494172,9826
MLFQ,8414,2511,41,12341,327797,325245,325286,9830
MLFQ,8209,2511,77,12345,472723,470135,470212,9834
MLFQ,6034,2511,32,12349,250163,247620,247652,9838
MLFQ,8011,2513,41,12353,327802,325248,325289,9840
MLFQ,7572,2513,9,12357,88711,86189,86198,9844
MLFQ,7392,2513,45,12361,350511,347953,347998,9848
MLFQ,8714,2513,65,12365,439044,436466,436531,9852
MLFQ,8140,2514,97,12369,496684,494073,494170,9855
MLFQ,9783,2515,3,12377,12380,9862,9865,9862
MLFQ,9213,2515,13,12380,124395,121867,121880,9865
MLFQ,9343,2520,53,12388,390904,388331,388384,9868
MLFQ,2318,2520,53,12392,390905,388332,388385,9872
MLFQ,5799,2521,3,12396,12399,9875,9878,9875
MLFQ,7595,2523,39,12403,303472,300910,300949,9880
MLFQ,3587,2524,29,12407,250196,247643,247672,9883
MLFQ,2727,2524,41,12411,327827,325262,325303,9887
MLFQ,6467,2526,2,12415,12417,9889,9891,9889
MLFQ,2080,2529,50,12421,371564,368985,369035,9892
MLFQ,9798,2529,52,12425,371568,368987,369039,9896
MLFQ,2075,2530,37,12429,303485,300918,300955,9899
MLFQ,9425,2532,54,12437,390911,388325,388379,9905
MLFQ,4347,2535,50,12445,371578,368993,369043,9910
MLFQ,3616,2535,60,12449,408509,405914,405974,9914
MLFQ,4944,2537,49,12453,371583,368997,369046,9916
MLFQ,1121,2538,62,12457,424579,421979,422041,9919
MLFQ,9636,2538,59,12461,408516,405919,405978,9923
MLFQ,2471,2539,1,12469,12470,9930,9931,9930
MLFQ,554,2539,15,12470,124478,121924,121939,9931
MLFQ,4729,2541,20,12474,158477,155916,155936,9933
MLFQ,1169,2541,81,12478,480799,478177,478258,9937
MLFQ,7014,2542,35,12482,277672,275095,275130,9940
MLFQ,7221,2544,81,12490,480800,478175,478256,9946
MLFQ,9403,2544,75,12494,463110,460491,460566,9950
MLFQ,4398,2547,57,12502,408533,405929,405986,9955
MLFQ,2326,2547,36,12506,277696,275113,275149,9959
MLFQ,5165,2547,53,12510,390944,388344,388397,9963
MLFQ,5729,2550,14,12514,124520,121956,121970,9964
MLFQ,9821,2550,48,12518,350595,347997,348045,9968
MLFQ,2545,2551,99,12526,496687,494037,494136,9975
MLFQ,870,2551,36,12530,277712,275125,275161,9979
MLFQ,7279,2553,48,12534,350603,348002,348050,9981
MLFQ,3730,2555,56,12542,390952,388341,388397,9987
MLFQ,2549,2555,43,12546,327907,325309,325352,9991
MLFQ,7460,2555,94,12550,495062,492413,492507,9995
MLFQ,3131,2555,7,12554,51529,48967,48974,9999
MLFQ,258,2557,21,12558,190818,188240,188261,10001
MLFQ,24,2558,1,12562,12563,10004,10005,10004
MLFQ,5182,2560,1,12567,12568,10007,10008,10007
MLFQ,917,2560,67,12568,439080,436453,436520,10008
MLFQ,4070,2561,61,12572,424608,421986,422047,10011
MLFQ,2360,2563,20,12580,158558,155975,155995,10017
MLFQ,5920,2565,4,12584,12588,10019,10023,10019
MLFQ,3991,2565,96,12588,495066,492405,492501,10023
MLFQ,3307,2566,11,12592,88922,86345,86356,10026
MLFQ,4233,2566,30,12596,250322,247726,247756,10030
MLFQ,6155,2567,21,12604,190839,188251,188272,10037
MLFQ,3004,2567,54,12608,390970,388349,388403,10041
MLFQ,7620,2568,60,12612,408557,405929,405989,10044
MLFQ,89,2568,83,12616,480815,478164,478247,10048
MLFQ,8438,2568,1,12620,12621,10052,10053,10052
MLFQ,5800,2568,68,12621,439092,436456,436524,10053
MLFQ,6347,2569,4,12625,12629,10056,10060,10056
MLFQ,5539,2572,53,12633,390987,388362,388415,10061
MLFQ,1161,2573,26,12637,221414,218815,218841,10064
MLFQ,4059,2575,42,12645,327949,325332,325374,10070
MLFQ,5062,2575,29,12649,250355,247751,247780,10074
MLFQ,9942,2575,27,12653,221429,218827,218854,10078
MLFQ,9227,2576,19,12657,158621,156026,156045,10081
MLFQ,8004,2577,89,12661,491974,489308,489397,10084
MLFQ,8866,2580,1,12667,12668,10087,10088,10087
MLFQ,9050,2580,51,12668,371670,369039,369090,10088
MLFQ,5456,2580,95,12672,495069,492394,492489,10092
MLFQ,3990,2581,97,12676,496688,494010,494107,10095
MLFQ,4875,2581,46,12680,350665,348038,348084,10099
MLFQ,4099,2581,11,12684,89005,86413,86424,10103
MLFQ,6684,2581,71,12688,451921,449269,449340,10107
MLFQ,8789,2586,21,12696,190912,188305,188326,10110
MLFQ,8238,2587,25,12704,221462,218850,218875,10117
MLFQ,3228,2587,66,12708,439114,436461,436527,10121
MLFQ,4162,2587,50,12712,371696,369059,369109,10125
MLFQ,9101,2588,46,12716,350687,348053,348099,10128
MLFQ,858,2590,98,12720,496690,494002,494100,10130
MLFQ,9652,2590,49,12724,371701,369062,369111,10134
MLFQ,6714,2590,18,12728,158683,156075,156093,10138
MLFQ,3873,2591,71,12736,451932,449270,449341,10145
MLFQ,2583,2591,65,12740,439127,436471,436536,10149
MLFQ,8235,2592,75,12744,463151,460484,460559,10152
MLFQ,780,2593,67,12748,439134,436474,436541,10155
MLFQ,3884,2594,81,12752,480836,478161,478242,10158
MLFQ,6593,2594,59,12756,408620,405967,406026,10162
MLFQ,8817,2597,17,12764,158716,156102,156119,10167
MLFQ,2679,2597,93,12768,495078,492388,492481,10171
MLFQ,5469,2597,37,12772,303695,301061,301098,10175
MLFQ,9305,2597,4,12776,12780,10179,10183,10179
MLFQ,5514,2598,98,12780,496692,493996,494094,10182
MLFQ,1162,2599,50,12788,371743,369094,369144,10189
MLFQ,5934,2600,95,12792,495085,492390,492485,10192
MLFQ,3720,2600,22,12796,190998,188376,188398,10196
MLFQ,5822,2601,21,12800,190999,188377,188398,10199
MLFQ,6637,2603,20,12808,158756,156133,156153,10205
MLFQ,6177,2603,62,12812,424690,422025,422087,10209
MLFQ,1443,2604,18,12816,158762,156140,156158,10212
MLFQ,4000,2604,21,12820,191008,188383,188404,10216
MLFQ,3360,2606,50,12824,371757,369101,369151,10218
MLFQ,3680,2606,73,12828,463172,460493,460566,10222
MLFQ,2913,2606,51,12832,371764,369107,369158,10226
MLFQ,3987,2607,62,12840,424696,422027,422089,10233
MLFQ,6401,2607,73,12844,463173,460493,460566,10237
MLFQ,3570,2610,47,12848,350778,348121,348168,10238
MLFQ,2411,2610,51,12852,371775,369114,369165,10242
MLFQ,45,2612,60,12860,408660,405988,406048,10248
MLFQ,4265,2617,44,12868,328105,325444,325488,10251
MLFQ,4037,2618,94,12872,495087,492375,492469,10254
MLFQ,4664,2618,79,12876,472808,470111,470190,10258
MLFQ,9012,2620,69,12884,451985,449296,449365,10264
MLFQ,6215,2623,86,12892,487300,484591,484677,10269
MLFQ,3196,2624,85,12896,487301,484592,484677,10272
MLFQ,8477,2625,90,12900,492012,489297,489387,10275
MLFQ,9259,2627,15,12907,124867,122225,122240,10280
MLFQ,5923,2630,17,12911,158847,156200,156217,10281
MLFQ,1354,2632,20,12919,158855,156203,156223,10287
MLFQ,2335,2634,33,12923,277969,275302,275335,10289
MLFQ,9458,2634,76,12927,463209,460499,460575,10293
MLFQ,914,2635,36,12935,277981,275310,275346,10300
MLFQ,6327,2637,54,12939,391135,388444,388498,10302
MLFQ,5411,2639,80,12947,472828,470109,470189,10308
MLFQ,3734,2642,46,12951,350848,348160,348206,10309
MLFQ,6975,2642,64,12955,424756,422050,422114,10313
MLFQ,2456,2643,78,12963,472834,470113,470191,10320
MLFQ,5719,2644,8,12967,51921,49269,49277,10323
MLFQ,3376,2645,98,12971,496694,493951,494049,10326
MLFQ,973,2645,53,12975,391160,388462,388515,10330
MLFQ,5230,2645,4,12979,12983,10334,10338,10334
MLFQ,9013,2646,69,12983,452022,449307,449376,10337
MLFQ,5224,2646,70,12987,452024,449308,449378,10341
MLFQ,8790,2648,64,12995,424780,422068,422132,10347
MLFQ,2328,2649,88,12999,487317,484580,484668,10350
MLFQ,7807,2650,25,13003,221697,219022,219047,10353
MLFQ,8514,2651,98,13011,496696,493947,494045,10360
MLFQ,5368,2653,95,13015,495098,492350,492445,10362
MLFQ,8137,2653,38,13019,303869,301178,301216,10366
MLFQ,8598,2653,52,13023,371887,369182,369234,10370
MLFQ,4925,2654,76,13027,463241,460511,460587,10373
MLFQ,5823,2657,75,13035,463244,460512,460587,10378
MLFQ,5114,2657,44,13039,328225,325524,325568,10382
MLFQ,2887,2658,2,13043,13045,10385,10387,10385
MLFQ,6805,2658,55,13045,391195,388482,388537,10387
MLFQ,2681,2659,26,13053,221731,219046,219072,10394
MLFQ,5744,2659,24,13057,191208,188525,188549,10398
MLFQ,3007,2660,52,13061,371903,369191,369243,10401
MLFQ,3284,2661,6,13065,52011,49344,49350,10404
MLFQ,6257,2663,33,13073,278070,275374,275407,10410
MLFQ,2000,2665,16,13077,125013,122332,122348,10412
MLFQ,6323,2665,41,13081,328234,325528,325569,10416
MLFQ,7449,2665,52,13085,371907,369190,369242,10420
MLFQ,9025,2666,61,13089,424801,422074,422135,10423
MLFQ,1307,2667,17,13097,158996,156312,156329,10430
MLFQ,3861,2668,79,13101,472853,470106,470185,10433
MLFQ,4990,2669,44,13105,328250,325537,325581,10436
MLFQ,5304,2670,39,13109,303916,301207,301246,10439
MLFQ,8864,2670,53,13113,391204,388481,388534,10443
MLFQ,9707,2670,46,13117,350930,348214,348260,10447
MLFQ,4745,2671,50,13125,371921,369200,369250,10454
MLFQ,4566,2672,74,13129,463250,460504,460578,10457
MLFQ,2173,2672,91,13133,492027,489264,489355,10461
MLFQ,988,2674,32,13137,250707,248001,248033,10463
MLFQ,1154,2679,48,13149,350946,348219,348267,10470
MLFQ,3966,2679,40,13153,303944,301225,301265,10474
MLFQ,561,2681,37,13157,303945,301227,301264,10476
MLFQ,1195,2681,63,13161,424816,422072,422135,10480
MLFQ,5723,2681,52,13165,371937,369204,369256,10484
MLFQ,7444,2681,79,13169,472860,470100,470179,10488
MLFQ,6302,2682,90,13173,492029,489257,489347,10491
MLFQ,8997,2685,75,13181,463265,460505,460580,10496
MLFQ,9203,2686,11,13185,89479,86782,86793,10499
MLFQ,7278,2686,12,13189,89483,86785,86797,10503
MLFQ,7936,2686,26,13193,221834,219122,219148,10507
MLFQ,3946,2687,56,13201,391236,388493,388549,10514
MLFQ,6733,2689,98,13205,496698,493911,494009,10516
MLFQ,8569,2689,34,13209,278160,275437,275471,10520
MLFQ,9187,2690,94,13213,495104,492320,492414,10523
MLFQ,4208,2690,44,13217,328314,325580,325624,10527
MLFQ,8228,2691,12,13225,89515,86812,86824,10534
MLFQ,5451,2693,40,13229,303989,301256,301296,10536
MLFQ,147,2693,26,13233,221864,219145,219171,10540
MLFQ,92,2695,42,13241,328320,325583,325625,10546
MLFQ,4442,2696,19,13245,159123,156408,156427,10549
MLFQ,3894,2700,39,13253,304000,301261,301300,10553
MLFQ,2849,2702,81,13257,480909,478126,478207,10555
MLFQ,622,2703,52,13265,371979,369224,369276,10562
MLFQ,7118,2705,46,13269,351000,348249,348295,10564
MLFQ,5868,2706,76,13273,463284,460502,460578,10567
MLFQ,6764,2707,63,13281,424851,422081,422144,10574
MLFQ,5975,2708,95,13285,495107,492304,492399,10577
MLFQ,3553,2708,77,13289,472881,470096,470173,10581
MLFQ,9266,2708,78,13293,472883,470097,470175,10585
MLFQ,1264,2708,8,13297,52237,49521,49529,10589
MLFQ,1031,2708,86,13301,487347,484553,484639,10593
MLFQ,8546,2709,23,13305,191411,188679,188702,10596
MLFQ,8978,2709,71,13309,452107,449327,449398,10600
MLFQ,4725,2710,16,13313,125225,122499,122515,10603
MLFQ,7767,2711,94,13321,495109,492304,492398,10610
MLFQ,1216,2711,86,13325,487353,484556,484642,10614
MLFQ,8158,2711,69,13329,452116,449336,449405,10618
MLFQ,2211,2711,27,13333,221947,219209,219236,10622
MLFQ,946,2712,37,13337,304061,301312,301349,10625
MLFQ,1060,2713,34,13341,278251,275504,275538,10628
MLFQ,6042,2713,67,13345,439332,436552,436619,10632
MLFQ,5642,2716,81,13353,480926,478129,478210,10637
MLFQ,1081,2717,78,13357,472901,470106,470184,10640
MLFQ,2094,2719,10,13365,89649,86920,86930,10646
MLFQ,1455,2719,34,13369,278273,275520,275554,10650
MLFQ,8709,2720,13,13373,125278,122545,122558,10653
MLFQ,1594,2720,1,13377,13378,10657,10658,10657
MLFQ,5748,2721,23,13378,191470,188726,188749,10657
MLFQ,6083,2721,62,13382,424897,422114,422176,10661
MLFQ,9819,2722,19,13386,159246,156505,156524,10664
MLFQ,7083,2722,67,13390,439343,436554,436621,10668
MLFQ,7691,2722,10,13394,89675,86943,86953,10672
MLFQ,9736,2723,67,13402,439346,436556,436623,10679
MLFQ,2711,2723,17,13406,159259,156519,156536,10683
MLFQ,4079,2725,60,13410,408872,406087,406147,10685
MLFQ,5910,2728,95,13418,495112,492289,492384,10690
MLFQ,108,2731,52,13426,372068,369285,369337,10695
MLFQ,9526,2731,86,13430,487359,484542,484628,10699
MLFQ,8451,2731,59,13434,408887,406097,406156,10703
MLFQ,8976,2732,72,13438,452140,449336,449408,10706
MLFQ,329,2733,57,13442,408892,406102,406159,10709
MLFQ,1737,2734,29,13446,250936,248173,248202,10712
MLFQ,31,2734,47,13450,351115,348334,348381,10716
MLFQ,7841,2735,83,13458,480937,478119,478202,10723
MLFQ,4119,2735,20,13462,159315,156560,156580,10727
MLFQ,6751,2735,16,13466,125366,122615,122631,10731
MLFQ,1384,2736,55,13470,391351,388560,388615,10734
MLFQ,460,2738,88,13474,487363,484537,484625,10736
MLFQ,6455,2738,67,13478,439373,436568,436635,10740
MLFQ,7877,2738,88,13482,487367,484541,484629,10744
MLFQ,7926,2739,46,13490,351141,348356,348402,10751
MLFQ,7312,2739,73,13494,463341,460529,460602,10755
MLFQ,842,2739,99,13498,496701,493863,493962,10759
MLFQ,1765,2740,96,13502,495120,492284,492380,10762
MLFQ,5772,2741,44,13506,328499,325714,325758,10765
MLFQ,3392,2743,25,13514,222088,219320,219345,10771
MLFQ,427,2744,3,13518,13521,10774,10777,10774
MLFQ,7077,2744,41,13521,328504,325719,325760,10777
MLFQ,635,2745,92,13525,492061,489224,489316,10780
MLFQ,3295,2745,12,13529,89807,87050,87062,10784
MLFQ,1429,2745,87,13533,487382,484550,484637,10788
MLFQ,27,2747,51,13541,372139,369341,369392,10794
MLFQ,8263,2747,64,13545,424966,422155,422219,10798
MLFQ,3542,2749,89,13549,492064,489226,489315,10800
MLFQ,9146,2750,17,13553,159388,156621,156638,10803
MLFQ,1488,2752,2,13561,13563,10809,10811,10809
MLFQ,8312,2756,68,13567,439413,436589,436657,10811
MLFQ,2407,2757,13,13571,125455,122685,122698,10814
MLFQ,5843,2757,13,13575,125456,122686,122699,10818
MLFQ,9500,2758,79,13579,472955,470118,470197,10821
MLFQ,8429,2759,6,13587,52515,49750,49756,10828
MLFQ,3696,2761,76,13591,463377,460540,460616,10830
MLFQ,3858,2761,52,13595,372171,369358,369410,10834
MLFQ,4436,2761,65,13599,439422,436596,436661,10838
MLFQ,7982,2762,4,13603,13607,10841,10845,10841
MLFQ,3992,2763,8,13611,52535,49764,49772,10848
MLFQ,3637,2763,9,13615,89872,87100,87109,10852
MLFQ,8099,2763,44,13619,328564,325757,325801,10856
MLFQ,7529,2765,67,13623,439429,436597,436664,10858
MLFQ,6604,2765,83,13627,480976,478128,478211,10862
MLFQ,3465,2765,95,13631,495123,492263,492358,10866
MLFQ,3066,2767,44,13639,328584,325773,325817,10872
MLFQ,9459,2768,40,13643,304273,301465,301505,10875
MLFQ,1159,2768,12,13647,89904,87124,87136,10879
MLFQ,6569,2772,48,13655,351237,348417,348465,10883
MLFQ,1839,2772,75,13659,463396,460549,460624,10887
MLFQ,7286,2773,6,13663,52585,49806,49812,10890
MLFQ,4575,2773,57,13667,408989,406159,406216,10894
MLFQ,3892,2773,84,13671,480984,478127,478211,10898
MLFQ,5289,2774,3,13675,13678,10901,10904,10901
MLFQ,6543,2775,35,13682,278492,275682,275717,10907
MLFQ,9369,2775,43,13686,328611,325793,325836,10911
MLFQ,4268,2775,71,13690,452219,449373,449444,10915
MLFQ,5003,2776,61,13694,425027,422190,422251,10918
MLFQ,5055,2778,10,13698,89946,87158,87168,10920
MLFQ,6194,2779,69,13706,452220,449372,449441,10927
MLFQ,647,2779,9,13710,89955,87167,87176,10931
MLFQ,3141,2780,13,13714,125557,122764,122777,10934
MLFQ,3483,2780,28,13718,222228,219420,219448,10938
MLFQ,4310,2782,2,13722,13724,10940,10942,10940
MLFQ,524,2782,51,13724,372234,369401,369452,10942
MLFQ,3371,2783,41,13732,328636,325812,325853,10949
MLFQ,8646,2784,61,13736,425036,422191,422252,10952
MLFQ,2026,2785,16,13740,125581,122780,122796,10955
MLFQ,4372,2785,61,13744,425037,422191,422252,10959
MLFQ,6722,2785,55,13748,391485,388645,388700,10963
MLFQ,4446,2786,39,13752,304344,301519,301558,10966
MLFQ,495,2786,86,13756,487400,484528,484614,10970
MLFQ,7307,2786,21,13760,191755,188948,188969,10974
MLFQ,9393,2787,55,13768,391492,388650,388705,10981
MLFQ,3445,2787,96,13772,495127,492244,492340,10985
MLFQ,4218,2789,80,13776,472983,470114,470194,10987
MLFQ,129,2790,62,13780,425051,422199,422261,10990
MLFQ,6763,2790,53,13784,391505,388662,388715,10994
MLFQ,3300,2792,17,13790,159561,156752,156769,10998
MLFQ,6375,2793,74,13794,463414,460547,460621,11001
MLFQ,9555,2793,13,13798,125634,122828,122841,11005
MLFQ,5571,2795,68,13806,439482,436619,436687,11011
MLFQ,806,2797,19,13810,159576,156760,156779,11013
MLFQ,5108,2799,14,13818,125652,122839,122853,11019
MLFQ,3567,2800,34,13822,278586,275752,275786,11022
MLFQ,2781,2800,27,13826,222307,219480,219507,11026
MLFQ,7525,2800,73,13830,463423,460550,460623,11030
MLFQ,8716,2801,50,13834,372293,369442,369492,11033
MLFQ,6317,2803,8,13842,52757,49946,49954,11039
MLFQ,3308,2803,24,13846,191819,188992,189016,11043
MLFQ,7858,2803,68,13850,439494,436623,436691,11047
MLFQ,4761,2806,49,13854,372298,369443,369492,11048
MLFQ,345,2806,88,13858,487408,484514,484602,11052
MLFQ,3037,2808,13,13866,125693,122872,122885,11058
MLFQ,1452,2808,23,13870,191838,189007,189030,11062
MLFQ,5783,2809,4,13874,13878,11065,11069,11065
MLFQ,8571,2810,39,13878,304410,301561,301600,11068
MLFQ,6532,2810,20,13882,159632,156802,156822,11072
MLFQ,9876,2810,97,13886,496702,493795,493892,11076
MLFQ,2386,2810,36,13890,278619,275773,275809,11080
MLFQ,213,2811,2,13898,13900,11087,11089,11087
MLFQ,712,2814,15,13900,125720,122891,122906,11086
MLFQ,1991,2817,26,13908,222353,219510,219536,11091
MLFQ,6681,2817,31,13912,251247,248399,248430,11095
MLFQ,3826,2817,69,13916,452265,449379,449448,11099
MLFQ,2034,2817,5,13920,52826,50004,50009,11103
MLFQ,9167,2819,63,13928,425102,422220,422283,11109
MLFQ,3047,2819,56,13932,391561,388686,388742,11113
MLFQ,4642,2821,79,13936,473002,470102,470181,11115
MLFQ,2563,2822,90,13940,492079,489167,489257,11118
MLFQ,6855,2823,14,13948,125762,122925,122939,11125
MLFQ,6817,2824,13,13952,125763,122926,122939,11128
MLFQ,903,2824,85,13956,487418,484509,484594,11132
MLFQ,8660,2825,66,13960,439532,436641,436707,11135
MLFQ,4168,2827,5,13968,52871,50039,50044,11141
MLFQ,4129,2828,38,13972,304464,301598,301636,11144
MLFQ,3147,2828,85,13976,487419,484506,484591,11148
MLFQ,4431,2828,67,13980,439540,436645,436712,11152
MLFQ,8842,2829,34,13984,278681,275818,275852,11155
MLFQ,6082,2831,88,13992,487423,484504,484592,11161
MLFQ,902,2832,13,13996,125800,122955,122968,11164
MLFQ,742,2832,24,14000,191934,189078,189102,11168
MLFQ,3562,2832,55,14004,391596,388709,388764,11172
MLFQ,6745,2833,62,14008,425136,422241,422303,11175
MLFQ,3002,2834,57,14012,409126,406235,406292,11178
MLFQ,7876,2835,40,14020,304497,301622,301662,11185
MLFQ,9110,2837,62,14024,425138,422239,422301,11187
MLFQ,403,2838,84,14028,481026,478104,478188,11190
MLFQ,6207,2838,8,14032,52935,50089,50097,11194
MLFQ,7868,2838,98,14036,496704,493768,493866,11198
MLFQ,2426,2839,26,14044,222455,219590,219616,11205
MLFQ,448,2839,79,14048,473029,470111,470190,11209
MLFQ,5424,2841,21,14052,191975,189113,189134,11211
MLFQ,3087,2841,72,14056,452305,449392,449464,11215
MLFQ,4945,2842,4,14060,14064,11218,11222,11218
MLFQ,4838,2843,32,14068,251355,248480,248512,11225
MLFQ,1514,2844,97,14072,496705,493764,493861,11228
MLFQ,4716,2845,46,14076,351448,348557,348603,11231
MLFQ,8392,2846,75,14080,463477,460556,460631,11234
MLFQ,9477,2847,32,14088,251375,248496,248528,11241
MLFQ,440,2849,14,14092,125878,123015,123029,11243
MLFQ,3723,2849,66,14096,439570,436655,436721,11247
MLFQ,7421,2850,5,14100,52988,50133,50138,11250
MLFQ,4135,2850,37,14104,304534,301647,301684,11254
MLFQ,4130,2850,19,14108,159807,156938,156957,11258
MLFQ,4837,2851,61,14116,425167,422255,422316,11265
MLFQ,1943,2852,94,14120,495141,492195,492289,11268
MLFQ,4030,2854,59,14124,409169,406256,406315,11270
MLFQ,3878,2854,23,14128,192030,189153,189176,11274
MLFQ,8064,2855,96,14136,495145,492194,492290,11281
MLFQ,7437,2860,8,14144,53032,50164,50172,11284
MLFQ,4509,2863,90,14152,492097,489144,489234,11289
MLFQ,1857,2863,25,14156,222532,219644,219669,11293
MLFQ,9941,2865,13,14160,125935,123057,123070,11295
MLFQ,1201,2866,61,14164,425188,422261,422322,11298
MLFQ,4597,2866,6,14168,53054,50182,50188,11302
MLFQ,2808,2866,19,14172,159858,156973,156992,11306
MLFQ,7342,2868,88,14180,487447,484491,484579,11312
MLFQ,7696,2869,63,14184,425199,422267,422330,11315
MLFQ,265,2869,50,14188,372452,369533,369583,11319
MLFQ,7932,2870,73,14192,463499,460556,460629,11322
MLFQ,658,2871,63,14200,425206,422272,422335,11329
MLFQ,3485,2871,23,14204,192089,189195,189218,11333
MLFQ,1024,2872,36,14208,278821,275913,275949,11336
MLFQ,8471,2873,86,14212,487449,484490,484576,11339
MLFQ,4105,2875,86,14220,487451,484490,484576,11345
MLFQ,1845,2875,53,14224,391701,388773,388826,11349
MLFQ,8517,2877,88,14228,487455,484490,484578,11351
MLFQ,787,2878,46,14232,351534,348610,348656,11354
MLFQ,6247,2880,86,14240,487457,484491,484577,11360
MLFQ,6897,2881,57,14244,409230,406292,406349,11363
MLFQ,5474,2881,26,14248,222604,219697,219723,11367
MLFQ,9940,2881,97,14252,496706,493728,493825,11371
MLFQ,6331,2883,60,14260,409242,406299,406359,11377
MLFQ,5967,2883,5,14264,53147,50259,50264,11381
MLFQ,8136,2886,39,14268,304645,301720,301759,11382
MLFQ,6709,2886,72,14272,452372,449414,449486,11386
MLFQ,9746,2886,65,14276,439631,436680,436745,11390
MLFQ,5419,2887,10,14284,90473,87576,87586,11397
MLFQ,9186,2888,83,14288,481079,478108,478191,11400
MLFQ,8352,2889,19,14292,159969,157061,157080,11403
MLFQ,4013,2890,53,14296,391742,388799,388852,11406
MLFQ,4053,2891,3,14304,14307,11413,11416,11413
MLFQ,984,2891,58,14307,409264,406315,406373,11416
MLFQ,6275,2892,45,14311,351583,348646,348691,11419
MLFQ,6929,2892,24,14315,192185,189269,189293,11423
MLFQ,9556,2892,46,14319,351585,348647,348693,11427
MLFQ,7743,2892,17,14323,159994,157085,157102,11431
MLFQ,3409,2895,10,14331,90515,87610,87620,11436
MLFQ,5853,2895,35,14335,278912,275982,276017,11440
MLFQ,1522,2896,60,14339,409268,406312,406372,11443
MLFQ,5374,2897,87,14343,487472,484488,484575,11446
MLFQ,929,2898,67,14347,439650,436685,436752,11449
MLFQ,9241,2901,74,14355,463541,460566,460640,11454
MLFQ,7746,2902,10,14359,90541,87629,87639,11457
MLFQ,4185,2904,17,14367,160027,157106,157123,11463
MLFQ,6003,2905,96,14371,495154,492153,492249,11466
MLFQ,7467,2907,93,14379,495155,492155,492248,11472
MLFQ,7830,2908,27,14383,222703,219768,219795,11475
MLFQ,6377,2911,52,14391,372568,369605,369657,11480
MLFQ,219,2911,86,14395,487482,484485,484571,11484
MLFQ,3821,2912,56,14399,391792,388824,388880,11487
MLFQ,508,2914,76,14403,463565,460575,460651,11489
MLFQ,7468,2914,14,14407,126157,123229,123243,11493
MLFQ,4084,2915,53,14415,391797,388829,388882,11500
MLFQ,8564,2916,9,14419,90598,87673,87682,11503
MLFQ,5597,2917,27,14423,222734,219790,219817,11506
MLFQ,1660,2920,28,14431,222742,219794,219822,11511
MLFQ,8713,2922,12,14435,90614,87680,87692,11513
MLFQ,580,2923,42,14443,329040,326075,326117,11520
MLFQ,4559,2925,99,14447,496709,493685,493784,11522
MLFQ,5751,2925,21,14451,192290,189344,189365,11526
MLFQ,7136,2926,8,14455,53335,50401,50409,11529
MLFQ,4774,2931,67,14465,439693,436695,436762,11534
MLFQ,201,2931,74,14469,463571,460566,460640,11538
MLFQ,8841,2933,99,14473,496712,493680,493779,11540
MLFQ,5578,2933,73,14477,463576,460570,460643,11544
MLFQ,8078,2934,58,14481,409334,406342,406400,11547
MLFQ,5347,2936,32,14489,251659,248691,248723,11553
MLFQ,5403,2938,74,14493,463578,460566,460640,11555
MLFQ,6576,2939,25,14501,222791,219827,219852,11562
MLFQ,5679,2939,85,14505,487491,484467,484552,11566
MLFQ,6122,2940,18,14509,160149,157191,157209,11569
MLFQ,6064,2941,51,14513,372629,369637,369688,11572
MLFQ,4796,2941,30,14517,251673,248702,248732,11576
MLFQ,4041,2942,15,14521,126256,123299,123314,11579
MLFQ,6807,2944,5,14529,53404,50455,50460,11585
MLFQ,1557,2946,99,14533,496715,493670,493769,11587
MLFQ,2698,2946,96,14537,495171,492129,492225,11591
MLFQ,5117,2949,95,14545,495174,492130,492225,11596
MLFQ,3663,2949,60,14549,409358,406349,406409,11600
MLFQ,9645,2949,5,14553,53425,50471,50476,11604
MLFQ,352,2950,22,14557,192367,189395,189417,11607
MLFQ,3133,2951,68,14561,439729,436710,436778,11610
MLFQ,3074,2953,27,14569,222830,219850,219877,11616
MLFQ,7962,2956,3,14577,14580,11621,11624,11621
MLFQ,8301,2956,94,14580,495176,492126,492220,11624
MLFQ,1689,2958,23,14584,192389,189408,189431,11626
MLFQ,8489,2960,95,14592,495179,492124,492219,11632
MLFQ,262,2961,69,14596,452468,449438,449507,11635
MLFQ,4175,2961,79,14600,473148,470108,470187,11639
MLFQ,5402,2962,74,14604,463611,460575,460649,11642
MLFQ,3773,2962,9,14608,90767,87796,87805,11646
MLFQ,8919,2963,83,14612,481141,478095,478178,11649
MLFQ,4131,2964,14,14620,126336,123358,123372,11656
MLFQ,5798,2964,13,14624,126337,123360,123373,11660
MLFQ,2081,2964,65,14628,439762,436733,436798,11664
MLFQ,4863,2965,4,14632,14636,11667,11671,11667
MLFQ,494,2967,29,14636,251738,248742,248771,11669
MLFQ,1192,2969,13,14644,126350,123368,123381,11675
MLFQ,6898,2970,7,14648,53512,50535,50542,11678
MLFQ,9847,2970,68,14652,439770,436732,436800,11682
MLFQ,7488,2971,23,14656,192436,189442,189465,11685
MLFQ,4775,2971,62,14660,425389,422356,422418,11689
MLFQ,4044,2972,20,14668,160265,157273,157293,11696
MLFQ,3622,2972,63,14672,425392,422357,422420,11700
MLFQ,7537,2972,86,14676,487517,484459,484545,11704
MLFQ,317,2975,41,14680,329171,326155,326196,11705
MLFQ,7321,2975,65,14684,439775,436735,436800,11709
MLFQ,7174,2976,20,14692,160289,157293,157313,11716
MLFQ,223,2976,1,14696,14697,11720,11721,11720
MLFQ,9655,2978,3,14697,14700,11719,11722,11719
MLFQ,2425,2978,57,14700,409431,406396,406453,11722
MLFQ,2063,2978,92,14704,492146,489076,489168,11726
MLFQ,2327,2979,3,14708,14711,11729,11732,11729
MLFQ,8016,2979,79,14711,473167,470109,470188,11732
MLFQ,4400,2979,81,14715,481154,478094,478175,11736
MLFQ,9045,2982,77,14723,473172,470113,470190,11741
MLFQ,1310,2983,59,14727,409454,406412,406471,11744
MLFQ,7592,2983,26,14731,222940,219931,219957,11748
MLFQ,8881,2985,38,14739,304937,301914,301952,11754
MLFQ,4395,2985,39,14743,304940,301916,301955,11758
MLFQ,8170,2986,57,14747,409459,406416,406473,11761
MLFQ,8062,2986,56,14751,391968,388926,388982,11765
MLFQ,5443,2987,17,14755,160342,157338,157355,11768
MLFQ,8455,2987,59,14759,409462,406416,406475,11772
MLFQ,7684,2989,24,14767,192528,189515,189539,11778
MLFQ,1853,2989,42,14771,329229,326198,326240,11782
MLFQ,2705,2990,83,14775,481161,478088,478171,11785
MLFQ,2611,2990,71,14779,452520,449459,449530,11789
MLFQ,8628,2990,96,14783,495183,492097,492193,11793
MLFQ,3738,2994,31,14791,251851,248826,248857,11797
MLFQ,5076,2994,65,14795,439812,436753,436818,11801
MLFQ,8399,2997,2,14803,14805,11806,11808,11806
MLFQ,5337,2999,73,14805,463654,460582,460655,11806
MLFQ,5972,3001,40,14813,304988,301947,301987,11812
MLFQ,8662,3003,34,14817,279222,276185,276219,11814
MLFQ,8154,3003,51,14821,372792,369738,369789,11818
MLFQ,1254,3004,15,14829,126520,123501,123516,11825
MLFQ,32,3005,55,14833,391996,388936,388991,11828
MLFQ,3927,3005,50,14837,372798,369743,369793,11832
MLFQ,8853,3006,5,14841,53693,50682,50687,11835
MLFQ,6814,3007,93,14845,495184,492084,492177,11838
MLFQ,3472,3008,47,14849,351871,348816,348863,11841
MLFQ,4947,3009,79,14853,473191,470103,470182,11844
MLFQ,334,3009,98,14857,496717,493610,493708,11848
MLFQ,2231,3009,39,14861,305019,301971,302010,11852
MLFQ,6051,3010,60,14865,409498,406428,406488,11855
MLFQ,9160,3012,64,14873,425464,422388,422452,11861
MLFQ,6354,3019,63,14881,425467,422385,422448,11862
MLFQ,9049,3019,38,14885,305033,301976,302014,11866
MLFQ,1420,3020,24,14893,192640,189596,189620,11873
MLFQ,5773,3020,4,14897,14901,11877,11881,11877
MLFQ,4214,3020,93,14901,495189,492076,492169,11881
MLFQ,7166,3022,50,14905,372832,369760,369810,11883
MLFQ,9061,3022,64,14909,425479,422393,422457,11887
MLFQ,9007,3026,68,14917,439844,436750,436818,11891
MLFQ,1193,3028,98,14925,496719,493593,493691,11897
MLFQ,1023,3030,20,14929,160498,157448,157468,11899
MLFQ,9675,3030,81,14933,481186,478075,478156,11903
MLFQ,8256,3034,48,14941,351927,348845,348893,11907
MLFQ,2091,3036,61,14949,425496,422399,422460,11913
MLFQ,8668,3036,97,14953,496720,493587,493684,11917
MLFQ,9615,3037,63,14957,425503,422403,422466,11920
MLFQ,6448,3039,7,14961,53808,50762,50769,11922
MLFQ,1935,3040,7,14968,53811,50764,50771,11928
MLFQ,9140,3041,7,14972,53814,50766,50773,11931
MLFQ,1609,3041,46,14976,351941,348854,348900,11935
MLFQ,1297,3042,52,14980,372868,369774,369826,11938
MLFQ,6272,3044,37,14985,305094,302013,302050,11941
MLFQ,9878,3044,77,14989,473216,470095,470172,11945
MLFQ,4086,3046,32,14993,252001,248923,248955,11947
MLFQ,378,3051,29,15001,252002,248922,248951,11950
MLFQ,6831,3052,11,15005,91122,88059,88070,11953
MLFQ,2831,3052,17,15009,160550,157481,157498,11957
MLFQ,8779,3052,18,15013,160552,157482,157500,11961
MLFQ,1116,3054,13,15021,126677,123610,123623,11967
MLFQ,6825,3055,61,15025,425508,422392,422453,11970
MLFQ,1533,3056,42,15029,329360,326262,326304,11973
MLFQ,6431,3057,91,15033,492175,489027,489118,11976
MLFQ,8102,3057,13,15037,126690,123620,123633,11980
MLFQ,7890,3061,66,15045,439866,436739,436805,11984
MLFQ,2492,3062,99,15053,496723,493562,493661,11991
MLFQ,8240,3064,24,15057,192748,189660,189684,11993
MLFQ,1198,3067,52,15065,372900,369781,369833,11998
MLFQ,7273,3071,1,15073,15074,12002,12003,12002
MLFQ,3578,3072,81,15074,481199,478046,478127,12002
MLFQ,595,3072,88,15078,487565,484405,484493,12006
MLFQ,4444,3072,63,15082,425531,422396,422459,12010
MLFQ,1804,3072,50,15086,372914,369792,369842,12014
MLFQ,1025,3072,7,15090,53929,50850,50857,12018
MLFQ,6963,3072,2,15094,15096,12022,12024,12022
MLFQ,58,3073,32,15096,252058,248953,248985,12023
MLFQ,3850,3074,89,15104,492180,489017,489106,12030
MLFQ,3508,3075,29,15108,252063,248959,248988,12033
MLFQ,4731,3075,34,15112,279396,276287,276321,12037
MLFQ,7591,3078,22,15120,192798,189698,189720,12042
MLFQ,9435,3080,7,15124,53960,50873,50880,12044
MLFQ,1719,3081,69,15128,452592,449442,449511,12047
MLFQ,8836,3081,41,15132,329413,326291,326332,12051
MLFQ,5922,3081,11,15136,91237,88145,88156,12055
MLFQ,2319,3081,39,15140,305165,302045,302084,12059
MLFQ,9247,3082,33,15148,279417,276302,276335,12066
MLFQ,2004,3083,10,15152,91251,88158,88168,12069
MLFQ,7727,3083,72,15156,452600,449445,449517,12073
MLFQ,7531,3083,30,15160,252097,248984,249014,12077
MLFQ,9864,3083,13,15164,126791,123695,123708,12081
MLFQ,6146,3083,45,15168,352014,348886,348931,12085
MLFQ,2330,3083,78,15172,473242,470081,470159,12089
MLFQ,5574,3084,4,15176,15180,12092,12096,12092
MLFQ,5987,3085,9,15180,91272,88178,88187,12095
MLFQ,816,3086,54,15188,392126,388986,389040,12102
MLFQ,8666,3088,37,15192,305190,302065,302102,12104
MLFQ,9649,3088,7,15196,54027,50932,50939,12108
MLFQ,6090,3089,17,15200,160687,157581,157598,12111
MLFQ,8316,3091,74,15208,463722,460557,460631,12117
MLFQ,9877,3092,75,15212,463725,460558,460633,12120
MLFQ,4854,3092,23,15216,192861,189746,189769,12124
MLFQ,1519,3093,29,15220,252126,249004,249033,12127
MLFQ,3646,3093,27,15224,223291,220171,220198,12131
MLFQ,9335,3094,38,15232,305204,302072,302110,12138
MLFQ,7558,3095,38,15236,305206,302073,302111,12141
MLFQ,5274,3096,93,15240,495202,492013,492106,12144
MLFQ,4779,3096,83,15244,481217,478038,478121,12148
MLFQ,1916,3097,91,15248,492187,488999,489090,12151
MLFQ,101,3099,90,15256,492189,489000,489090,12157
MLFQ,4331,3103,69,15264,452629,449457,449526,12161
MLFQ,9540,3104,76,15268,463745,460565,460641,12164
MLFQ,3671,3104,17,15272,160752,157631,157648,12168
MLFQ,104,3104,59,15276,409641,406478,406537,12172
MLFQ,242,3108,89,15284,492190,488993,489082,12176
MLFQ,9686,3109,39,15288,305245,302097,302136,12179
MLFQ,4339,3109,20,15292,160772,157643,157663,12183
MLFQ,3536,3109,86,15296,487587,484392,484478,12187
MLFQ,7628,3110,72,15304,452645,449463,449535,12194
MLFQ,2810,3112,24,15308,192941,189805,189829,12196
MLFQ,4459,3113,91,15312,492193,488989,489080,12199
MLFQ,5914,3114,74,15320,463759,460571,460645,12206
MLFQ,1591,3117,69,15324,452656,449470,449539,12207
MLFQ,6800,3117,45,15328,352097,348935,348980,12211
MLFQ,8824,3118,40,15336,305277,302119,302159,12218
MLFQ,3051,3119,57,15340,409670,406494,406551,12221
MLFQ,4885,3121,35,15344,279540,276384,276419,12223
MLFQ,6094,3122,99,15352,496726,493505,493604,12230
MLFQ,7211,3123,54,15356,392204,389027,389081,12233
MLFQ,376,3124,90,15360,492199,488985,489075,12236
MLFQ,1805,3124,14,15364,126972,123834,123848,12240
MLFQ,5291,3124,35,15368,279559,276400,276435,12244
MLFQ,8539,3126,78,15376,473284,470080,470158,12250
MLFQ,6669,3127,96,15380,495210,491987,492083,12253
MLFQ,8683,3129,98,15384,496728,493501,493599,12255
MLFQ,6465,3129,95,15388,495217,491993,492088,12259
MLFQ,4404,3129,75,15392,463790,460586,460661,12263
MLFQ,5879,3129,86,15396,487613,484398,484484,12267
MLFQ,9263,3130,81,15404,481264,478053,478134,12274
MLFQ,9617,3131,49,15408,373063,369883,369932,12277
MLFQ,8267,3133,50,15412,373065,369882,369932,12279
MLFQ,9181,3133,30,15416,252284,249121,249151,12283
MLFQ,2899,3134,81,15424,481265,478050,478131,12290
MLFQ,4256,3135,75,15428,463805,460595,460670,12293
MLFQ,4308,3136,75,15432,463808,460597,460672,12296
MLFQ,2506,3137,58,15436,409732,406537,406595,12299
MLFQ,9056,3138,90,15444,492213,488985,489075,12306
MLFQ,5307,3138,35,15448,279633,276460,276495,12310
MLFQ,2056,3138,53,15452,392269,389078,389131,12314
MLFQ,9063,3139,67,15456,440029,436823,436890,12317
MLFQ,5897,3140,76,15460,463816,460600,460676,12320
MLFQ,575,3141,49,15464,373106,369916,369965,12323
MLFQ,5082,3144,20,15472,160944,157780,157800,12328
MLFQ,8463,3144,49,15476,373111,369918,369967,12332
MLFQ,1621,3144,19,15480,160951,157788,157807,12336
MLFQ,7028,3145,32,15484,252344,249167,249199,12339
MLFQ,9889,3146,14,15492,127094,123934,123948,12346
MLFQ,422,3147,40,15496,305393,302206,302246,12349
MLFQ,8474,3148,7,15500,54330,51175,51182,12352
MLFQ,9916,3148,85,15504,487622,484389,484474,12356
MLFQ,9376,3148,97,15508,496729,493484,493581,12360
MLFQ,9388,3148,12,15512,91591,88431,88443,12364
MLFQ,6460,3149,23,15516,193116,189944,189967,12367
MLFQ,5685,3150,22,15524,193122,189950,189972,12374
MLFQ,6407,3151,35,15528,279676,276490,276525,12377
MLFQ,54,3152,72,15532,452737,449513,449585,12380
MLFQ,5758,3153,58,15536,409766,406555,406613,12383
MLFQ,4270,3155,44,15544,329652,326453,326497,12389
MLFQ,1518,3155,48,15548,352233,349030,349078,12393
MLFQ,1705,3155,10,15552,91629,88464,88474,12397
MLFQ,2862,3155,34,15556,279698,276509,276543,12401
MLFQ,3529,3156,71,15560,452740,449513,449584,12404
MLFQ,9598,3157,18,15564,161013,157838,157856,12407
MLFQ,1282,3157,1,15568,15569,12411,12412,12411
MLFQ,144,3157,36,15569,279706,276513,276549,12412
MLFQ,5655,3158,91,15577,492224,488975,489066,12419
MLFQ,5445,3159,98,15581,496731,493474,493572,12422
MLFQ,6266,3159,22,15585,193172,189991,190013,12426
MLFQ,8786,3160,29,15589,252409,249220,249249,12429
MLFQ,5924,3161,66,15593,440063,436836,436902,12432
MLFQ,7374,3161,89,15597,492229,488979,489068,12436
MLFQ,3470,3162,82,15605,481295,478051,478133,12443
MLFQ,3010,3162,67,15609,440074,436845,436912,12447
MLFQ,4039,3163,6,15613,54440,51271,51277,12450
MLFQ,4732,3164,53,15617,392327,389110,389163,12453
MLFQ,5166,3164,29,15621,252434,249241,249270,12457
MLFQ,3184,3167,23,15629,193211,190021,190044,12462
MLFQ,8398,3167,67,15633,440081,436847,436914,12466
MLFQ,3664,3168,38,15637,305467,302261,302299,12469
MLFQ,311,3170,37,15645,305472,302265,302302,12475
MLFQ,2996,3170,82,15649,481301,478049,478131,12479
MLFQ,7243,3170,50,15653,373181,369961,370011,12483
MLFQ,245,3170,63,15657,425750,422517,422580,12487
MLFQ,3606,3171,98,15661,496733,493464,493562,12490
MLFQ,6335,3172,38,15665,305490,302280,302318,12493
MLFQ,3274,3173,55,15669,392354,389126,389181,12496
MLFQ,1823,3173,56,15673,392358,389129,389185,12500
MLFQ,1605,3174,62,15681,425756,422520,422582,12507
MLFQ,7586,3174,53,15685,392363,389136,389189,12511
MLFQ,5921,3174,51,15689,373208,369983,370034,12515
MLFQ,8423,3175,30,15693,252500,249295,249325,12518
MLFQ,3104,3175,52,15697,373212,369985,370037,12522
MLFQ,4497,3176,15,15701,127285,124094,124109,12525
MLFQ,4748,3177,6,15705,54530,51347,51353,12528
MLFQ,733,3177,38,15709,305520,302305,302343,12532
MLFQ,1009,3177,40,15713,305524,302307,302347,12536
MLFQ,4917,3178,34,15721,279821,276609,276643,12543
MLFQ,1735,3178,10,15725,91791,88603,88613,12547
MLFQ,1939,3179,13,15729,127302,124110,124123,12550
MLFQ,7904,3179,76,15733,463864,460609,460685,12554
MLFQ,3498,3180,59,15737,409833,406594,406653,12557
MLFQ,8785,3182,36,15745,279837,276619,276655,12563
MLFQ,8397,3183,40,15749,305543,302320,302360,12566
MLFQ,4305,3183,9,15753,91816,88624,88633,12570
MLFQ,5637,3183,11,15757,91819,88625,88636,12574
MLFQ,8344,3185,57,15761,409834,406592,406649,12576
MLFQ,9851,3185,67,15765,440104,436852,436919,12580
MLFQ,6821,3185,72,15769,452780,449523,449595,12584
MLFQ,1160,3186,41,15777,329773,326546,326587,12591
MLFQ,9765,3186,30,15781,252562,249346,249376,12595
MLFQ,5954,3188,13,15785,127347,124146,124159,12597
MLFQ,7803,3190,64,15793,425780,422526,422590,12603
MLFQ,4106,3191,55,15797,392398,389152,389207,12606
MLFQ,2176,3191,26,15801,223761,220544,220570,12610
MLFQ,6047,3192,46,15805,352359,349121,349167,12613
MLFQ,1734,3192,48,15809,352363,349123,349171,12617
MLFQ,4846,3195,52,15817,373254,370007,370059,12622
MLFQ,8216,3196,97,15821,496734,493441,493538,12625
MLFQ,3660,3197,85,15825,487655,484373,484458,12628
MLFQ,5404,3197,36,15829,279897,276664,276700,12632
MLFQ,5619,3197,57,15833,409859,406605,406662,12636
MLFQ,2723,3198,16,15841,127399,124185,124201,12643
MLFQ,5724,3199,79,15845,473367,470089,470168,12646
MLFQ,4301,3199,32,15849,252614,249383,249415,12650
MLFQ,5805,3199,75,15853,463883,460609,460684,12654
MLFQ,2571,3200,19,15857,161264,158045,158064,12657
MLFQ,8187,3201,73,15861,463884,460610,460683,12660
MLFQ,5961,3201,22,15865,193405,190182,190204,12664
MLFQ,8332,3201,30,15869,252624,249393,249423,12668
MLFQ,7481,3201,83,15873,481320,478036,478119,12672
MLFQ,9392,3202,57,15881,409880,406621,406678,12679
MLFQ,8319,3203,73,15885,463892,460616,460689,12682
MLFQ,6142,3203,30,15889,252642,249409,249439,12686
MLFQ,6652,3209,31,15897,252649,249409,249440,12688
MLFQ,3015,3211,45,15905,352416,349160,349205,12694
MLFQ,3414,3212,16,15909,127463,124235,124251,12697
MLFQ,7172,3215,47,15913,352419,349157,349204,12698
MLFQ,9611,3215,76,15917,463900,460609,460685,12702
MLFQ,8912,3216,90,15921,492243,488937,489027,12705
MLFQ,4307,3216,87,15925,487662,484359,484446,12709
MLFQ,1708,3216,17,15929,161325,158092,158109,12713
MLFQ,4736,3217,17,15937,161330,158096,158113,12720
MLFQ,9107,3218,69,15941,452833,449546,449615,12723
MLFQ,8931,3219,53,15945,392467,389195,389248,12726
MLFQ,3260,3220,83,15949,481332,478029,478112,12729
MLFQ,1305,3223,34,15957,279979,276722,276756,12734
MLFQ,1560,3224,81,15961,481333,478028,478109,12737
MLFQ,1924,3225,86,15969,487664,484353,484439,12744
MLFQ,5907,3225,85,15973,487665,484355,484440,12748
MLFQ,4176,3226,19,15977,161369,158124,158143,12751
MLFQ,3294,3227,77,15981,473400,470096,470173,12754
MLFQ,8401,3227,52,15985,373354,370075,370127,12758
MLFQ,981,3228,53,15989,392492,389211,389264,12761
MLFQ,6037,3228,3,15993,15996,12765,12768,12765
MLFQ,7288,3229,15,16000,127550,124306,124321,12771
MLFQ,8565,3229,26,16004,223919,220664,220690,12775
MLFQ,1819,3230,2,16008,16010,12778,12780,12778
MLFQ,9304,3231,87,16010,487668,484350,484437,12779
MLFQ,7704,3232,81,16014,481346,478033,478114,12782
MLFQ,6237,3235,59,16022,409943,406649,406708,12787
MLFQ,9420,3235,41,16026,329926,326650,326691,12791
MLFQ,2969,3236,15,16030,127577,124326,124341,12794
MLFQ,5955,3237,7,16038,54852,51608,51615,12801
MLFQ,7484,3237,54,16042,392510,389219,389273,12805
MLFQ,3246,3237,45,16046,352497,349215,349260,12809
MLFQ,8206,3238,28,16050,223951,220685,220713,12812
MLFQ,1438,3239,5,16054,54865,51621,51626,12815
MLFQ,8703,3239,69,16058,452863,449555,449624,12819
MLFQ,6130,3240,34,16062,280044,276770,276804,12822
MLFQ,8805,3240,42,16066,329944,326662,326704,12826
MLFQ,3538,3240,12,16070,92111,88859,88871,12830
MLFQ,8101,3241,59,16078,409954,406654,406713,12837
MLFQ,1323,3241,59,16082,409957,406657,406716,12841
MLFQ,139,3242,52,16086,373394,370100,370152,12844
MLFQ,7361,3243,79,16090,473411,470089,470168,12847
MLFQ,2896,3243,8,16094,54905,51654,51662,12851
MLFQ,5271,3243,6,16098,54907,51658,51664,12855
MLFQ,9328,3244,48,16102,352521,349229,349277,12858
MLFQ,4773,3246,6,16110,54917,51665,51671,12864
MLFQ,8234,3247,46,16114,352523,349230,349276,12867
MLFQ,1776,3249,11,16118,92146,88886,88897,12869
MLFQ,6634,3250,88,16122,487672,484334,484422,12872
MLFQ,3512,3252,24,16126,193596,190320,190344,12874
MLFQ,3286,3253,30,16134,252799,249516,249546,12881
MLFQ,7440,3253,96,16138,495240,491891,491987,12885
MLFQ,4210,3255,70,16142,452877,449552,449622,12887
MLFQ,7189,3257,6,16150,54955,51692,51698,12893
MLFQ,6236,3257,90,16154,492250,488903,488993,12897
MLFQ,3825,3258,16,16158,127669,124395,124411,12900
MLFQ,8838,3258,20,16162,161501,158223,158243,12904
MLFQ,4361,3258,52,16166,373422,370112,370164,12908
MLFQ,8174,3258,79,16170,473430,470093,470172,12912
MLFQ,6773,3258,4,16174,16178,12916,12920,12916
MLFQ,2892,3259,69,16178,452890,449562,449631,12919
MLFQ,3291,3259,31,16182,252830,249540,249571,12923
MLFQ,6964,3259,68,16186,440239,436912,436980,12927
MLFQ,5351,3261,32,16194,252842,249549,249581,12933
MLFQ,4164,3262,41,16198,330009,326706,326747,12936
MLFQ,8258,3262,44,16202,330013,326707,326751,12940
MLFQ,4362,3262,36,16206,280128,276830,276866,12944
MLFQ,8095,3264,34,16210,280130,276832,276866,12946
MLFQ,764,3266,25,16218,224064,220773,220798,12952
MLFQ,2909,3267,72,16222,452894,449555,449627,12955
MLFQ,2041,3267,45,16226,352567,349255,349300,12959
MLFQ,481,3267,18,16230,161563,158278,158296,12963
MLFQ,9380,3271,15,16238,127744,124458,124473,12967
MLFQ,2206,3271,77,16242,473435,470087,470164,12971
MLFQ,8355,3272,2,16246,16248,12974,12976,12974
MLFQ,1931,3273,54,16252,392576,389249,389303,12979
MLFQ,8049,3273,66,16256,440257,436918,436984,12983
MLFQ,3556,3273,73,16260,463969,460623,460696,12987
MLFQ,2915,3273,80,16264,473439,470086,470166,12991
MLFQ,3327,3276,49,16268,373467,370142,370191,12992
MLFQ,6071,3276,97,16272,496735,493362,493459,12996
MLFQ,3650,3277,85,16280,487689,484327,484412,13003
MLFQ,4067,3278,29,16284,252915,249608,249637,13006
MLFQ,3847,3278,41,16288,330064,326745,326786,13010
MLFQ,7224,3281,67,16296,440276,436928,436995,13015
MLFQ,8142,3284,26,16300,224134,220824,220850,13016
MLFQ,9319,3285,18,16308,161633,158330,158348,13023
MLFQ,7556,3285,74,16312,463987,460628,460702,13027
MLFQ,2443,3291,3,16320,16323,13029,13032,13029
MLFQ,1808,3291,47,16323,352626,349288,349335,13032
MLFQ,7949,3291,5,16327,55118,51822,51827,13036
MLFQ,2361,3292,13,16331,127821,124516,124529,13039
MLFQ,2122,3292,48,16335,352630,349290,349338,13043
MLFQ,7651,3293,91,16343,492257,488873,488964,13050
MLFQ,1293,3294,85,16347,487696,484317,484402,13053
MLFQ,4247,3294,42,16351,330098,326762,326804,13057
MLFQ,5438,3296,49,16355,373500,370155,370204,13059
MLFQ,1111,3300,75,16363,463998,460623,460698,13063
MLFQ,2305,3300,93,16367,495245,491852,491945,13067
MLFQ,8117,3301,19,16375,161684,158364,158383,13074
MLFQ,2126,3302,78,16379,473469,470089,470167,13077
MLFQ,4458,3303,84,16383,481396,478009,478093,13080
MLFQ,169,3304,71,16387,452960,449585,449656,13083
MLFQ,9542,3305,73,16395,464019,460641,460714,13090
MLFQ,4016,3306,46,16399,352676,349324,349370,13093
MLFQ,7745,3306,38,16403,305959,302615,302653,13097
MLFQ,4452,3308,77,16407,473478,470093,470170,13099
MLFQ,7577,3308,76,16411,464027,460643,460719,13103
MLFQ,6128,3309,79,16419,473481,470093,470172,13110
MLFQ,1110,3310,59,16423,410100,406731,406790,13113
MLFQ,2823,3311,64,16427,426016,422641,422705,13116
MLFQ,3363,3313,76,16435,464035,460646,460722,13122
MLFQ,6427,3317,76,16443,464039,460646,460722,13126
MLFQ,4309,3318,49,16447,373561,370194,370243,13129
MLFQ,3449,3318,21,16451,193865,190526,190547,13133
MLFQ,9176,3319,99,16455,496738,493320,493419,13136
MLFQ,6882,3320,8,16459,55250,51922,51930,13139
MLFQ,2827,3321,17,16467,161765,158427,158444,13146
MLFQ,8184,3324,22,16471,193875,190529,190551,13147
MLFQ,651,3324,82,16475,481406,478000,478082,13151
MLFQ,6259,3326,41,16483,330186,326819,326860,13157
MLFQ,3432,3326,17,16487,161782,158439,158456,13161
MLFQ,320,3327,14,16491,127971,124630,124644,13164
MLFQ,4242,3327,57,16495,410125,406741,406798,13168
MLFQ,7652,3329,60,16503,410129,406740,406800,13174
MLFQ,621,3330,53,16507,392701,389318,389371,13177
MLFQ,2422,3331,72,16511,453000,449597,449669,13180
MLFQ,5532,3332,91,16515,492268,488845,488936,13183
MLFQ,1097,3335,63,16522,426047,422649,422712,13187
MLFQ,5553,3339,27,16530,224309,220943,220970,13191
MLFQ,5369,3340,58,16534,410147,406749,406807,13194
MLFQ,4056,3340,75,16538,464058,460643,460718,13198
MLFQ,6112,3342,11,16546,92544,89191,89202,13204
MLFQ,1512,3342,46,16550,352762,349374,349420,13208
MLFQ,4420,3343,21,16554,193940,190576,190597,13211
MLFQ,416,3343,77,16558,473500,470080,470157,13215
MLFQ,811,3345,43,16566,330241,326853,326896,13221
MLFQ,7493,3345,79,16570,473503,470079,470158,13225
MLFQ,5115,3346,98,16574,496740,493296,493394,13228
MLFQ,8472,3346,26,16578,224347,220975,221001,13232
MLFQ,8349,3347,48,16582,352782,349387,349435,13235
MLFQ,2617,3348,14,16586,128057,124695,124709,13238
MLFQ,8329,3349,92,16594,492276,488835,488927,13245
MLFQ,4533,3354,19,16602,161877,158504,158523,13248
MLFQ,289,3354,14,16606,128073,124705,124719,13252
MLFQ,1507,3356,60,16610,410175,406759,406819,13254
MLFQ,4425,3357,47,16618,352794,349390,349437,13261
MLFQ,4517,3358,9,16622,92617,89250,89259,13264
MLFQ,9377,3359,45,16626,352795,349391,349436,13267
MLFQ,4496,3359,15,16630,128092,124718,124733,13271
MLFQ,3926,3360,36,16634,280422,277026,277062,13274
MLFQ,2905,3361,72,16642,453036,449603,449675,13281
MLFQ,8152,3363,90,16646,492278,488825,488915,13283
MLFQ,3091,3363,16,16650,128108,124729,124745,13287
MLFQ,6110,3364,69,16654,453041,449608,449677,13290
MLFQ,5305,3365,95,16662,495256,491796,491891,13297
MLFQ,9639,3367,73,16666,464087,460647,460720,13299
MLFQ,9452,3367,25,16670,224404,221012,221037,13303
MLFQ,6469,3367,72,16674,453053,449614,449686,13307
MLFQ,1015,3368,71,16678,453056,449617,449688,13310
MLFQ,7791,3370,54,16686,392786,389362,389416,13316
MLFQ,471,3373,59,16694,410210,406778,406837,13321
MLFQ,4297,3373,85,16698,487729,484271,484356,13325
MLFQ,3232,3374,44,16702,330325,326907,326951,13328
MLFQ,1997,3374,40,16706,306152,302738,302778,13332
MLFQ,8492,3374,88,16710,487733,484271,484359,13336
MLFQ,1716,3374,50,16714,373691,370267,370317,13340
MLFQ,713,3374,46,16718,352853,349433,349479,13344
MLFQ,615,3376,15,16722,128179,124788,124803,13346
MLFQ,8338,3377,50,16730,373693,370266,370316,13353
MLFQ,9962,3378,92,16734,492286,488816,488908,13356
MLFQ,8760,3380,93,16738,495257,491784,491877,13358
MLFQ,1546,3380,37,16742,306177,302760,302797,13362
MLFQ,6245,3381,4,16750,16754,13369,13373,13369
MLFQ,6608,3382,63,16754,426122,422677,422740,13372
MLFQ,7966,3384,72,16758,453076,449620,449692,13374
MLFQ,2427,3384,6,16762,55544,52154,52160,13378
MLFQ,6767,3385,23,16770,194107,190699,190722,13385
MLFQ,7869,3385,42,16774,330367,326940,326982,13389
MLFQ,20,3385,19,16778,162016,158612,158631,13393
MLFQ,5586,3389,9,16786,92770,89372,89381,13397
MLFQ,1628,3389,13,16790,128231,124829,124842,13401
MLFQ,2369,3390,3,16794,16797,13404,13407,13404
MLFQ,919,3391,83,16797,481445,477971,478054,13406
MLFQ,8307,3391,19,16801,162025,158615,158634,13410
MLFQ,7922,3391,43,16805,330374,326940,326983,13414
MLFQ,6568,3392,20,16809,162033,158621,158641,13417
MLFQ,321,3394,71,16814,453083,449618,449689,13420
MLFQ,9874,3395,63,16818,426137,422679,422742,13423
MLFQ,6671,3395,20,16822,162045,158630,158650,13427
MLFQ,9910,3397,44,16826,330386,326945,326989,13429
MLFQ,5859,3398,13,16830,128264,124853,124866,13432
MLFQ,4922,3398,27,16834,224511,221086,221113,13436
MLFQ,8638,3399,31,16838,253287,249857,249888,13439
MLFQ,7944,3400,29,16842,253288,249859,249888,13442
MLFQ,7370,3401,64,16850,426141,422676,422740,13449
MLFQ,8343,3401,1,16854,16855,13453,13454,13453
MLFQ,7836,3403,10,16855,92832,89419,89429,13452
MLFQ,6737,3406,50,16863,373737,370281,370331,13457
MLFQ,6559,3406,6,16867,55642,52230,52236,13461
MLFQ,8680,3406,96,16871,495261,491759,491855,13465
MLFQ,4880,3406,95,16875,495264,491763,491858,13469
MLFQ,3995,3406,83,16879,481456,477967,478050,13473
MLFQ,6701,3407,41,16883,330415,326967,327008,13476
MLFQ,9800,3407,99,16887,496743,493237,493336,13480
MLFQ,6371,3407,89,16891,492303,488807,488896,13484
MLFQ,3595,3408,42,16895,330425,326975,327017,13487
MLFQ,9291,3409,43,16903,330432,326980,327023,13494
MLFQ,8065,3412,91,16907,492310,488807,488898,13495
MLFQ,8832,3413,75,16915,464138,460650,460725,13502
MLFQ,8537,3414,54,16919,392871,389403,389457,13505
MLFQ,4182,3414,76,16923,464142,460652,460728,13509
MLFQ,2934,3415,50,16927,373779,370314,370364,13512
MLFQ,8377,3416,75,16931,464145,460654,460729,13515
MLFQ,4389,3416,7,16935,55709,52286,52293,13519
MLFQ,1020,3417,33,16943,280633,277183,277216,13526
MLFQ,698,3419,87,16947,487768,484262,484349,13528
MLFQ,308,3420,52,16951,373795,370323,370375,13531
MLFQ,3069,3420,20,16955,162161,158721,158741,13535
MLFQ,3417,3423,97,16963,496744,493224,493321,13540
MLFQ,9576,3424,55,16967,392898,389419,389474,13543
MLFQ,3112,3426,66,16975,440501,437009,437075,13549
MLFQ,6019,3426,67,16979,440504,437011,437078,13553
MLFQ,1648,3427,19,16983,162185,158739,158758,13556
MLFQ,1340,3430,57,16991,410317,406830,406887,13561
MLFQ,9667,3430,24,16995,194271,190817,190841,13565
MLFQ,7736,3431,87,16999,487775,484257,484344,13568
MLFQ,1064,3432,18,17003,162203,158753,158771,13571
MLFQ,5590,3432,51,17007,373826,370343,370394,13575
MLFQ,1724,3432,56,17011,392918,389430,389486,13579
MLFQ,4437,3435,79,17019,473582,470068,470147,13584
MLFQ,7480,3435,34,17023,280691,277222,277256,13588
MLFQ,286,3436,71,17027,453146,449639,449710,13591
MLFQ,4029,3439,2,17035,17037,13596,13598,13596
MLFQ,5338,3440,69,17037,453151,449642,449711,13597
MLFQ,5808,3440,13,17041,128457,125004,125017,13601
MLFQ,505,3440,71,17045,453154,449643,449714,13605
MLFQ,6488,3443,97,17053,496745,493205,493302,13610
MLFQ,305,3444,24,17057,194323,190855,190879,13613
MLFQ,6762,3446,37,17065,306385,302902,302939,13619
MLFQ,282,3446,31,17069,253471,249994,250025,13623
MLFQ,3548,3450,54,17077,392949,389445,389499,13627
MLFQ,1102,3451,87,17081,487786,484248,484335,13630
MLFQ,2778,3451,83,17085,481499,477965,478048,13634
MLFQ,1135,3452,91,17089,492321,488778,488869,13637
MLFQ,3920,3453,92,17097,492325,488780,488872,13644
MLFQ,1673,3453,13,17101,128510,125044,125057,13648
MLFQ,7416,3454,64,17105,426261,422743,422807,13651
MLFQ,7100,3454,60,17109,410377,406863,406923,13655
MLFQ,2988,3456,52,17113,373898,370390,370442,13657
MLFQ,2207,3456,18,17117,162301,158827,158845,13661
MLFQ,7319,3457,43,17125,330583,327083,327126,13668
MLFQ,6538,3459,97,17129,496746,493190,493287,13670
MLFQ,1105,3462,77,17137,473611,470072,470149,13675
MLFQ,5857,3462,24,17141,194392,190906,190930,13679
MLFQ,9648,3466,48,17149,353090,349576,349624,13683
MLFQ,1718,3466,72,17153,453198,449660,449732,13687
MLFQ,2399,3471,10,17159,93121,89640,89650,13688
MLFQ,740,3472,11,17163,93124,89641,89652,13691
MLFQ,8147,3475,53,17171,392998,389470,389523,13696
MLFQ,1019,3476,44,17175,330615,327095,327139,13699
MLFQ,9136,3483,37,17187,306462,302942,302979,13704
MLFQ,6806,3483,59,17191,410404,406862,406921,13708
MLFQ,3351,3483,18,17195,162363,158862,158880,13712
MLFQ,6600,3483,39,17199,306469,302947,302986,13716
MLFQ,577,3486,41,17207,330628,327101,327142,13721
MLFQ,617,3486,68,17211,440588,437034,437102,13725
MLFQ,3585,3489,51,17215,373941,370401,370452,13726
MLFQ,2332,3489,45,17219,353123,349589,349634,13730
MLFQ,3764,3490,59,17227,410419,406870,406929,13737
MLFQ,3615,3490,23,17231,194463,190950,190973,13741
MLFQ,905,3490,35,17235,280845,277320,277355,13745
MLFQ,6413,3491,74,17239,464219,460654,460728,13748
MLFQ,2171,3493,94,17243,495282,491695,491789,13750
MLFQ,5243,3494,1,17251,17252,13757,13758,13757
MLFQ,1585,3496,81,17252,481521,477944,478025,13756
MLFQ,5328,3496,70,17256,453224,449658,449728,13760
MLFQ,6498,3497,24,17260,194491,190970,190994,13763
MLFQ,8983,3499,60,17266,410443,406884,406944,13767
MLFQ,2888,3500,97,17270,496747,493150,493247,13770
MLFQ,4139,3504,9,17278,93233,89720,89729,13774
MLFQ,5988,3504,23,17282,194506,190979,191002,13778
MLFQ,4196,3505,58,17286,410449,406886,406944,13781
MLFQ,425,3506,28,17294,224867,221333,221361,13788
MLFQ,1035,3507,54,17298,393056,389495,389549,13791
MLFQ,5763,3510,1,17306,17307,13796,13797,13796
MLFQ,194,3510,11,17307,93256,89735,89746,13797
MLFQ,5383,3510,8,17311,56076,52558,52566,13801
MLFQ,1333,3511,92,17315,492341,488738,488830,13804
MLFQ,5092,3512,62,17319,426326,422752,422814,13807
MLFQ,7451,3513,53,17323,393069,389503,389556,13810
MLFQ,9882,3514,77,17331,473642,470051,470128,13817
MLFQ,7835,3515,12,17335,93280,89753,89765,13820
MLFQ,4055,3516,75,17339,464242,460651,460726,13823
MLFQ,2742,3516,80,17343,473646,470050,470130,13827
MLFQ,6468,3516,22,17347,194552,191014,191036,13831
MLFQ,854,3517,79,17351,473649,470053,470132,13834
MLFQ,6152,3518,46,17359,353201,349637,349683,13841
MLFQ,9105,3520,33,17363,280930,277377,277410,13843
MLFQ,4152,3521,86,17367,487815,484208,484294,13846
MLFQ,9429,3523,36,17375,280938,277379,277415,13852
MLFQ,7947,3523,90,17379,492343,488730,488820,13856
MLFQ,2562,3525,67,17383,440642,437050,437117,13858
MLFQ,912,3530,64,17395,426366,422772,422836,13865
MLFQ,1893,3530,71,17399,453265,449664,449735,13869
MLFQ,8326,3531,13,17403,128767,125223,125236,13872
MLFQ,1003,3531,72,17407,453269,449666,449738,13876
MLFQ,5437,3534,14,17415,128775,125227,125241,13881
MLFQ,8695,3534,33,17419,280967,277400,277433,13885
MLFQ,6760,3535,24,17423,194612,191053,191077,13888
MLFQ,3040,3536,78,17427,473663,470049,470127,13891
MLFQ,2284,3537,38,17431,306619,303044,303082,13894
MLFQ,6599,3539,19,17439,162566,159008,159027,13900
MLFQ,4171,3539,75,17443,464273,460659,460734,13904
MLFQ,9470,3540,48,17447,353249,349661,349709,13907
MLFQ,8278,3541,21,17451,194633,191071,191092,13910
MLFQ,9368,3542,36,17459,280991,277413,277449,13917
MLFQ,7344,3543,19,17463,162585,159023,159042,13920
MLFQ,7821,3548,90,17471,492349,488711,488801,13923
MLFQ,6920,3549,94,17475,495290,491647,491741,13926
MLFQ,1246,3549,85,17479,487832,484198,484283,13930
MLFQ,3561,3551,3,17487,17490,13936,13939,13936
MLFQ,7666,3551,54,17490,393147,389542,389596,13939
MLFQ,3928,3552,3,17494,17497,13942,13945,13942
MLFQ,1827,3553,9,17497,93431,89869,89878,13944
MLFQ,5490,3553,74,17501,464291,460664,460738,13948
MLFQ,9252,3553,47,17505,353276,349676,349723,13952
MLFQ,7500,3554,99,17509,496750,493097,493196,13955
MLFQ,3722,3554,32,17513,253786,250200,250232,13959
MLFQ,6471,3555,96,17517,495300,491649,491745,13962
MLFQ,38,3556,12,17521,93455,89887,89899,13965
MLFQ,6659,3557,56,17529,393167,389554,389610,13972
MLFQ,6633,3557,24,17533,194693,191112,191136,13976
MLFQ,4391,3558,72,17537,453317,449687,449759,13979
MLFQ,4703,3558,5,17541,56297,52734,52739,13983
MLFQ,5427,3560,41,17545,330821,327220,327261,13985
MLFQ,3674,3560,37,17549,306684,303087,303124,13989
MLFQ,9222,3561,87,17557,487850,484202,484289,13996
MLFQ,4782,3561,77,17561,473700,470062,470139,14000
MLFQ,1300,3561,37,17565,306697,303099,303136,14004
MLFQ,99,3561,15,17569,128906,125330,125345,14008
MLFQ,9322,3563,51,17573,374120,370506,370557,14010
MLFQ,1372,3564,9,17577,93504,89931,89940,14013
MLFQ,5939,3565,61,17585,426439,422813,422874,14020
MLFQ,6824,3566,21,17589,194734,191147,191168,14023
MLFQ,8687,3567,95,17593,495303,491641,491736,14026
MLFQ,5318,3567,72,17597,453337,449698,449770,14030
MLFQ,1739,3568,4,17601,17605,14033,14037,14033
MLFQ,5683,3569,90,17609,492373,488714,488804,14040
MLFQ,5151,3569,15,17613,128941,125357,125372,14044
MLFQ,1055,3572,77,17617,473713,470064,470141,14045
MLFQ,9654,3573,41,17625,330866,327252,327293,14052
MLFQ,9515,3574,96,17629,495307,491637,491733,14055
MLFQ,8796,3574,31,17633,253869,250264,250295,14059
MLFQ,9175,3574,9,17637,93557,89974,89983,14063
MLFQ,4708,3575,84,17641,481596,477937,478021,14066
MLFQ,743,3579,77,17649,473726,470070,470147,14070
MLFQ,4647,3580,45,17653,353357,349732,349777,14073
MLFQ,175,3581,74,17657,464345,460690,460764,14076
MLFQ,7981,3581,68,17661,440763,437114,437182,14080
MLFQ,3430,3583,12,17665,93585,89990,90002,14082
MLFQ,618,3584,27,17673,225138,221527,221554,14089
MLFQ,2362,3586,3,17677,17680,14091,14094,14091
MLFQ,8464,3587,21,17680,194799,191191,191212,14093
MLFQ,6660,3587,50,17684,374174,370537,370587,14097
MLFQ,5175,3590,51,17692,374177,370536,370587,14102
MLFQ,1691,3591,29,17696,253909,250289,250318,14105
MLFQ,9385,3593,23,17704,194822,191206,191229,14111
MLFQ,1142,3594,78,17708,473728,470056,470134,14114
MLFQ,828,3596,40,17712,306781,303145,303185,14116
MLFQ,1531,3598,2,17720,17722,14122,14124,14122
MLFQ,1048,3600,76,17722,464353,460677,460753,14122
MLFQ,7975,3602,38,17730,306791,303151,303189,14128
MLFQ,2588,3604,16,17734,129041,125421,125437,14130
MLFQ,5818,3605,30,17738,253931,250296,250326,14133
MLFQ,3868,3606,78,17746,473730,470046,470124,14140
MLFQ,3507,3607,11,17750,93662,90044,90055,14143
MLFQ,3215,3607,44,17754,330928,327277,327321,14147
MLFQ,1539,3610,45,17762,353393,349738,349783,14152
MLFQ,1883,3610,91,17766,492384,488683,488774,14156
MLFQ,1979,3610,48,17770,353401,349743,349791,14160
MLFQ,4036,3612,99,17774,496753,493042,493141,14162
MLFQ,9759,3612,63,17778,426510,422835,422898,14166
MLFQ,8945,3614,28,17786,225223,221581,221609,14172
MLFQ,6931,3618,60,17794,410653,406975,407035,14176
MLFQ,5160,3618,10,17798,93708,90080,90090,14180
MLFQ,3427,3619,29,17802,253980,250332,250361,14183
MLFQ,7802,3620,38,17806,306837,303179,303217,14186
MLFQ,8412,3621,34,17810,281213,277558,277592,14189
MLFQ,8578,3621,29,17814,253989,250339,250368,14193
MLFQ,7734,3622,52,17822,374221,370547,370599,14200
MLFQ,5207,3622,45,17826,353426,349759,349804,14204
MLFQ,5656,3624,29,17830,254002,250349,250378,14206
MLFQ,6521,3625,52,17834,374225,370548,370600,14209
MLFQ,6476,3626,19,17841,162892,159247,159266,14215
MLFQ,606,3627,44,17845,330980,327309,327353,14218
MLFQ,148,3627,48,17849,353434,349759,349807,14222
MLFQ,2818,3628,48,17853,353438,349762,349810,14225
MLFQ,5021,3629,40,17857,306869,303200,303240,14228
MLFQ,1196,3629,38,17861,306871,303204,303242,14232
MLFQ,2817,3629,19,17865,162915,159267,159286,14236
MLFQ,9331,3629,76,17869,464381,460676,460752,14240
MLFQ,3014,3630,81,17877,481616,477905,477986,14247
MLFQ,3918,3630,12,17881,93788,90146,90158,14251
MLFQ,2181,3631,15,17885,129173,125527,125542,14254
MLFQ,9994,3631,60,17889,410669,406978,407038,14258
MLFQ,8194,3632,70,17893,453407,449705,449775,14261
MLFQ,1550,3633,18,17897,162933,159282,159300,14264
MLFQ,6778,3636,83,17905,481619,477900,477983,14269
MLFQ,685,3636,26,17909,225313,221651,221677,14273
MLFQ,534,3636,17,17913,162946,159293,159310,14277
MLFQ,5144,3637,71,17917,453414,449706,449777,14280
MLFQ,3073,3637,50,17921,374255,370568,370618,14284
MLFQ,3437,3638,21,17929,194995,191336,191357,14291
MLFQ,1646,3638,36,17933,281286,277612,277648,14295
MLFQ,1257,3640,30,17937,254068,250398,250428,14297
MLFQ,3828,3641,92,17941,492394,488661,488753,14300
MLFQ,7752,3641,15,17945,129232,125576,125591,14304
MLFQ,8980,3641,31,17949,254075,250403,250434,14308
MLFQ,6936,3642,99,17957,496756,493015,493114,14315
MLFQ,3406,3642,33,17961,281299,277624,277657,14319
MLFQ,789,3644,28,17965,225357,221685,221713,14321
MLFQ,8942,3644,48,17969,353484,349792,349840,14325
MLFQ,3372,3644,94,17973,495317,491579,491673,14329
MLFQ,3844,3644,86,17977,487896,484166,484252,14333
MLFQ,5916,3644,66,17981,440833,437123,437189,14337
MLFQ,6466,3645,21,17985,195044,191378,191399,14340
MLFQ,3956,3645,65,17989,440834,437124,437189,14344
MLFQ,4051,3645,64,17993,426567,422858,422922,14348
MLFQ,2504,3648,44,18001,331060,327368,327412,14353
MLFQ,7799,3650,14,18009,129287,125623,125637,14359
MLFQ,8673,3653,38,18013,306945,303254,303292,14360
MLFQ,1896,3654,80,18021,473775,470041,470121,14367
MLFQ,3113,3655,73,18025,464410,460682,460755,14370
MLFQ,5605,3655,48,18029,353520,349817,349865,14374
MLFQ,6260,3659,23,18037,195083,191401,191424,14378
MLFQ,9486,3659,64,18041,426583,422860,422924,14382
MLFQ,9858,3659,44,18045,331088,327385,327429,14386
MLFQ,6062,3661,99,18049,496759,492999,493098,14388
MLFQ,5691,3662,18,18057,163069,159389,159407,14395
MLFQ,9256,3663,90,18061,492408,488655,488745,14398
MLFQ,3638,3663,70,18065,453449,449716,449786,14402
MLFQ,3584,3664,97,18069,496760,492999,493096,14405
MLFQ,1655,3665,41,18073,331105,327399,327440,14408
MLFQ,6344,3666,14,18081,129357,125677,125691,14415
MLFQ,3421,3667,3,18085,18088,14418,14421,14418
MLFQ,9427,3670,83,18092,481654,477901,477984,14422
MLFQ,6910,3670,17,18096,163098,159411,159428,14426
MLFQ,2478,3670,9,18100,94000,90321,90330,14430
MLFQ,8088,3671,66,18104,440872,437135,437201,14433
MLFQ,4546,3672,69,18108,453462,449721,449790,14436
MLFQ,414,3672,80,18112,473799,470047,470127,14440
MLFQ,5946,3672,7,18116,56856,53177,53184,14444
MLFQ,6885,3673,24,18120,195139,191442,191466,14447
MLFQ,3463,3674,34,18128,281405,277697,277731,14454
MLFQ,2676,3674,16,18132,129397,125707,125723,14458
MLFQ,1115,3675,95,18136,495329,491559,491654,14461
MLFQ,9865,3675,92,18140,492424,488657,488749,14465
MLFQ,7234,3675,23,18144,195158,191460,191483,14469
MLFQ,5538,3676,63,18148,426630,422891,422954,14472
MLFQ,3769,3676,58,18152,410779,407045,407103,14476
MLFQ,1545,3676,49,18156,374356,370631,370680,14480
MLFQ,8619,3677,9,18160,94053,90367,90376,14483
MLFQ,7298,3677,53,18164,393400,389670,389723,14487
MLFQ,6355,3681,57,18172,410780,407042,407099,14491
MLFQ,1929,3683,76,18180,464446,460687,460763,14497
MLFQ,9348,3683,52,18184,374373,370638,370690,14501
MLFQ,8579,3683,72,18188,453482,449727,449799,14505
MLFQ,951,3687,17,18196,163179,159475,159492,14509
MLFQ,3900,3687,13,18200,129458,125758,125771,14513
MLFQ,8590,3688,31,18204,254253,250534,250565,14516
MLFQ,9601,3688,86,18208,487922,484148,484234,14520
MLFQ,7479,3690,31,18216,254264,250543,250574,14526
MLFQ,2576,3690,44,18220,331185,327451,327495,14530
MLFQ,1134,3695,34,18228,281472,277743,277777,14533
MLFQ,9202,3695,51,18232,374395,370649,370700,14537
MLFQ,3462,3696,59,18236,410799,407044,407103,14540
MLFQ,179,3696,74,18240,464456,460686,460760,14544
MLFQ,7994,3696,90,18244,492426,488640,488730,14548
MLFQ,7127,3697,52,18248,374411,370662,370714,14551
MLFQ,3475,3699,20,18256,163231,159512,159532,14557
MLFQ,2925,3699,54,18260,393434,389681,389735,14561
MLFQ,3961,3700,88,18264,487930,484142,484230,14564
MLFQ,1067,3701,42,18268,331219,327476,327518,14567
MLFQ,6024,3701,7,18272,57011,53303,53310,14571
MLFQ,3140,3701,89,18276,492427,488637,488726,14575
MLFQ,589,3709,76,18287,464472,460687,460763,14578
MLFQ,3309,3709,67,18291,440927,437151,437218,14582
MLFQ,2598,3711,63,18299,426673,422899,422962,14588
MLFQ,1833,3712,96,18303,495333,491525,491621,14591
MLFQ,1976,3713,84,18307,481686,477889,477973,14594
MLFQ,1687,3714,91,18315,492434,488629,488720,14601
MLFQ,5211,3715,50,18319,374453,370688,370738,14604
MLFQ,4181,3716,17,18323,163285,159552,159569,14607
MLFQ,2136,3716,44,18327,331263,327503,327547,14611
MLFQ,9637,3718,20,18335,163297,159559,159579,14617
MLFQ,3315,3718,41,18339,331268,327509,327550,14621
MLFQ,7747,3718,54,18343,393476,389704,389758,14625
MLFQ,982,3719,99,18347,496763,492945,493044,14628
MLFQ,1799,3719,91,18351,492441,488631,488722,14632
MLFQ,2005,3719,25,18355,225646,221902,221927,14636
MLFQ,3989,3719,84,18359,481702,477899,477983,14640
MLFQ,634,3719,75,18363,464499,460705,460780,14644
MLFQ,7030,3720,27,18367,225657,221910,221937,14647
MLFQ,5966,3720,67,18371,440962,437175,437242,14651
MLFQ,3560,3722,54,18379,393502,389726,389780,14657
MLFQ,8303,3722,95,18383,495340,491523,491618,14661
MLFQ,4749,3722,28,18387,225677,221927,221955,14665
MLFQ,6126,3723,66,18391,440972,437183,437249,14668
MLFQ,9818,3724,26,18395,225683,221933,221959,14671
MLFQ,2027,3725,22,18399,195372,191625,191647,14674
MLFQ,1840,3726,90,18407,492450,488634,488724,14681
MLFQ,7856,3727,19,18411,163372,159626,159645,14684
MLFQ,6840,3727,87,18415,487965,484151,484238,14688
MLFQ,2309,3727,97,18419,496764,492940,493037,14692
MLFQ,5435,3729,51,18423,374516,370736,370787,14694
MLFQ,3008,3730,23,18431,195399,191646,191669,14701
MLFQ,3642,3731,28,18435,225711,221952,221980,14704
MLFQ,6169,3732,22,18439,195405,191651,191673,14707
MLFQ,6291,3734,7,18447,57182,53441,53448,14713
MLFQ,7256,3735,28,18451,225719,221956,221984,14716
MLFQ,3080,3735,39,18455,307233,303459,303498,14720
MLFQ,855,3735,86,18459,487971,484150,484236,14724
MLFQ,2772,3736,74,18463,464526,460716,460790,14727
MLFQ,7175,3737,23,18467,195428,191668,191691,14730
MLFQ,1446,3738,10,18475,94355,90607,90617,14737
MLFQ,2757,3740,68,18479,441006,437198,437266,14739
MLFQ,7988,3740,85,18483,487976,484151,484236,14743
MLFQ,9003,3741,12,18487,94367,90614,90626,14746
MLFQ,1457,3741,28,18491,225747,221978,222006,14750
MLFQ,2830,3741,70,18495,453580,449769,449839,14754
MLFQ,3453,3743,51,18503,374552,370758,370809,14760
MLFQ,2841,3744,96,18507,495348,491508,491604,14763
MLFQ,5077,3744,64,18511,426773,422965,423029,14767
MLFQ,889,3744,72,18515,453588,449772,449844,14771
MLFQ,8863,3747,38,18523,307283,303498,303536,14776
MLFQ,2242,3747,39,18527,307286,303500,303539,14780
MLFQ,3103,3747,49,18531,374569,370773,370822,14784
MLFQ,3273,3748,79,18535,473894,470067,470146,14787
MLFQ,4889,3748,53,18539,393579,389778,389831,14791
MLFQ,164,3748,74,18543,464548,460726,460800,14795
MLFQ,4097,3748,52,18547,374585,370785,370837,14799
MLFQ,6850,3749,54,18551,393585,389782,389836,14802
MLFQ,2509,3750,50,18555,374591,370791,370841,14805
MLFQ,9708,3751,90,18563,492461,488620,488710,14812
MLFQ,2292,3754,88,18567,487988,484146,484234,14813
MLFQ,8774,3756,58,18575,410968,407154,407212,14819
MLFQ,985,3756,5,18579,57311,53550,53555,14823
MLFQ,9108,3757,83,18583,481750,477910,477993,14826
MLFQ,8446,3758,21,18587,195533,191754,191775,14829
MLFQ,4634,3758,16,18591,129822,126048,126064,14833
MLFQ,7705,3758,52,18595,374619,370809,370861,14837
MLFQ,4109,3759,99,18603,496767,492909,493008,14844
MLFQ,2834,3760,24,18607,195547,191763,191787,14847
MLFQ,1342,3760,68,18611,441062,437234,437302,14851
MLFQ,1588,3762,9,18615,94488,90717,90726,14853
MLFQ,170,3763,54,18623,393619,389802,389856,14860
MLFQ,3981,3764,24,18627,195563,191775,191799,14863
MLFQ,3347,3764,65,18631,441063,437234,437299,14867
MLFQ,3684,3765,63,18635,426824,422996,423059,14870
MLFQ,506,3766,72,18639,453623,449785,449857,14873
MLFQ,7207,3766,45,18643,353893,350082,350127,14877
MLFQ,6014,3767,37,18651,307375,303571,303608,14884
MLFQ,8071,3768,84,18655,481762,477910,477994,14887
MLFQ,5813,3768,19,18659,163595,159808,159827,14891
MLFQ,366,3769,40,18663,307383,303574,303614,14894
MLFQ,9133,3770,37,18667,307384,303577,303614,14897
MLFQ,7870,3770,66,18671,441077,437241,437307,14901
MLFQ,8761,3770,53,18675,393644,389821,389874,14905
MLFQ,7511,3771,32,18683,254608,250805,250837,14912
MLFQ,9447,3772,77,18687,473922,470073,470150,14915
MLFQ,9258,3773,81,18691,481763,477909,477990,14918
MLFQ,640,3775,2,18699,18701,14924,14926,14924
MLFQ,8934,3775,31,18701,254623,250817,250848,14926
MLFQ,5713,3775,84,18705,481771,477912,477996,14930
MLFQ,7990,3777,85,18709,487999,484137,484222,14932
MLFQ,1521,3778,18,18713,163645,159849,159867,14935
MLFQ,5786,3779,91,18721,492472,488602,488693,14942
MLFQ,7441,3782,21,18725,195648,191845,191866,14943
MLFQ,6020,3783,30,18733,254645,250832,250862,14950
MLFQ,4582,3783,16,18737,129962,126163,126179,14954
MLFQ,9516,3785,74,18741,464602,460743,460817,14956
MLFQ,3476,3786,77,18745,473943,470080,470157,14959
MLFQ,5384,3786,80,18749,473947,470081,470161,14963
MLFQ,6951,3787,37,18757,307445,303621,303658,14970
MLFQ,1574,3788,15,18761,129985,126182,126197,14973
MLFQ,5016,3789,15,18765,129988,126184,126199,14976
MLFQ,8585,3790,62,18769,426886,423034,423096,14979
MLFQ,5904,3791,68,18777,441121,437262,437330,14986
MLFQ,4447,3791,83,18781,481782,477908,477991,14990
MLFQ,4032,3792,5,18785,57512,53715,53720,14993
MLFQ,4795,3792,71,18789,453678,449815,449886,14997
MLFQ,7570,3793,75,18793,464617,460749,460824,15000
MLFQ,5606,3793,83,18797,481785,477909,477992,15004
MLFQ,3212,3796,44,18805,331562,327722,327766,15009
MLFQ,1016,3797,27,18809,225999,222175,222202,15012
MLFQ,5638,3797,2,18813,18815,15016,15018,15016
MLFQ,6978,3799,32,18819,254705,250874,250906,15020
MLFQ,4069,3801,73,18823,464626,460752,460825,15022
MLFQ,3042,3802,28,18827,226015,222185,222213,15025
MLFQ,3708,3802,95,18831,495360,491463,491558,15029
MLFQ,7573,3803,64,18839,426922,423055,423119,15036
MLFQ,4252,3805,5,18843,57565,53755,53760,15038
MLFQ,4611,3806,2,18847,18849,15041,15043,15041
MLFQ,2966,3807,60,18853,411096,407229,407289,15046
MLFQ,8000,3808,48,18857,354009,350153,350201,15049
MLFQ,2846,3808,83,18861,481796,477905,477988,15053
MLFQ,4976,3809,10,18865,94722,90903,90913,15056
MLFQ,8959,3810,89,18869,492481,488582,488671,15059
MLFQ,1327,3810,99,18873,496770,492861,492960,15063
MLFQ,3550,3811,41,18881,331607,327755,327796,15070
MLFQ,8972,3811,78,18885,473977,470088,470166,15074
MLFQ,846,3812,86,18889,488021,484123,484209,15077
MLFQ,1707,3814,80,18893,473985,470091,470171,15079
MLFQ,6874,3815,9,18901,94755,90931,90940,15086
MLFQ,6395,3815,63,18905,426953,423075,423138,15090
MLFQ,9223,3816,5,18909,57626,53805,53810,15093
MLFQ,3973,3816,5,18913,57627,53806,53811,15097
MLFQ,9929,3818,65,18917,441178,437295,437360,15099
MLFQ,750,3818,37,18921,307547,303692,303729,15103
MLFQ,6286,3823,2,18933,18935,15110,15112,15110
MLFQ,5100,3823,93,18935,495365,491449,491542,15112
MLFQ,3456,3824,24,18939,195817,191969,191993,15115
MLFQ,3039,3825,66,18943,441184,437293,437359,15118
MLFQ,2798,3828,15,18951,130143,126300,126315,15123
MLFQ,1818,3828,70,18955,453734,449836,449906,15127
MLFQ,5647,3829,46,18959,354071,350196,350242,15130
MLFQ,5827,3830,18,18963,163847,159999,160017,15133
MLFQ,2649,3830,30,18967,254803,250943,250973,15137
MLFQ,2619,3831,72,18975,453738,449835,449907,15144
MLFQ,3523,3832,6,18979,57687,53849,53855,15147
MLFQ,6682,3832,86,18983,488027,484109,484195,15151
MLFQ,2997,3835,23,18991,195852,191994,192017,15156
MLFQ,2228,3839,76,18999,464670,460755,460831,15160
MLFQ,4142,3839,6,19003,57709,53864,53870,15164
MLFQ,113,3840,93,19007,495366,491433,491526,15167
MLFQ,6135,3840,42,19011,331673,327791,327833,15171
MLFQ,5537,3841,84,19015,481827,477902,477986,15174
MLFQ,3276,3841,26,19019,226145,222278,222304,15178
MLFQ,60,3843,80,19027,474009,470086,470166,15184
MLFQ,7716,3845,72,19031,453762,449845,449917,15186
MLFQ,1379,3845,26,19035,226159,222288,222314,15190
MLFQ,7648,3845,78,19039,474011,470088,470166,15194
MLFQ,8003,3845,75,19043,464689,460769,460844,15198
MLFQ,4706,3847,47,19051,354114,350220,350267,15204
MLFQ,8478,3849,88,19055,488037,484100,484188,15206
MLFQ,3726,3849,38,19059,307630,303743,303781,15210
MLFQ,1206,3850,60,19063,411192,407282,407342,15213
MLFQ,2104,3850,91,19067,492496,488555,488646,15217
MLFQ,5295,3854,62,19075,427023,423107,423169,15221
MLFQ,4702,3854,75,19079,464704,460775,460850,15225
MLFQ,374,3854,42,19083,331726,327830,327872,15229
MLFQ,3574,3854,83,19087,481842,477905,477988,15233
MLFQ,4255,3856,61,19095,427032,423115,423176,15239
MLFQ,9265,3858,81,19099,481843,477904,477985,15241
MLFQ,6743,3861,60,19107,411220,407299,407359,15246
MLFQ,5051,3861,85,19111,488042,484096,484181,15250
MLFQ,7485,3862,25,19115,226231,222344,222369,15253
MLFQ,5348,3862,42,19119,331748,327844,327886,15257
MLFQ,330,3863,79,19127,474038,470096,470175,15264
MLFQ,7942,3863,36,19131,282111,278212,278248,15268
MLFQ,2602,3864,81,19135,481848,477903,477984,15271
MLFQ,5029,3866,37,19139,307687,303784,303821,15273
MLFQ,3297,3866,53,19143,393878,389959,390012,15277
MLFQ,2529,3867,1,19151,19152,15284,15285,15284
MLFQ,4951,3867,60,19152,411236,407309,407369,15285
MLFQ,7569,3867,87,19156,488045,484091,484178,15289
MLFQ,2852,3868,68,19160,441272,437336,437404,15292
MLFQ,7469,3870,92,19164,492500,488538,488630,15294
MLFQ,4449,3871,44,19172,331784,327869,327913,15301
MLFQ,9244,3872,61,19176,427061,423128,423189,15304
MLFQ,9018,3872,34,19180,282153,278247,278281,15308
MLFQ,8731,3873,46,19184,354192,350273,350319,15311
MLFQ,1993,3874,14,19188,130361,126473,126487,15314
MLFQ,6222,3874,46,19192,354194,350274,350320,15318
MLFQ,4219,3875,20,19200,164063,160168,160188,15325
MLFQ,6478,3875,82,19204,481858,477901,477983,15329
MLFQ,1006,3876,14,19208,130379,126489,126503,15332
MLFQ,7062,3876,47,19212,354205,350282,350329,15336
MLFQ,8288,3878,34,19216,282175,278263,278297,15338
MLFQ,6720,3880,67,19224,441287,437340,437407,15344
MLFQ,4224,3882,19,19228,164086,160185,160204,15346
MLFQ,9589,3883,88,19236,488053,484082,484170,15353
MLFQ,7834,3883,48,19240,354217,350286,350334,15357
MLFQ,6896,3885,82,19244,481864,477897,477979,15359
MLFQ,9440,3885,6,19248,57947,54056,54062,15363
MLFQ,9031,3888,48,19256,354225,350289,350337,15368
MLFQ,39,3890,33,19260,282200,278277,278310,15370
MLFQ,9670,3891,52,19264,374953,371010,371062,15373
MLFQ,5136,3892,67,19272,441298,437339,437406,15380
MLFQ,3963,3893,61,19276,427086,423132,423193,15383
MLFQ,3247,3893,65,19280,441299,437341,437406,15387
MLFQ,7098,3895,19,19284,164133,160219,160238,15389
MLFQ,7995,3896,2,19292,19294,15396,15398,15396
MLFQ,2186,3897,65,19294,441300,437338,437403,15397
MLFQ,5319,3899,15,19298,130460,126546,126561,15399
MLFQ,8950,3900,16,19306,130468,126552,126568,15406
MLFQ,774,3900,19,19310,164148,160229,160248,15410
MLFQ,3793,3901,9,19314,95132,91222,91231,15413
MLFQ,3967,3904,65,19322,441301,437332,437397,15418
MLFQ,4624,3904,37,19326,307790,303849,303886,15422
MLFQ,3072,3906,60,19330,411300,407334,407394,15424
MLFQ,7106,3906,27,19334,226388,222455,222482,15428
MLFQ,4692,3907,73,19338,464749,460769,460842,15431
MLFQ,6316,3908,17,19346,164177,160252,160269,15438
MLFQ,1626,3911,10,19350,95166,91245,91255,15439
MLFQ,465,3913,87,19358,488056,484056,484143,15445
MLFQ,4338,3915,5,19362,58056,54136,54141,15447
MLFQ,9448,3916,19,19366,164188,160253,160272,15450
MLFQ,5344,3917,99,19370,496773,492757,492856,15453
MLFQ,5887,3918,34,19378,282262,278310,278344,15460
MLFQ,2408,3920,50,19382,375006,371036,371086,15462
MLFQ,3623,3922,56,19390,393970,389992,390048,15468
MLFQ,3292,3923,6,19394,58086,54157,54163,15471
MLFQ,8601,3923,97,19398,496774,492754,492851,15475
MLFQ,6189,3924,58,19402,411326,407344,407402,15478
MLFQ,4466,3924,34,19406,282284,278326,278360,15482
MLFQ,668,3925,3,19410,19413,15485,15488,15485
MLFQ,2199,3926,85,19417,488065,484054,484139,15491
MLFQ,3871,3927,27,19421,226451,222497,222524,15494
MLFQ,7857,3928,97,19425,496775,492750,492847,15497
MLFQ,3464,3929,75,19429,464780,460776,460851,15500
MLFQ,1432,3930,99,19437,496778,492749,492848,15507
MLFQ,7042,3932,72,19441,453878,449874,449946,15509
MLFQ,4593,3932,65,19445,441350,437353,437418,15513
MLFQ,9787,3932,2,19449,19451,15517,15519,15517
MLFQ,6739,3932,84,19451,481903,477887,477971,15519
MLFQ,8179,3933,22,19455,196228,192273,192295,15522
MLFQ,6766,3933,78,19459,474105,470094,470172,15526
MLFQ,7160,3935,3,19467,19470,15532,15535,15532
MLFQ,3057,3935,31,19470,255163,251197,251228,15535
MLFQ,7059,3936,46,19474,354343,350361,350407,15538
MLFQ,9898,3937,24,19478,196248,192287,192311,15541
MLFQ,4868,3939,14,19484,130618,126665,126679,15545
MLFQ,4092,3940,12,19488,95286,91334,91346,15548
MLFQ,56,3943,77,19496,474106,470086,470163,15553
MLFQ,6711,3945,79,19500,474109,470085,470164,15555
MLFQ,3442,3947,85,19508,488078,484046,484131,15561
MLFQ,7457,3949,46,19512,354357,350362,350408,15563
MLFQ,9455,3951,58,19520,411376,407367,407425,15569
MLFQ,3673,3951,57,19524,411377,407369,407426,15573
MLFQ,1750,3953,57,19528,411378,407368,407425,15575
MLFQ,9833,3954,65,19536,441371,437352,437417,15582
MLFQ,5256,3956,14,19540,130668,126698,126712,15584
MLFQ,6700,3957,18,19544,164338,160363,160381,15587
MLFQ,5125,3957,28,19548,226547,222562,222590,15591
MLFQ,2472,3959,17,19556,164347,160371,160388,15597
MLFQ,7550,3959,82,19560,481909,477868,477950,15601
MLFQ,6706,3959,15,19564,130691,126717,126732,15605
MLFQ,2366,3959,96,19568,495386,491331,491427,15609
MLFQ,8732,3960,48,19572,354389,350381,350429,15612
MLFQ,8971,3960,18,19576,164361,160383,160401,15616
MLFQ,4608,3961,63,19580,427187,423163,423226,15619
MLFQ,4747,3962,87,19588,488089,484040,484127,15626
MLFQ,9899,3963,67,19592,441390,437360,437427,15629
MLFQ,3137,3965,36,19596,282416,278415,278451,15631
MLFQ,5067,3966,68,19604,441394,437360,437428,15638
MLFQ,9608,3967,69,19608,453915,449879,449948,15641
MLFQ,2321,3967,66,19612,441400,437367,437433,15645
MLFQ,5641,3968,17,19616,164398,160413,160430,15648
MLFQ,4401,3968,19,19620,164401,160414,160433,15652
MLFQ,8141,3969,85,19624,488090,484036,484121,15655
MLFQ,4862,3969,2,19628,19630,15659,15661,15659
MLFQ,9799,3970,23,19634,196356,192363,192386,15664
MLFQ,4271,3970,14,19638,130761,126777,126791,15668
MLFQ,2534,3970,65,19642,441405,437370,437435,15672
MLFQ,4549,3970,63,19646,427222,423189,423252,15676
MLFQ,1415,3972,29,19650,255276,251275,251304,15678
MLFQ,480,3974,44,19658,332048,328030,328074,15684
MLFQ,3253,3976,90,19662,492528,488462,488552,15686
MLFQ,4989,3977,82,19666,481931,477872,477954,15689
MLFQ,4993,3981,59,19674,411445,407405,407464,15693
MLFQ,7196,3981,51,19678,375153,371121,371172,15697
MLFQ,7496,3981,74,19682,464838,460783,460857,15701
MLFQ,4850,3982,85,19690,488095,484028,484113,15708
MLFQ,9308,3983,73,19694,464843,460787,460860,15711
MLFQ,2250,3983,81,19698,481936,477872,477953,15715
MLFQ,2336,3983,60,19702,411465,407422,407482,15719
MLFQ,6350,3985,6,19706,58384,54393,54399,15721
MLFQ,8128,3985,15,19710,130824,126824,126839,15725
MLFQ,7903,3985,54,19714,394129,390090,390144,15729
MLFQ,273,3987,57,19722,411466,407422,407479,15735
MLFQ,8885,3988,78,19726,474151,470085,470163,15738
MLFQ,6728,3990,2,19734,19736,15744,15746,15744
MLFQ,6540,3992,91,19736,492531,488448,488539,15744
MLFQ,5615,3992,13,19740,130849,126844,126857,15748
MLFQ,1273,3993,12,19744,95532,91527,91539,15751
MLFQ,7773,3994,56,19752,394153,390103,390159,15758
MLFQ,5712,3998,40,19760,308069,304031,304071,15762
MLFQ,7295,3998,22,19764,196454,192434,192456,15766
MLFQ,1459,3998,99,19768,496781,492684,492783,15770
MLFQ,672,4000,45,19772,354507,350462,350507,15772
MLFQ,458,4000,58,19776,411490,407432,407490,15776
MLFQ,2462,4000,2,19780,19782,15780,15782,15780
MLFQ,2904,4000,95,19782,495393,491298,491393,15782
MLFQ,9135,4001,8,19786,58460,54451,54459,15785
MLFQ,6362,4002,33,19794,282545,278510,278543,15792
MLFQ,8100,4005,17,19798,164541,160519,160536,15793
MLFQ,4513,4005,20,19802,164545,160520,160540,15797
MLFQ,2769,4005,92,19806,492543,488446,488538,15801
MLFQ,4602,4006,75,19814,464870,460789,460864,15808
MLFQ,7193,4006,7,19818,58491,54478,54485,15812
MLFQ,2868,4008,21,19822,196491,192462,192483,15814
MLFQ,3978,4008,57,19826,411507,407442,407499,15818
MLFQ,9724,4008,78,19830,474169,470083,470161,15822
MLFQ,7840,4009,41,19834,332165,328115,328156,15825
MLFQ,3431,4009,2,19838,19840,15829,15831,15829
MLFQ,2949,4009,45,19840,354539,350485,350530,15831
MLFQ,5858,4011,7,19848,58518,54500,54507,15837
MLFQ,332,4014,99,19856,496784,492671,492770,15842
MLFQ,7044,4016,92,19860,492551,488443,488535,15844
MLFQ,9109,4016,42,19864,332179,328121,328163,15848
MLFQ,6477,4016,87,19868,488122,484019,484106,15852
MLFQ,3778,4017,32,19872,255432,251383,251415,15855
MLFQ,9449,4018,62,19880,427301,423221,423283,15862
MLFQ,952,4018,47,19884,354562,350497,350544,15866
MLFQ,8756,4018,12,19888,95659,91629,91641,15870
MLFQ,9812,4019,19,19892,164612,160574,160593,15873
MLFQ,9158,4019,75,19896,464893,460799,460874,15877
MLFQ,9055,4019,5,19900,58567,54543,54548,15881
MLFQ,2891,4020,83,19904,481970,477867,477950,15884
MLFQ,1027,4021,67,19908,441492,437404,437471,15887
MLFQ,6404,4022,51,19916,375276,371203,371254,15894
MLFQ,8524,4023,48,19920,354586,350515,350563,15897
MLFQ,9606,4023,65,19924,441497,437409,437474,15901
MLFQ,7012,4025,2,19928,19930,15903,15905,15903
MLFQ,6483,4025,52,19930,375284,371207,371259,15905
MLFQ,3306,4025,96,19934,495401,491280,491376,15909
MLFQ,3820,4027,82,19942,481980,477871,477953,15915
MLFQ,9905,4027,63,19946,427336,423246,423309,15919
MLFQ,949,4033,46,19954,354612,350533,350579,15921
MLFQ,1809,4033,33,19958,282654,278588,278621,15925
MLFQ,1163,4033,2,19962,19964,15929,15931,15929
MLFQ,2838,4033,61,19964,427337,423243,423304,15931
MLFQ,7854,4036,28,19972,226847,222783,222811,15936
MLFQ,1422,4036,34,19976,282664,278594,278628,15940
MLFQ,2018,4037,90,19980,492557,488430,488520,15943
MLFQ,5096,4039,71,19988,454024,449914,449985,15949
MLFQ,5376,4041,32,19992,255528,251455,251487,15951
MLFQ,6802,4042,84,19999,481988,477862,477946,15957
MLFQ,5061,4042,2,20003,20005,15961,15963,15961
MLFQ,4937,4042,9,20005,95756,91705,91714,15963
MLFQ,8369,4047,28,20013,226879,222804,222832,15966
MLFQ,7986,4050,43,20021,332274,328181,328224,15971
MLFQ,4759,4051,10,20025,95773,91712,91722,15974
MLFQ,6508,4052,92,20029,492561,488417,488509,15977
MLFQ,9897,4053,8,20033,58688,54627,54635,15980
MLFQ,8705,4053,30,20037,255546,251463,251493,15984
MLFQ,5044,4054,17,20045,164729,160658,160675,15991
MLFQ,7426,4055,92,20049,492565,488418,488510,15994
MLFQ,5339,4056,86,20053,488143,484001,484087,15997
MLFQ,4574,4059,12,20061,95805,91734,91746,16002
MLFQ,7711,4060,12,20065,95809,91737,91749,16005
MLFQ,9757,4060,20,20069,164745,160665,160685,16009
MLFQ,234,4061,26,20073,226909,222822,222848,16012
MLFQ,3302,4063,92,20081,492569,488414,488506,16018
MLFQ,6939,4065,73,20085,464949,460811,460884,16020
MLFQ,4715,4066,82,20093,482010,477862,477944,16027
MLFQ,7032,4067,44,20097,332313,328202,328246,16030
MLFQ,3649,4068,75,20101,464956,460813,460888,16033
MLFQ,417,4070,54,20109,394311,390187,390241,16039
MLFQ,7795,4070,92,20113,492577,488415,488507,16043
MLFQ,7305,4071,93,20117,495404,491240,491333,16046
MLFQ,3242,4072,13,20121,131151,127066,127079,16049
MLFQ,6505,4076,33,20129,282753,278644,278677,16053
MLFQ,8544,4076,98,20133,496786,492612,492710,16057
MLFQ,6717,4076,36,20137,282761,278649,278685,16061
MLFQ,5059,4078,52,20145,375388,371258,371310,16067
MLFQ,5930,4078,85,20149,488169,484006,484091,16071
MLFQ,497,4079,77,20153,474260,470104,470181,16074
MLFQ,2616,4079,21,20157,196742,192642,192663,16078
MLFQ,9569,4080,91,20161,492592,488421,488512,16081
MLFQ,3537,4082,18,20169,164832,160732,160750,16087
MLFQ,2289,4082,50,20173,375402,371270,371320,16091
MLFQ,8520,4083,96,20177,495412,491233,491329,16094
MLFQ,5084,4085,64,20181,427429,423280,423344,16096
MLFQ,8031,4086,75,20189,464995,460834,460909,16103
MLFQ,5421,4086,15,20193,131218,127117,127132,16107
MLFQ,5310,4086,63,20197,427436,423287,423350,16111
MLFQ,5565,4086,86,20201,488179,484007,484093,16115
MLFQ,9808,4087,85,20205,488180,484008,484093,16118
MLFQ,9272,4088,94,20209,495414,491232,491326,16121
MLFQ,2695,4088,16,20213,131238,127134,127150,16125
MLFQ,1252,4090,68,20221,441617,437459,437527,16131
MLFQ,9188,4091,90,20225,492602,488421,488511,16134
MLFQ,9023,4092,86,20229,488190,484012,484098,16137
MLFQ,9553,4094,74,20237,465017,460849,460923,16143
MLFQ,6734,4095,56,20241,394387,390236,390292,16146
MLFQ,9240,4099,45,20249,354771,350627,350672,16150
MLFQ,9005,4102,33,20257,282846,278711,278744,16155
MLFQ,9367,4102,26,20261,227055,222927,222953,16159
MLFQ,5073,4103,87,20265,488193,484003,484090,16162
MLFQ,1259,4107,20,20273,164920,160793,160813,16166
MLFQ,2049,4107,48,20277,354786,350631,350679,16170
MLFQ,469,4107,54,20281,394397,390236,390290,16174
MLFQ,8766,4108,48,20285,354794,350638,350686,16177
MLFQ,4213,4108,18,20289,164934,160808,160826,16181
MLFQ,1642,4109,68,20293,441641,437464,437532,16184
MLFQ,8269,4109,41,20297,332450,328300,328341,16188
MLFQ,6548,4109,95,20301,495417,491213,491308,16192
MLFQ,8957,4112,40,20309,308415,304263,304303,16197
MLFQ,9451,4114,10,20317,96054,91930,91940,16203
MLFQ,1826,4114,89,20321,492607,488404,488493,16207
MLFQ,1524,4116,69,20325,454145,449960,450029,16209
MLFQ,3716,4117,9,20329,96063,91937,91946,16212
MLFQ,3068,4117,93,20333,495418,491208,491301,16216
MLFQ,4630,4117,22,20337,196877,192738,192760,16220
MLFQ,9034,4118,31,20345,255765,251616,251647,16227
MLFQ,3744,4120,2,20349,20351,16229,16231,16229
MLFQ,1204,4124,34,20355,282907,278749,278783,16231
MLFQ,4999,4131,58,20367,411738,407549,407607,16236
MLFQ,4289,4131,67,20371,441668,437470,437537,16240
MLFQ,1413,4133,81,20375,482083,477869,477950,16242
MLFQ,7694,4133,99,20379,496789,492557,492656,16246
MLFQ,7316,4133,90,20383,492617,488394,488484,16250
MLFQ,4285,4134,99,20391,496792,492559,492658,16257
MLFQ,7879,4134,29,20395,255810,251647,251676,16261
MLFQ,2569,4135,85,20399,488220,484000,484085,16264
MLFQ,4333,4135,42,20403,332509,328332,328374,16268
MLFQ,8568,4136,81,20407,482100,477883,477964,16271
MLFQ,5956,4136,6,20411,59058,54916,54922,16275
MLFQ,6449,4137,22,20415,196947,192788,192810,16278
MLFQ,3775,4138,77,20423,474333,470118,470195,16285
MLFQ,6922,4141,86,20427,488222,483995,484081,16286
MLFQ,386,4142,59,20435,411785,407584,407643,16293
MLFQ,788,4143,83,20439,482107,477881,477964,16296
MLFQ,4343,4143,94,20443,495428,491191,491285,16300
MLFQ,6463,4144,25,20447,227204,223035,223060,16303
MLFQ,8553,4144,9,20451,96176,92023,92032,16307
MLFQ,4267,4145,10,20455,96178,92023,92033,16310
MLFQ,1013,4146,71,20463,454200,449983,450054,16317
MLFQ,1876,4146,76,20467,465082,460860,460936,16321
MLFQ,365,4146,36,20471,282996,278814,278850,16325
MLFQ,6447,4150,22,20479,196997,192825,192847,16329
MLFQ,9117,4150,59,20483,411804,407595,407654,16333
MLFQ,9756,4150,9,20487,96207,92048,92057,16337
MLFQ,1214,4150,55,20491,394500,390295,390350,16341
MLFQ,5932,4151,92,20495,492629,488386,488478,16344
MLFQ,8896,4151,33,20499,283009,278825,278858,16348
MLFQ,7738,4151,88,20503,488234,483995,484083,16352
MLFQ,3083,4152,38,20507,308536,304346,304384,16355
MLFQ,6251,4152,49,20511,375577,371376,371425,16359
MLFQ,2963,4154,2,20519,20521,16365,16367,16365
MLFQ,4980,4155,92,20521,492633,488386,488478,16366
MLFQ,7375,4155,76,20525,465098,460867,460943,16370
MLFQ,7049,4157,33,20529,283030,278840,278873,16372
MLFQ,6437,4157,98,20533,496794,492539,492637,16376
MLFQ,667,4158,28,20541,227276,223090,223118,16383
MLFQ,4855,4159,77,20545,474363,470127,470204,16386
MLFQ,3603,4160,3,20549,20552,16389,16392,16389
MLFQ,6801,4161,79,20552,474366,470126,470205,16391
MLFQ,6609,4163,76,20560,465122,460883,460959,16397
MLFQ,3787,4164,55,20564,394543,390324,390379,16400
MLFQ,745,4164,4,20568,20572,16404,16408,16404
MLFQ,1575,4167,51,20576,375616,371398,371449,16409
MLFQ,520,4171,33,20584,283067,278863,278896,16413
MLFQ,4113,4172,20,20588,165191,160999,161019,16416
MLFQ,3617,4173,73,20592,465127,460881,460954,16419
MLFQ,5706,4174,32,20600,255962,251756,251788,16426
MLFQ,610,4175,21,20604,197098,192902,192923,16429
MLFQ,9123,4175,29,20608,255963,251759,251788,16433
MLFQ,6486,4175,54,20612,394554,390325,390379,16437
MLFQ,3998,4177,60,20616,411856,407619,407679,16439
MLFQ,1138,4177,32,20620,255975,251766,251798,16443
MLFQ,687,4178,30,20628,255981,251773,251803,16450
MLFQ,2696,4178,62,20632,427610,423370,423432,16454
MLFQ,7482,4179,20,20636,165239,161040,161060,16457
MLFQ,1526,4179,21,20640,197127,192927,192948,16461
MLFQ,5423,4180,31,20644,255988,251777,251808,16464
MLFQ,9211,4180,2,20648,20650,16468,16470,16468
MLFQ,9871,4181,17,20650,165248,161050,161067,16469
MLFQ,9507,4182,23,20658,197138,192933,192956,16476
MLFQ,4540,4182,15,20662,131643,127446,127461,16480
MLFQ,2290,4183,35,20666,283098,278880,278915,16483
MLFQ,8937,4183,34,20670,283100,278883,278917,16487
MLFQ,9229,4184,21,20674,197147,192942,192963,16490
MLFQ,6043,4185,62,20678,427616,423369,423431,16493
MLFQ,9418,4185,27,20682,227371,223159,223186,16497
MLFQ,582,4186,92,20690,492645,488367,488459,16504
MLFQ,3940,4188,80,20694,474385,470117,470197,16506
MLFQ,766,4188,64,20698,427632,423380,423444,16510
MLFQ,9744,4190,49,20706,375669,371430,371479,16516
MLFQ,7033,4195,86,20714,488256,483975,484061,16519
MLFQ,3728,4195,8,20718,59351,55148,55156,16523
MLFQ,6357,4196,65,20722,441793,437532,437597,16526
MLFQ,7310,4196,27,20726,227402,223179,223206,16530
MLFQ,1247,4197,9,20730,96427,92221,92230,16533
MLFQ,1584,4197,26,20734,227404,223181,223207,16537
MLFQ,4711,4198,5,20742,59372,55169,55174,16544
MLFQ,256,4199,80,20746,474397,470118,470198,16547
MLFQ,3573,4199,57,20750,411905,407649,407706,16551
MLFQ,2853,4200,48,20754,355030,350782,350830,16554
MLFQ,2174,4200,90,20758,492650,488360,488450,16558
MLFQ,3478,4200,68,20762,441809,437541,437609,16562
MLFQ,6365,4200,94,20766,495435,491141,491235,16566
MLFQ,1243,4203,53,20774,394627,390371,390424,16571
MLFQ,4408,4204,67,20778,441820,437549,437616,16574
MLFQ,836,4206,90,20786,492656,488360,488450,16580
MLFQ,5358,4206,63,20790,427675,423406,423469,16584
MLFQ,7055,4207,3,20794,20797,16587,16590,16587
MLFQ,879,4208,44,20797,332723,328471,328515,16589
MLFQ,3088,4208,28,20801,227464,223228,223256,16593
MLFQ,7717,4210,94,20809,495437,491133,491227,16599
MLFQ,7849,4211,72,20813,454305,450022,450094,16602
MLFQ,1995,4211,36,20817,283200,278953,278989,16606
MLFQ,1037,4212,74,20821,465176,460890,460964,16609
MLFQ,5968,4212,65,20825,441841,437564,437629,16613
MLFQ,5143,4213,81,20829,482167,477873,477954,16616
MLFQ,7739,4213,79,20833,474424,470132,470211,16620
MLFQ,3268,4213,49,20837,375750,371488,371537,16624
MLFQ,3293,4214,11,20845,96534,92309,92320,16631
MLFQ,8974,4217,32,20849,256128,251879,251911,16632
MLFQ,5010,4218,76,20857,465192,460898,460974,16639
MLFQ,196,4218,61,20861,427712,423433,423494,16643
MLFQ,9354,4218,94,20865,495439,491127,491221,16647
MLFQ,8781,4218,32,20869,256148,251898,251930,16651
MLFQ,6485,4222,82,20877,482177,477873,477955,16655
MLFQ,7900,4223,96,20881,495443,491124,491220,16658
MLFQ,1157,4223,29,20885,256161,251909,251938,16662
MLFQ,7233,4224,96,20889,495447,491127,491223,16665
MLFQ,2062,4225,6,20893,59518,55287,55293,16668
MLFQ,1197,4225,50,20897,375784,371509,371559,16672
MLFQ,986,4225,16,20901,131851,127610,127626,16676
MLFQ,5730,4225,92,20905,492676,488359,488451,16680
MLFQ,933,4227,86,20913,488299,483986,484072,16686
MLFQ,9870,4228,7,20917,59541,55306,55313,16689
MLFQ,7228,4228,79,20921,474459,470152,470231,16693
MLFQ,8559,4228,46,20925,355148,350874,350920,16697
MLFQ,1287,4232,87,20933,488302,483983,484070,16701
MLFQ,7673,4232,1,20937,20938,16705,16706,16705
MLFQ,3198,4232,72,20938,454369,450065,450137,16706
MLFQ,5106,4232,39,20942,308799,304528,304567,16710
MLFQ,9521,4233,50,20946,375814,371531,371581,16713
MLFQ,886,4234,11,20954,96633,92388,92399,16720
MLFQ,3980,4234,13,20958,131896,127649,127662,16724
MLFQ,8006,4234,58,20962,412023,407731,407789,16728
MLFQ,7020,4235,48,20966,355176,350893,350941,16731
MLFQ,3937,4236,34,20970,283314,279044,279078,16734
MLFQ,3096,4236,52,20974,375826,371538,371590,16738
MLFQ,9414,4238,67,20982,441904,437599,437666,16744
MLFQ,5587,4239,68,20986,441908,437601,437669,16747
MLFQ,9114,4239,73,20990,465231,460919,460992,16751
MLFQ,8364,4240,55,20994,394748,390453,390508,16754
MLFQ,7373,4241,52,20998,375846,371553,371605,16757
MLFQ,8973,4242,13,21006,131937,127682,127695,16764
MLFQ,1133,4242,94,21010,495449,491113,491207,16768
MLFQ,1066,4243,19,21014,165551,161289,161308,16771
MLFQ,6040,4243,40,21018,308851,304568,304608,16775
MLFQ,8593,4243,5,21022,59642,55394,55399,16779
MLFQ,4530,4247,36,21030,283358,279075,279111,16783
MLFQ,5487,4248,35,21034,283361,279078,279113,16786
MLFQ,2691,4249,32,21038,256277,251996,252028,16789
MLFQ,423,4249,32,21042,256281,252000,252032,16793
MLFQ,4082,4251,22,21050,197457,193184,193206,16799
MLFQ,9729,4253,25,21054,227669,223391,223416,16801
MLFQ,1980,4255,6,21058,59676,55415,55421,16803
MLFQ,3050,4258,4,21066,21070,16808,16812,16808
MLFQ,2069,4259,21,21070,197466,193186,193207,16811
MLFQ,7733,4259,79,21074,474470,470132,470211,16815
MLFQ,7996,4260,9,21082,96743,92474,92483,16822
MLFQ,2475,4260,53,21086,394761,390448,390501,16826
MLFQ,7828,4261,84,21090,482209,477864,477948,16829
MLFQ,727,4261,26,21094,227691,223404,223430,16833
MLFQ,9250,4261,35,21098,283384,279088,279123,16837
MLFQ,9646,4261,42,21102,332897,328594,328636,16841
MLFQ,9212,4262,78,21106,474476,470136,470214,16844
MLFQ,9948,4262,14,21110,132023,127747,127761,16848
MLFQ,1187,4263,6,21114,59726,55457,55463,16851
MLFQ,7153,4264,7,21122,59733,55462,55469,16858
MLFQ,8266,4264,71,21126,454396,450061,450132,16862
MLFQ,4722,4266,89,21130,492684,488329,488418,16864
MLFQ,5654,4267,19,21134,165642,161356,161375,16867
MLFQ,585,4268,68,21142,441944,437608,437676,16874
MLFQ,9239,4268,83,21146,482220,477869,477952,16878
MLFQ,2153,4268,30,21150,256341,252043,252073,16882
MLFQ,5312,4270,91,21154,492687,488326,488417,16884
MLFQ,5378,4270,36,21158,283424,279118,279154,16888
MLFQ,7007,4271,53,21162,394794,390470,390523,16891
MLFQ,6013,4272,15,21170,132074,127787,127802,16898
MLFQ,6617,4273,61,21174,427810,423476,423537,16901
MLFQ,6092,4275,24,21178,197549,193250,193274,16903
MLFQ,3519,4276,61,21186,427813,423476,423537,16910
MLFQ,9999,4276,72,21190,454412,450064,450136,16914
MLFQ,7852,4277,10,21194,96845,92558,92568,16917
MLFQ,6345,4277,80,21198,474496,470139,470219,16921
MLFQ,1311,4278,69,21202,454417,450070,450139,16924
MLFQ,4904,4282,46,21210,355287,350959,351005,16928
MLFQ,209,4282,12,21214,96865,92571,92583,16932
MLFQ,2430,4283,12,21218,96869,92574,92586,16935
MLFQ,5778,4284,9,21226,96874,92581,92590,16942
MLFQ,6820,4284,20,21230,165714,161410,161430,16946
MLFQ,9081,4284,9,21234,96879,92586,92595,16950
MLFQ,2238,4285,50,21238,375932,371597,371647,16953
MLFQ,1445,4286,54,21242,394824,390484,390538,16956
MLFQ,8744,4287,57,21246,412106,407762,407819,16959
MLFQ,4586,4287,51,21250,375943,371605,371656,16963
MLFQ,3602,4287,16,21254,132134,127831,127847,16967
MLFQ,8218,4287,8,21258,59869,55574,55582,16971
MLFQ,872,4289,88,21266,488323,483946,484034,16977
MLFQ,4078,4290,54,21270,394834,390490,390544,16980
MLFQ,4849,4290,53,21274,394835,390492,390545,16984
MLFQ,9778,4292,88,21282,488327,483947,484035,16990
MLFQ,1757,4293,36,21286,283500,279171,279207,16993
MLFQ,66,4297,18,21294,165763,161448,161466,16997
MLFQ,8820,4298,83,21298,482239,477858,477941,17000
MLFQ,4584,4298,21,21302,197626,193307,193328,17004
MLFQ,8070,4298,2,21306,21308,17008,17010,17008
MLFQ,9278,4299,24,21308,197630,193307,193331,17009
MLFQ,8674,4299,52,21312,375970,371619,371671,17013
MLFQ,8871,4300,99,21320,496797,492398,492497,17020
MLFQ,748,4300,57,21324,412127,407770,407827,17024
MLFQ,8854,4302,58,21328,412129,407769,407827,17026
MLFQ,6813,4305,13,21336,132207,127889,127902,17031
MLFQ,5107,4306,9,21340,96976,92661,92670,17034
MLFQ,3530,4307,27,21344,227849,223515,223542,17037
MLFQ,6353,4310,1,21352,21353,17042,17043,17042
MLFQ,6884,4311,3,21353,21356,17042,17045,17042
MLFQ,8077,4311,93,21356,495454,491050,491143,17045
MLFQ,1435,4311,58,21360,412139,407770,407828,17049
MLFQ,9042,4311,8,21364,59969,55650,55658,17053
MLFQ,572,4312,25,21372,227862,223525,223550,17060
MLFQ,5592,4312,25,21376,227863,223526,223551,17064
MLFQ,6298,4314,10,21380,97006,92682,92692,17066
MLFQ,3499,4316,43,21388,333039,328680,328723,17072
MLFQ,7415,4317,50,21392,376000,371633,371683,17075
MLFQ,2878,4318,16,21396,132245,127911,127927,17078
MLFQ,4864,4319,78,21400,474526,470129,470207,17081
MLFQ,8261,4320,46,21404,355373,351007,351053,17084
MLFQ,9573,4320,67,21408,442003,437616,437683,17088
MLFQ,8880,4321,17,21412,165844,161506,161523,17091
MLFQ,5925,4321,70,21416,454455,450064,450134,17095
MLFQ,5327,4321,15,21420,132268,127932,127947,17099
MLFQ,4477,4322,93,21428,495455,491040,491133,17106
MLFQ,8436,4323,93,21432,495456,491040,491133,17109
MLFQ,860,4324,98,21436,496799,492377,492475,17112
MLFQ,7282,4326,7,21444,60046,55713,55720,17118
MLFQ,7759,4326,64,21448,427889,423499,423563,17122
MLFQ,5603,4327,42,21452,333081,328712,328754,17125
MLFQ,2281,4330,67,21460,442026,437629,437696,17130
MLFQ,547,4330,69,21464,454472,450073,450142,17134
MLFQ,9684,4330,40,21468,309083,304713,304753,17138
MLFQ,8254,4331,78,21472,474544,470135,470213,17141
MLFQ,4275,4331,30,21476,256531,252170,252200,17145
MLFQ,8949,4332,87,21480,488351,483932,484019,17148
MLFQ,6503,4332,33,21484,283609,279244,279277,17152
MLFQ,4077,4334,62,21492,427907,423511,423573,17158
MLFQ,7761,4335,58,21496,412193,407800,407858,17161
MLFQ,5453,4340,66,21501,442040,437634,437700,17161
MLFQ,2948,4340,19,21505,165923,161564,161583,17165
MLFQ,1325,4346,97,21517,496800,492357,492454,17171
MLFQ,8688,4348,50,21521,376070,371672,371722,17173
MLFQ,9925,4349,35,21525,283636,279252,279287,17176
MLFQ,2096,4349,48,21529,355445,351048,351096,17180
MLFQ,9742,4350,15,21537,132375,128010,128025,17187
MLFQ,7129,4350,69,21541,454489,450070,450139,17191
MLFQ,6663,4354,36,21549,283654,279264,279300,17195
MLFQ,6705,4354,41,21553,333134,328739,328780,17199
MLFQ,9411,4354,39,21557,309134,304741,304780,17203
MLFQ,9541,4355,9,21561,97171,92807,92816,17206
MLFQ,1712,4356,5,21565,60161,55800,55805,17209
MLFQ,3590,4357,94,21569,495466,491015,491109,17212
MLFQ,7923,4357,29,21573,256603,252217,252246,17216
MLFQ,1957,4358,60,21581,412221,407803,407863,17223
MLFQ,521,4360,7,21585,60180,55813,55820,17225
MLFQ,1336,4361,84,21589,482280,477835,477919,17228
MLFQ,5129,4362,77,21597,474569,470130,470207,17235
MLFQ,7291,4362,94,21601,495468,491012,491106,17239
MLFQ,704,4363,19,21605,166003,161621,161640,17242
MLFQ,2590,4364,64,21609,427951,423523,423587,17245
MLFQ,8631,4365,32,21613,256635,252238,252270,17248
MLFQ,8561,4366,58,21621,412243,407819,407877,17255
MLFQ,6836,4366,83,21625,482291,477842,477925,17259
MLFQ,5829,4368,91,21629,492722,488263,488354,17261
MLFQ,9271,4368,90,21633,492724,488266,488356,17265
MLFQ,6011,4368,1,21637,21638,17269,17270,17269
MLFQ,3466,4369,82,21638,482301,477850,477932,17269
MLFQ,3804,4370,35,21646,283717,279312,279347,17276
MLFQ,9220,4370,68,21650,442094,437656,437724,17280
MLFQ,6499,4372,69,21654,454526,450085,450154,17282
MLFQ,9810,4374,60,21662,412275,407841,407901,17288
MLFQ,7139,4376,29,21666,256679,252274,252303,17290
MLFQ,2776,4378,41,21674,333203,328784,328825,17296
MLFQ,6525,4378,32,21678,256687,252277,252309,17300
MLFQ,7270,4378,51,21682,376149,371720,371771,17304
MLFQ,6318,4379,60,21686,412279,407840,407900,17307
MLFQ,1058,4380,41,21690,333212,328791,328832,17310
MLFQ,468,4380,40,21694,309222,304802,304842,17314
MLFQ,7585,4381,46,21698,355531,351104,351150,17317
MLFQ,8813,4382,60,21706,412283,407841,407901,17324
MLFQ,4174,4383,36,21710,283765,279346,279382,17327
MLFQ,3906,4384,8,21714,60308,55916,55924,17330
MLFQ,5194,4386,23,21722,197957,193548,193571,17336
MLFQ,1349,4388,26,21726,228134,223720,223746,17338
MLFQ,198,4389,13,21730,132548,128146,128159,17341
MLFQ,8689,4390,60,21738,412291,407841,407901,17348
MLFQ,3945,4390,26,21742,228144,223728,223754,17352
MLFQ,8396,4392,76,21746,465379,460911,460987,17354
MLFQ,9768,4394,16,21754,132572,128162,128178,17360
MLFQ,8694,4394,15,21758,132575,128166,128181,17364
MLFQ,3747,4396,45,21762,355550,351109,351154,17366
MLFQ,5208,4399,16,21770,132587,128172,128188,17371
MLFQ,1862,4399,60,21774,412303,407844,407904,17375
MLFQ,6346,4402,25,21782,228165,223738,223763,17380
MLFQ,6977,4402,26,21786,228167,223739,223765,17384
MLFQ,3317,4402,51,21790,376180,371727,371778,17388
MLFQ,9832,4403,8,21794,60388,55977,55985,17391
MLFQ,4357,4405,81,21798,482310,477824,477905,17393
MLFQ,2042,4406,47,21806,355573,351120,351167,17400
MLFQ,3648,4408,68,21810,442122,437646,437714,17402
MLFQ,9937,4408,8,21814,60408,55992,56000,17406
MLFQ,8109,4409,34,21818,283815,279372,279406,17409
MLFQ,9588,4412,97,21826,496801,492292,492389,17414
MLFQ,163,4413,63,21830,428006,423530,423593,17417
MLFQ,9894,4414,46,21838,355591,351131,351177,17424
MLFQ,7462,4415,3,21842,21845,17427,17430,17427
MLFQ,8084,4416,58,21845,412325,407851,407909,17429
MLFQ,7920,4418,99,21853,496804,492287,492386,17435
MLFQ,9955,4419,57,21857,412330,407854,407911,17438
MLFQ,7634,4419,92,21861,492743,488232,488324,17442
MLFQ,6639,4421,89,21865,492744,488234,488323,17444
MLFQ,1072,4422,37,21870,309317,304858,304895,17448
MLFQ,3455,4422,24,21874,198073,193627,193651,17452
MLFQ,7144,4423,69,21878,454563,450071,450140,17455
MLFQ,3245,4424,97,21882,496805,492284,492381,17458
MLFQ,1130,4425,56,21886,395094,390613,390669,17461
MLFQ,3320,4426,13,21894,132689,128250,128263,17468
MLFQ,3796,4426,52,21898,376244,371766,371818,17472
MLFQ,8,4426,55,21902,395101,390620,390675,17476
MLFQ,4996,4427,18,21906,166254,161809,161827,17479
MLFQ,6432,4428,48,21910,355639,351163,351211,17482
MLFQ,9115,4428,60,21914,412354,407866,407926,17486
MLFQ,1284,4430,51,21922,376259,371778,371829,17492
MLFQ,1871,4431,48,21926,355655,351176,351224,17495
MLFQ,8969,4431,30,21930,256857,252396,252426,17499
MLFQ,2363,4431,90,21934,492750,488229,488319,17503
MLFQ,790,4432,26,21938,228289,223831,223857,17506
MLFQ,6803,4433,84,21942,482345,477828,477912,17509
MLFQ,264,4433,42,21946,333358,328883,328925,17513
MLFQ,3975,4434,23,21952,198140,193683,193706,17518
MLFQ,1341,4435,98,21956,496807,492274,492372,17521
MLFQ,5718,4435,63,21960,428049,423551,423614,17525
MLFQ,2046,4437,10,21964,97541,93094,93104,17527
MLFQ,7955,4439,13,21972,132758,128306,128319,17533
MLFQ,7408,4439,24,21976,198156,193693,193717,17537
MLFQ,4579,4440,44,21980,333370,328886,328930,17540
MLFQ,1802,4440,70,21984,454586,450076,450146,17544
MLFQ,5162,4443,45,21992,355680,351192,351237,17549
MLFQ,2010,4443,33,21996,283944,279468,279501,17553
MLFQ,3440,4444,85,22000,488408,483879,483964,17556
MLFQ,1892,4445,90,22004,492756,488221,488311,17559
MLFQ,1005,4451,20,22016,166354,161883,161903,17565
MLFQ,6310,4452,70,22020,454604,450082,450152,17568
MLFQ,437,4452,44,22024,333406,328910,328954,17572
MLFQ,6852,4453,15,22028,132813,128345,128360,17575
MLFQ,3697,4456,27,22036,228360,223877,223904,17580
MLFQ,2942,4458,84,22044,482365,477823,477907,17586
MLFQ,3829,4458,54,22048,395155,390643,390697,17590
MLFQ,7788,4458,26,22052,228374,223890,223916,17594
MLFQ,8735,4460,89,22056,492757,488208,488297,17596
MLFQ,4126,4460,59,22060,412409,407890,407949,17600
MLFQ,391,4465,35,22068,283991,279491,279526,17603
MLFQ,7521,4466,75,22076,465450,460909,460984,17610
MLFQ,6880,4468,96,22080,495491,490927,491023,17612
MLFQ,631,4468,4,22084,22088,17616,17620,17616
MLFQ,1784,4470,63,22092,428096,423563,423626,17622
MLFQ,5552,4471,63,22096,428099,423565,423628,17625
MLFQ,4831,4471,62,22100,428101,423568,423630,17629
MLFQ,1556,4473,60,22104,412437,407904,407964,17631
MLFQ,7272,4474,72,22112,454628,450082,450154,17638
MLFQ,5521,4476,92,22116,492766,488198,488290,17640
MLFQ,8408,4477,82,22120,482383,477824,477906,17643
MLFQ,8747,4477,28,22124,228430,223925,223953,17647
MLFQ,4150,4478,69,22132,454637,450090,450159,17654
MLFQ,4392,4478,15,22136,132908,128415,128430,17658
MLFQ,5588,4479,23,22140,198295,193793,193816,17661
MLFQ,8182,4480,91,22144,492769,488198,488289,17664
MLFQ,2137,4481,82,22148,482389,477826,477908,17667
MLFQ,4380,4482,58,22156,412467,407927,407985,17674
MLFQ,5692,4482,74,22160,465476,460920,460994,17678
MLFQ,9088,4482,26,22164,228460,223952,223978,17682
MLFQ,9083,4483,78,22168,474691,470130,470208,17685
MLFQ,4662,4485,85,22172,488433,483863,483948,17687
MLFQ,4469,4485,37,22176,309514,304992,305029,17691
MLFQ,5717,4487,94,22184,495493,490912,491006,17697
MLFQ,120,4488,4,22188,22192,17700,17704,17700
MLFQ,8860,4490,15,22196,132963,128458,128473,17706
MLFQ,7842,4491,6,22200,60774,56277,56283,17709
MLFQ,8413,4491,41,22204,333511,328979,329020,17713
MLFQ,530,4491,93,22208,495494,490910,491003,17717
MLFQ,7530,4491,4,22212,22216,17721,17725,17721
MLFQ,1146,4491,55,22216,395254,390708,390763,17725
MLFQ,2812,4492,39,22220,309541,305010,305049,17728
MLFQ,7107,4492,88,22224,488445,483865,483953,17732
MLFQ,514,4492,27,22228,228507,223988,224015,17736
MLFQ,3279,4493,77,22232,474708,470138,470215,17739
MLFQ,5831,4493,63,22236,428168,423612,423675,17743
MLFQ,2707,4493,58,22240,412509,407958,408016,17747
MLFQ,270,4493,75,22244,465505,460937,461012,17751
MLFQ,3035,4494,86,22252,488447,483867,483953,17758
MLFQ,1355,4494,50,22256,376438,371894,371944,17762
MLFQ,358,4495,51,22260,376441,371895,371946,17765
MLFQ,277,4496,45,22264,355847,351306,351351,17768
MLFQ,1298,4497,58,22268,412519,407964,408022,17771
MLFQ,6225,4497,13,22272,133028,128518,128531,17775
MLFQ,7618,4498,88,22280,488451,483865,483953,17782
MLFQ,249,4499,24,22284,198415,193892,193916,17785
MLFQ,4101,4500,35,22288,284150,279615,279650,17788
MLFQ,4627,4500,49,22292,376450,371901,371950,17792
MLFQ,6115,4500,36,22296,284158,279622,279658,17796
MLFQ,9199,4503,50,22304,376452,371899,371949,17801
MLFQ,3921,4507,55,22312,395290,390728,390783,17805
MLFQ,6877,4507,52,22316,376460,371901,371953,17809
MLFQ,8740,4507,10,22320,97875,93358,93368,17813
MLFQ,8042,4508,98,22324,496809,492203,492301,17816
MLFQ,9829,4511,3,22332,22335,17821,17824,17821
MLFQ,8587,4512,78,22335,474722,470132,470210,17823
MLFQ,4440,4512,70,22339,454701,450119,450189,17827
MLFQ,9208,4512,65,22343,442295,437718,437783,17831
MLFQ,8927,4512,69,22347,454702,450121,450190,17835
MLFQ,8914,4515,2,22355,22357,17840,17842,17840
MLFQ,5206,4516,87,22357,488458,483855,483942,17841
MLFQ,6290,4516,31,22361,257175,252628,252659,17845
MLFQ,6118,4517,96,22365,495502,490889,490985,17848
MLFQ,2125,4517,73,22369,465530,460940,461013,17852
MLFQ,8280,4521,67,22377,442318,437730,437797,17856
MLFQ,5953,4522,98,22385,496811,492191,492289,17863
MLFQ,9402,4522,25,22389,228644,224097,224122,17867
MLFQ,3200,4523,47,22393,355930,351360,351407,17870
MLFQ,4641,4524,96,22397,495510,490890,490986,17873
MLFQ,4696,4524,37,22401,309674,305113,305150,17877
MLFQ,5286,4524,81,22405,482434,477829,477910,17881
MLFQ,1082,4524,46,22409,355940,351370,351416,17885
MLFQ,6369,4524,55,22413,395357,390778,390833,17889
MLFQ,8909,4529,88,22421,488474,483857,483945,17892
MLFQ,4197,4529,18,22425,166705,162158,162176,17896
MLFQ,8920,4529,65,22429,442339,437745,437810,17900
MLFQ,717,4530,57,22437,412597,408010,408067,17907
MLFQ,5446,4530,14,22441,133182,128638,128652,17911
MLFQ,6223,4530,61,22445,428249,423658,423719,17915
MLFQ,2217,4531,66,22449,442345,437748,437814,17918
MLFQ,7430,4532,25,22453,228693,224136,224161,17921
MLFQ,6971,4534,24,22461,198571,194013,194037,17927
MLFQ,5398,4534,40,22465,309718,305144,305184,17931
MLFQ,5002,4535,88,22469,488480,483857,483945,17934
MLFQ,9233,4535,36,22473,284295,279724,279760,17938
MLFQ,8878,4537,5,22477,61036,56494,56499,17940
MLFQ,8706,4537,69,22481,454751,450145,450214,17944
MLFQ,4591,4538,6,22489,61046,56502,56508,17951
MLFQ,7905,4538,15,22493,133221,128668,128683,17955
MLFQ,3557,4538,72,22497,454755,450145,450217,17959
MLFQ,5417,4539,95,22501,495513,490879,490974,17962
MLFQ,8277,4541,82,22505,482452,477829,477911,17964
MLFQ,7188,4541,34,22509,284313,279738,279772,17968
MLFQ,9967,4541,84,22513,482456,477831,477915,17972
MLFQ,7946,4542,77,22521,474776,470157,470234,17979
MLFQ,8069,4543,50,22525,376590,371997,372047,17982
MLFQ,1469,4543,70,22529,454777,450164,450234,17986
MLFQ,696,4544,20,22533,166793,162229,162249,17989
MLFQ,3902,4545,81,22537,482461,477835,477916,17992
MLFQ,1122,4547,79,22545,474783,470157,470236,17998
MLFQ,241,4548,55,22549,395432,390829,390884,18001
MLFQ,9984,4549,64,22553,428305,423692,423756,18004
MLFQ,7201,4550,71,22561,454788,450167,450238,18011
MLFQ,6854,4551,78,22565,474785,470156,470234,18014
MLFQ,4740,4552,40,22569,309786,305194,305234,18017
MLFQ,3318,4552,44,22573,333758,329162,329206,18021
MLFQ,6164,4555,53,22581,395449,390841,390894,18026
MLFQ,1714,4555,64,22585,428321,423702,423766,18030
MLFQ,279,4555,80,22589,474793,470158,470238,18034
MLFQ,19,4555,26,22593,228803,224222,224248,18038
MLFQ,3493,4557,74,22597,465605,460974,461048,18040
MLFQ,2285,4558,77,22605,474794,470159,470236,18047
MLFQ,3655,4559,3,22609,22612,18050,18053,18050
MLFQ,8630,4559,49,22612,376643,372035,372084,18053
MLFQ,9137,4562,45,22620,356065,351458,351503,18058
MLFQ,4966,4563,38,22624,309827,305226,305264,18061
MLFQ,5791,4565,64,22628,428337,423708,423772,18063
MLFQ,6775,4566,54,22636,395475,390855,390909,18070
MLFQ,8144,4566,69,22640,454813,450178,450247,18074
MLFQ,4871,4566,49,22644,376660,372045,372094,18078
MLFQ,1145,4566,21,22648,198728,194141,194162,18082
MLFQ,6394,4567,95,22652,495519,490857,490952,18085
MLFQ,4511,4567,14,22656,133375,128794,128808,18089
MLFQ,5770,4567,58,22660,412703,408078,408136,18093
MLFQ,8953,4568,66,22664,442431,437797,437863,18096
MLFQ,7076,4569,61,22668,428354,423724,423785,18099
MLFQ,1490,4569,94,22672,495521,490858,490952,18103
MLFQ,3503,4570,45,22680,356106,351491,351536,18110
MLFQ,5041,4571,78,22684,474808,470159,470237,18113
MLFQ,6412,4573,64,22688,428366,423729,423793,18115
MLFQ,6097,4575,33,22696,284466,279858,279891,18121
MLFQ,5500,4576,97,22700,496812,492139,492236,18124
MLFQ,2028,4576,72,22704,454837,450189,450261,18128
MLFQ,9421,4576,31,22708,257451,252844,252875,18132
MLFQ,2745,4577,78,22712,474818,470163,470241,18135
MLFQ,9651,4578,73,22720,465642,460991,461064,18142
MLFQ,2640,4578,77,22724,474822,470167,470244,18146
MLFQ,3313,4579,61,22728,428395,423755,423816,18149
MLFQ,7597,4581,21,22732,198805,194203,194224,18151
MLFQ,6038,4582,74,22740,465648,460992,461066,18158
MLFQ,2257,4583,21,22744,198814,194210,194231,18161
MLFQ,9323,4584,65,22748,442472,437823,437888,18164
MLFQ,7915,4584,98,22752,496814,492132,492230,18168
MLFQ,1763,4585,72,22756,454865,450208,450280,18171
MLFQ,4810,4586,36,22764,284522,279900,279936,18178
MLFQ,9825,4587,56,22768,395563,390920,390976,18181
MLFQ,5572,4588,45,22772,356171,351538,351583,18184
MLFQ,4260,4589,14,22776,133493,128890,128904,18187
MLFQ,4639,4591,19,22784,167028,162418,162437,18193
MLFQ,3547,4591,77,22788,474827,470159,470236,18197
MLFQ,2157,4592,97,22792,496815,492126,492223,18200
MLFQ,5940,4593,28,22796,228975,224354,224382,18203
MLFQ,8884,4593,84,22800,482497,477820,477904,18207
MLFQ,4132,4594,21,22808,198867,194252,194273,18214
MLFQ,3654,4595,99,22812,496818,492124,492223,18217
MLFQ,2682,4596,28,22816,228991,224367,224395,18220
MLFQ,6869,4597,19,22820,167063,162447,162466,18223
MLFQ,7837,4598,6,22828,61380,56776,56782,18230
MLFQ,6630,4598,97,22832,496819,492124,492221,18234
MLFQ,1703,4599,59,22836,412806,408148,408207,18237
MLFQ,7263,4601,74,22840,465678,461003,461077,18239
MLFQ,5489,4603,22,22848,198897,194272,194294,18245
MLFQ,5054,4603,85,22852,488524,483836,483921,18249
MLFQ,7526,4607,15,22860,133572,128950,128965,18253
MLFQ,7902,4607,38,22864,309999,305354,305392,18257
MLFQ,9076,4608,21,22868,198910,194281,194302,18260
MLFQ,447,4611,7,22876,61427,56809,56816,18265
MLFQ,6138,4611,84,22880,482520,477825,477909,18269
MLFQ,8857,4611,59,22884,412825,408155,408214,18273
MLFQ,974,4612,29,22888,257572,252931,252960,18276
MLFQ,1792,4612,91,22892,492832,488129,488220,18280
MLFQ,7846,4613,16,22896,133600,128971,128987,18283
MLFQ,7063,4615,14,22904,133606,128977,128991,18289
MLFQ,2828,4615,42,22908,333972,329315,329357,18293
MLFQ,1917,4616,3,22912,22915,18296,18299,18296
MLFQ,5547,4616,82,22915,482526,477828,477910,18299
MLFQ,8617,4616,47,22919,356243,351580,351627,18303
MLFQ,7161,4619,29,22927,257597,252949,252978,18308
MLFQ,6239,4620,44,22931,333988,329324,329368,18311
MLFQ,4394,4620,83,22935,482529,477826,477909,18315
MLFQ,801,4621,74,22939,465709,461014,461088,18318
MLFQ,4669,4621,55,22943,395642,390966,391021,18322
MLFQ,5495,4623,13,22951,133647,129011,129024,18328
MLFQ,2501,4624,14,22955,133649,129011,129025,18331
MLFQ,4636,4624,43,22959,334003,329336,329379,18335
MLFQ,6002,4626,66,22967,442551,437859,437925,18341
MLFQ,4206,4627,3,22971,22974,18344,18347,18344
MLFQ,2658,4628,13,22974,133658,129017,129030,18346
MLFQ,5809,4631,44,22982,334013,329338,329382,18351
MLFQ,6914,4631,22,22986,198988,194335,194357,18355
MLFQ,826,4632,44,22990,334017,329341,329385,18358
MLFQ,6046,4633,73,22994,465710,461004,461077,18361
MLFQ,5155,4633,4,22998,23002,18365,18369,18365
MLFQ,9471,4635,87,23006,488531,483809,483896,18371
MLFQ,7477,4636,3,23010,23013,18374,18377,18374
MLFQ,140,4636,87,23013,488534,483811,483898,18377
MLFQ,3982,4637,11,23017,98520,93872,93883,18380
MLFQ,731,4637,93,23021,495542,490812,490905,18384
MLFQ,9372,4637,99,23025,496822,492086,492185,18388
MLFQ,8488,4640,21,23033,199021,194360,194381,18393
MLFQ,298,4642,41,23041,334046,329363,329404,18399
MLFQ,8692,4644,16,23045,133718,129058,129074,18401
MLFQ,1658,4644,3,23049,23052,18405,18408,18405
MLFQ,5715,4645,99,23052,496825,492081,492180,18407
MLFQ,2666,4646,61,23060,428516,423809,423870,18414
MLFQ,4621,4647,92,23064,492848,488109,488201,18417
MLFQ,7919,4647,3,23068,23071,18421,18424,18421
MLFQ,2806,4648,31,23071,257686,253007,253038,18423
MLFQ,9344,4648,56,23075,395686,390982,391038,18427
MLFQ,1698,4648,27,23079,229162,224487,224514,18431
MLFQ,2794,4650,74,23087,465744,461020,461094,18437
MLFQ,5026,4651,70,23091,454972,450251,450321,18440
MLFQ,7124,4651,95,23095,495553,490807,490902,18444
MLFQ,2937,4652,79,23099,474914,470183,470262,18447
MLFQ,7067,4652,31,23103,257713,253030,253061,18451
MLFQ,5996,4654,16,23111,133778,129108,129124,18457
MLFQ,4930,4654,84,23115,482566,477828,477912,18461
MLFQ,2556,4654,27,23119,229197,224516,224543,18465
MLFQ,7509,4655,77,23123,474919,470187,470264,18468
MLFQ,7692,4656,40,23127,310147,305451,305491,18471
MLFQ,9692,4656,41,23131,334091,329394,329435,18475
MLFQ,5688,4657,58,23135,412919,408204,408262,18478
MLFQ,33,4658,64,23143,428552,423830,423894,18485
MLFQ,5392,4658,45,23147,356348,351645,351690,18489
MLFQ,2858,4658,81,23151,482567,477828,477909,18493
MLFQ,9134,4659,62,23155,428558,423837,423899,18496
MLFQ,5631,4661,71,23159,454995,450263,450334,18498
MLFQ,1028,4662,39,23167,310186,305485,305524,18505
MLFQ,7758,4662,58,23171,412943,408223,408281,18509
MLFQ,8252,4663,83,23175,482570,477824,477907,18512
MLFQ,8375,4663,86,23179,488556,483807,483893,18516
MLFQ,2514,4666,32,23187,257783,253085,253117,18521
MLFQ,4585,4668,76,23191,465778,461034,461110,18523
MLFQ,2876,4669,72,23195,455015,450274,450346,18526
MLFQ,4672,4670,42,23203,334145,329433,329475,18533
MLFQ,943,4670,22,23207,199174,194482,194504,18537
MLFQ,8645,4670,89,23211,492853,488094,488183,18541
MLFQ,4824,4670,27,23215,229280,224583,224610,18545
MLFQ,9881,4673,9,23219,98713,94031,94040,18546
MLFQ,4981,4673,12,23223,98717,94032,94044,18550
MLFQ,716,4673,92,23227,492857,488092,488184,18554
MLFQ,7071,4674,29,23235,257808,253105,253134,18561
MLFQ,1396,4675,99,23239,496828,492054,492153,18564
MLFQ,4895,4675,64,23243,428602,423863,423927,18568
MLFQ,7079,4675,4,23247,23251,18572,18576,18572
MLFQ,5266,4675,57,23251,412980,408248,408305,18576
MLFQ,5227,4677,34,23255,284826,280115,280149,18578
MLFQ,9996,4677,27,23259,229311,224607,224634,18582
MLFQ,8264,4677,83,23263,482593,477833,477916,18586
MLFQ,4038,4678,48,23271,356416,351690,351738,18593
MLFQ,4973,4683,50,23279,376981,372248,372298,18596
MLFQ,5379,4683,28,23283,229335,224624,224652,18600
MLFQ,9131,4684,20,23287,167447,162743,162763,18603
MLFQ,4822,4686,44,23295,334195,329465,329509,18609
MLFQ,6594,4689,36,23299,284858,280133,280169,18610
MLFQ,7952,4690,14,23307,133960,129256,129270,18617
MLFQ,3653,4690,82,23311,482599,477827,477909,18621
MLFQ,9954,4692,14,23315,133966,129260,129274,18623
MLFQ,9100,4695,23,23323,199265,194547,194570,18628
MLFQ,2796,4697,59,23327,413000,408244,408303,18630
MLFQ,6883,4698,14,23335,133984,129272,129286,18637
MLFQ,3043,4699,64,23339,428619,423856,423920,18640
MLFQ,7386,4700,19,23343,167490,162771,162790,18643
MLFQ,8516,4701,78,23347,474961,470182,470260,18646
MLFQ,1678,4703,28,23355,229383,224652,224680,18652
MLFQ,5867,4703,86,23359,488578,483789,483875,18656
MLFQ,5958,4704,64,23363,428635,423867,423931,18659
MLFQ,6876,4709,96,23371,495562,490757,490853,18662
MLFQ,7225,4710,36,23379,284910,280164,280200,18669
MLFQ,9009,4711,51,23383,377032,372270,372321,18672
MLFQ,6306,4711,38,23387,310316,305567,305605,18676
MLFQ,7831,4712,89,23391,492872,488071,488160,18679
MLFQ,5544,4712,19,23395,167537,162806,162825,18683
MLFQ,4894,4713,61,23399,428648,423874,423935,18686
MLFQ,2437,4713,19,23403,167544,162812,162831,18690
MLFQ,4853,4713,82,23407,482617,477822,477904,18694
MLFQ,9379,4717,88,23415,488590,483785,483873,18698
MLFQ,711,4719,29,23423,257933,253185,253214,18704
MLFQ,2166,4719,84,23427,482625,477822,477906,18708
MLFQ,9416,4722,41,23435,334272,329509,329550,18713
MLFQ,8618,4725,30,23439,257947,253192,253222,18714
MLFQ,8870,4725,86,23443,488592,483781,483867,18718
MLFQ,7732,4725,27,23447,229454,224702,224729,18722
MLFQ,6124,4726,14,23455,134094,129354,129368,18729
MLFQ,3136,4727,47,23459,356512,351738,351785,18732
MLFQ,7040,4727,45,23463,356513,351741,351786,18736
MLFQ,3195,4728,52,23467,377068,372288,372340,18739
MLFQ,9165,4729,53,23471,395872,391090,391143,18742
MLFQ,542,4729,11,23475,98959,94219,94230,18746
MLFQ,3912,4729,2,23479,23481,18750,18752,18750
MLFQ,6151,4732,14,23485,134116,129370,129384,18753
MLFQ,1686,4732,89,23489,492873,488052,488141,18757
MLFQ,6787,4732,30,23493,257981,253219,253249,18761
MLFQ,3908,4733,18,23497,167618,162867,162885,18764
MLFQ,5943,4734,3,23501,23504,18767,18770,18767
MLFQ,4228,4735,13,23508,134133,129385,129398,18773
MLFQ,278,4735,91,23512,492876,488050,488141,18777
MLFQ,6558,4736,15,23516,134140,129389,129404,18780
MLFQ,228,4736,80,23520,475009,470193,470273,18784
MLFQ,181,4737,56,23524,395893,391100,391156,18787
MLFQ,2102,4737,47,23528,356548,351764,351811,18791
MLFQ,2671,4741,27,23536,229513,224745,224772,18795
MLFQ,3823,4744,47,23544,356555,351764,351811,18800
MLFQ,586,4748,53,23552,395902,391101,391154,18804
MLFQ,7542,4749,31,23556,258024,253244,253275,18807
MLFQ,4195,4749,50,23560,377110,372311,372361,18811
MLFQ,6649,4752,23,23568,199451,194676,194699,18816
MLFQ,395,4752,90,23572,492878,488036,488126,18820
MLFQ,6360,4753,30,23576,258034,253251,253281,18823
MLFQ,7182,4753,51,23580,377117,372313,372364,18827
MLFQ,3737,4757,84,23588,482653,477812,477896,18831
MLFQ,2693,4757,57,23592,413092,408278,408335,18835
MLFQ,1059,4757,13,23596,134213,129443,129456,18839
MLFQ,3905,4757,62,23600,428702,423883,423945,18843
MLFQ,5428,4758,46,23604,356593,351789,351835,18846
MLFQ,6301,4758,47,23608,356596,351791,351838,18850
MLFQ,8588,4759,98,23616,496830,491973,492071,18857
MLFQ,1859,4760,85,23620,488615,483770,483855,18860
MLFQ,9804,4760,97,23624,496831,491974,492071,18864
MLFQ,6902,4760,33,23628,285070,280277,280310,18868
MLFQ,9738,4761,90,23632,492888,488037,488127,18871
MLFQ,3025,4761,59,23636,413115,408295,408354,18875
MLFQ,4485,4763,23,23644,199518,194732,194755,18881
MLFQ,7565,4763,18,23648,167744,162963,162981,18885
MLFQ,6262,4763,71,23652,455138,450304,450375,18889
MLFQ,4548,4765,51,23656,377161,372345,372396,18891
MLFQ,9758,4765,82,23660,482671,477824,477906,18895
MLFQ,6998,4766,22,23664,199532,194744,194766,18898
MLFQ,4994,4769,17,23672,167765,162979,162996,18903
MLFQ,3619,4769,85,23676,488624,483770,483855,18907
MLFQ,6879,4773,3,23684,23687,18911,18914,18911
MLFQ,4329,4774,1,23687,23688,18913,18914,18913
MLFQ,9290,4775,83,23692,482678,477820,477903,18917
MLFQ,3521,4776,59,23696,413138,408303,408362,18920
MLFQ,373,4777,54,23700,395971,391140,391194,18923
MLFQ,6750,4777,54,23704,395973,391142,391196,18927
MLFQ,773,4777,6,23708,62218,57435,57441,18931
MLFQ,3071,4778,32,23712,258138,253328,253360,18934
MLFQ,5167,4780,23,23720,199575,194772,194795,18940
MLFQ,692,4780,22,23724,199577,194775,194797,18944
MLFQ,3997,4780,44,23728,334447,329623,329667,18948
MLFQ,1649,4780,43,23732,334450,329627,329670,18952
MLFQ,354,4780,92,23736,492892,488020,488112,18956
MLFQ,4794,4780,39,23740,310531,305712,305751,18960
MLFQ,3362,4781,6,23744,62252,57465,57471,18963
MLFQ,9431,4782,59,23748,413145,408304,408363,18966
MLFQ,7587,4782,26,23752,229675,224867,224893,18970
MLFQ,8611,4784,86,23760,488630,483760,483846,18976
MLFQ,7929,4784,82,23764,482688,477822,477904,18980
MLFQ,6405,4784,2,23768,23770,18984,18986,18984
MLFQ,671,4784,31,23770,258176,253361,253392,18986
MLFQ,9283,4784,6,23774,62278,57488,57494,18990
MLFQ,1202,4788,8,23782,62285,57489,57497,18994
MLFQ,1652,4790,70,23786,455168,450308,450378,18996
MLFQ,2725,4790,98,23790,496833,491945,492043,19000
MLFQ,7339,4792,9,23798,99244,94443,94452,19006
MLFQ,8728,4793,54,23802,396007,391160,391214,19009
MLFQ,8244,4795,36,23810,285174,280343,280379,19015
MLFQ,2158,4795,42,23814,334488,329651,329693,19019
MLFQ,1448,4795,85,23818,488635,483755,483840,19023
MLFQ,3620,4796,55,23822,396014,391163,391218,19026
MLFQ,2788,4796,28,23826,229727,224903,224931,19030
MLFQ,5693,4797,39,23830,310578,305742,305781,19033
MLFQ,8060,4798,7,23834,62336,57531,57538,19036
MLFQ,2159,4798,84,23838,482700,477818,477902,19040
MLFQ,1494,4799,65,23846,442812,437948,438013,19047
MLFQ,8782,4803,30,23854,258230,253397,253427,19051
MLFQ,4146,4804,72,23858,455184,450308,450380,19054
MLFQ,655,4804,95,23862,495577,490678,490773,19058
MLFQ,1361,4805,10,23866,99306,94491,94501,19061
MLFQ,1842,4806,1,23870,23871,19064,19065,19064
MLFQ,1278,4806,96,23871,495581,490679,490775,19065
MLFQ,7653,4808,99,23879,496836,491929,492028,19071
MLFQ,686,4809,23,23883,199702,194870,194893,19074
MLFQ,8447,4810,3,23887,23890,19077,19080,19077
MLFQ,1497,4811,11,23894,99329,94507,94518,19083
MLFQ,8176,4811,8,23898,62396,57577,57585,19087
MLFQ,5682,4813,47,23902,356740,351880,351927,19089
MLFQ,8650,4814,35,23906,285233,280384,280419,19092
MLFQ,1922,4815,10,23910,99339,94514,94524,19095
MLFQ,4836,4815,38,23914,310620,305767,305805,19099
MLFQ,5138,4815,41,23918,334537,329681,329722,19103
MLFQ,9324,4817,43,23926,334540,329680,329723,19109
MLFQ,5493,4818,94,23930,495587,490675,490769,19112
MLFQ,928,4820,74,23938,465951,461057,461131,19118
MLFQ,4390,4820,96,23942,495591,490675,490771,19122
MLFQ,3676,4821,38,23946,310646,305787,305825,19125
MLFQ,5959,4823,50,23950,377283,372410,372460,19127
MLFQ,6059,4825,69,23958,455209,450315,450384,19133
MLFQ,4695,4827,4,23962,23966,19135,19139,19135
MLFQ,8741,4830,95,23970,495594,490669,490764,19140
MLFQ,1158,4831,8,23974,62466,57627,57635,19143
MLFQ,9581,4833,79,23982,475103,470191,470270,19149
MLFQ,8073,4833,77,23986,475104,470194,470271,19153
MLFQ,639,4835,4,23990,23994,19155,19159,19155
MLFQ,2141,4837,87,23998,488662,483738,483825,19161
MLFQ,5120,4837,28,24002,229847,224982,225010,19165
MLFQ,8671,4838,7,24006,62493,57648,57655,19168
MLFQ,2168,4839,31,24010,258323,253453,253484,19171
MLFQ,7568,4841,4,24018,24022,19177,19181,19177
MLFQ,1143,4841,33,24022,285298,280424,280457,19181
MLFQ,3867,4841,17,24026,168030,163172,163189,19185
MLFQ,6730,4845,84,24034,482732,477803,477887,19189
MLFQ,8057,4846,15,24038,134571,129710,129725,19192
MLFQ,5878,4846,44,24042,334592,329702,329746,19196
MLFQ,550,4846,21,24046,199800,194933,194954,19200
MLFQ,587,4849,84,24054,482736,477803,477887,19205
MLFQ,9914,4853,88,24062,488670,483729,483817,19209
MLFQ,1217,4853,5,24066,62546,57688,57693,19213
MLFQ,732,4854,33,24070,285323,280436,280469,19216
MLFQ,3691,4855,62,24074,428854,423937,423999,19219
MLFQ,2979,4857,62,24082,428856,423937,423999,19225
MLFQ,9887,4857,47,24086,356811,351907,351954,19229
MLFQ,709,4858,26,24090,229905,225021,225047,19232
MLFQ,80,4859,56,24094,396114,391199,391255,19235
MLFQ,7681,4859,14,24098,134625,129752,129766,19239
MLFQ,7434,4864,53,24110,396123,391206,391259,19246
MLFQ,8139,4864,51,24114,377354,372439,372490,19250
MLFQ,9014,4865,82,24118,482749,477802,477884,19253
MLFQ,9816,4867,5,24122,62599,57727,57732,19255
MLFQ,7328,4868,4,24130,24134,19262,19266,19262
MLFQ,7141,4868,51,24134,377361,372442,372493,19266
MLFQ,7191,4869,6,24138,62609,57734,57740,19269
MLFQ,2540,4869,78,24142,475136,470189,470267,19273
MLFQ,382,4869,53,24146,396132,391210,391263,19277
MLFQ,1277,4873,44,24154,334666,329749,329793,19281
MLFQ,1099,4873,3,24158,24161,19285,19288,19285
MLFQ,4952,4873,87,24161,488673,483713,483800,19288
MLFQ,2269,4875,81,24165,482754,477798,477879,19290
MLFQ,2774,4875,23,24169,199895,194997,195020,19294
MLFQ,4203,4875,10,24173,99553,94668,94678,19298
MLFQ,5110,4875,64,24177,428888,423949,424013,19302
MLFQ,4414,4876,58,24185,413300,408366,408424,19309
MLFQ,1393,4876,62,24189,428890,423952,424014,19313
MLFQ,7924,4879,10,24193,99571,94682,94692,19314
MLFQ,1878,4882,79,24201,475147,470186,470265,19319
MLFQ,4978,4883,37,24205,310787,305867,305904,19322
MLFQ,4074,4886,75,24213,466020,461059,461134,19327
MLFQ,7159,4886,59,24217,413319,408374,408433,19331
MLFQ,4701,4887,47,24221,356890,351956,352003,19334
MLFQ,79,4887,7,24225,62692,57798,57805,19338
MLFQ,6248,4887,53,24229,396173,391233,391286,19342
MLFQ,9480,4888,13,24237,134734,129833,129846,19349
MLFQ,3219,4888,25,24241,230003,225090,225115,19353
MLFQ,8819,4890,7,24245,62711,57814,57821,19355
MLFQ,8557,4890,44,24249,334718,329784,329828,19359
MLFQ,4506,4891,44,24253,334722,329787,329831,19362
MLFQ,736,4892,83,24261,482758,477783,477866,19369
MLFQ,291,4893,43,24265,334733,329797,329840,19372
MLFQ,6554,4893,21,24269,199970,195056,195077,19376
MLFQ,8807,4893,27,24273,230026,225106,225133,19380
MLFQ,2022,4895,45,24277,356907,351967,352012,19382
MLFQ,4687,4895,48,24281,356911,351968,352016,19386
MLFQ,3105,4897,79,24289,475158,470182,470261,19392
MLFQ,5767,4897,98,24293,496838,491843,491941,19396
MLFQ,3790,4897,63,24297,428921,423961,424024,19400
MLFQ,7217,4898,45,24301,356924,351981,352026,19403
MLFQ,1640,4904,62,24313,428923,423957,424019,19409
MLFQ,4750,4906,72,24317,455299,450321,450393,19411
MLFQ,5442,4908,57,24325,413352,408387,408444,19417
MLFQ,1803,4909,7,24329,62791,57875,57882,19420
MLFQ,609,4910,49,24333,377450,372491,372540,19423
MLFQ,272,4911,85,24337,488678,483682,483767,19426
MLFQ,7624,4911,34,24341,285501,280556,280590,19430
MLFQ,6606,4911,76,24345,466044,461057,461133,19434
MLFQ,2805,4912,86,24353,488680,483682,483768,19441
MLFQ,2973,4916,78,24361,475172,470178,470256,19445
MLFQ,8019,4916,19,24365,168305,163370,163389,19449
MLFQ,6994,4917,39,24369,310898,305942,305981,19452
MLFQ,2073,4917,12,24373,99734,94805,94817,19456
MLFQ,4474,4917,97,24377,496839,491825,491922,19460
MLFQ,4313,4920,50,24385,377474,372504,372554,19465
MLFQ,5960,4920,30,24389,258579,253629,253659,19469
MLFQ,7332,4920,79,24393,475179,470180,470259,19473
MLFQ,6195,4920,89,24397,492933,487924,488013,19477
MLFQ,7135,4920,29,24401,258588,253639,253668,19481
MLFQ,5635,4922,44,24405,334817,329851,329895,19483
MLFQ,4819,4922,39,24409,310922,305961,306000,19487
MLFQ,8395,4922,60,24413,413384,408402,408462,19491
MLFQ,7431,4924,44,24421,334825,329857,329901,19497
MLFQ,9660,4925,32,24425,258612,253655,253687,19500
MLFQ,1095,4926,14,24429,134904,129964,129978,19503
MLFQ,4860,4926,54,24433,396243,391263,391317,19507
MLFQ,9987,4926,70,24437,455329,450333,450403,19511
MLFQ,3944,4927,89,24441,492934,487918,488007,19514
MLFQ,9060,4927,12,24445,99806,94867,94879,19518
MLFQ,2912,4928,92,24453,492938,487918,488010,19525
MLFQ,9185,4928,47,24457,357006,352031,352078,19529
MLFQ,2986,4931,73,24461,466073,461069,461142,19530
MLFQ,9934,4931,38,24465,310960,305991,306029,19534
MLFQ,193,4931,6,24469,62929,57992,57998,19538
MLFQ,9753,4931,85,24473,488697,483681,483766,19542
MLFQ,5053,4932,79,24480,475198,470187,470266,19548
MLFQ,4859,4933,41,24484,334862,329888,329929,19551
MLFQ,4090,4933,98,24488,496841,491810,491908,19555
MLFQ,6716,4934,2,24492,24494,19558,19560,19558
MLFQ,3760,4937,57,24495,413417,408423,408480,19558
MLFQ,6206,4938,27,24499,230210,225245,225272,19561
MLFQ,5657,4938,35,24503,285618,280645,280680,19565
MLFQ,7487,4938,38,24507,310982,306006,306044,19569
MLFQ,8917,4939,40,24511,310986,306007,306047,19572
MLFQ,4601,4939,56,24515,396283,391288,391344,19576
MLFQ,7562,4939,17,24519,168434,163478,163495,19580
MLFQ,2205,4940,85,24527,488702,483677,483762,19587
MLFQ,2259,4941,47,24531,357041,352053,352100,19590
MLFQ,5036,4942,10,24535,99884,94932,94942,19593
MLFQ,9900,4942,4,24539,24543,19597,19601,19597
MLFQ,8928,4943,38,24543,311004,306023,306061,19600
MLFQ,2564,4943,4,24547,24551,19604,19608,19604
MLFQ,5901,4943,27,24551,230245,225275,225302,19608
MLFQ,1063,4944,66,24559,443012,438002,438068,19615
MLFQ,8168,4944,15,24563,135011,130052,130067,19619
MLFQ,8351,4945,1,24567,24568,19622,19623,19622
MLFQ,8512,4945,80,24568,475215,470190,470270,19623
MLFQ,3175,4945,77,24572,475216,470194,470271,19627
MLFQ,3612,4946,68,24576,443024,438010,438078,19630
MLFQ,525,4946,79,24580,475219,470194,470273,19634
MLFQ,8458,4947,12,24584,99924,94965,94977,19637
MLFQ,3947,4951,78,24592,475222,470193,470271,19641
MLFQ,6381,4951,65,24596,443037,438021,438086,19645
MLFQ,8627,4953,82,24604,482800,477765,477847,19651
MLFQ,3468,4956,86,24612,488704,483662,483748,19656
MLFQ,6242,4957,55,24616,396344,391332,391387,19659
MLFQ,6843,4958,3,24620,24623,19662,19665,19662
MLFQ,3389,4958,78,24623,475232,470196,470274,19665
MLFQ,3517,4958,36,24627,285710,280716,280752,19669
MLFQ,5784,4961,65,24633,443054,438028,438093,19672
MLFQ,9568,4962,95,24637,495610,490553,490648,19675
MLFQ,638,4964,94,24645,495612,490554,490648,19681
MLFQ,2356,4966,13,24649,135084,130105,130118,19683
MLFQ,9992,4967,98,24653,496843,491778,491876,19686
MLFQ,3435,4967,86,24657,488718,483665,483751,19690
MLFQ,8087,4968,23,24665,200293,195302,195325,19697
MLFQ,3239,4968,22,24669,200295,195305,195327,19701
MLFQ,509,4968,36,24673,285742,280738,280774,19705
MLFQ,3845,4970,82,24677,482826,477774,477856,19707
MLFQ,1051,4971,38,24681,311098,306089,306127,19710
MLFQ,263,4973,14,24689,135122,130135,130149,19716
MLFQ,9659,4975,84,24693,482830,477771,477855,19718
MLFQ,7360,4975,78,24697,475262,470209,470287,19722
MLFQ,7818,4976,63,24705,429090,424051,424114,19729
MLFQ,2531,4976,63,24709,429093,424054,424117,19733
MLFQ,697,4976,47,24713,357160,352137,352184,19737
MLFQ,2791,4976,46,24717,357162,352140,352186,19741
MLFQ,9481,4979,12,24721,100056,95065,95077,19742
MLFQ,3287,4979,78,24725,475264,470207,470285,19746
MLFQ,528,4980,80,24733,475272,470212,470292,19753
MLFQ,3639,4986,28,24741,230401,225387,225415,19755
MLFQ,2795,4987,43,24745,335029,329999,330042,19758
MLFQ,7131,4987,17,24749,168623,163619,163636,19762
MLFQ,8075,4987,48,24753,357182,352147,352195,19766
MLFQ,4117,4988,51,24761,377676,372637,372688,19773
MLFQ,4507,4992,83,24769,482841,477766,477849,19777
MLFQ,8212,4992,70,24773,455461,450399,450469,19781
MLFQ,6482,4992,97,24777,496844,491755,491852,19785
MLFQ,5624,4994,48,24781,357210,352168,352216,19787
MLFQ,3979,4994,51,24785,377695,372650,372701,19791
MLFQ,6078,4994,9,24789,100121,95118,95127,19795
MLFQ,9433,4995,54,24793,396435,391386,391440,19798
MLFQ,4166,4996,5,24800,63234,58233,58238,19804
MLFQ,8899,4997,11,24804,100128,95120,95131,19807
MLFQ,3624,4997,55,24808,396438,391386,391441,19811
MLFQ,2440,4998,87,24812,488737,483652,483739,19814
MLFQ,2555,5000,96,24820,495624,490528,490624,19820
MLFQ,2815,5002,39,24824,311205,306164,306203,19822
MLFQ,7726,5002,19,24828,168686,163665,163684,19826
MLFQ,4919,5002,18,24832,168688,163668,163686,19830
MLFQ,6620,5003,5,24836,63267,58259,58264,19833
MLFQ,2992,5004,63,24841,429136,424069,424132,19837
MLFQ,1126,5005,6,24845,63273,58262,58268,19840
MLFQ,8844,5006,91,24849,492971,487874,487965,19843
MLFQ,8127,5006,95,24853,495627,490526,490621,19847
MLFQ,9640,5008,49,24861,377728,372671,372720,19853
MLFQ,7838,5008,34,24865,285880,280838,280872,19857
MLFQ,6986,5009,12,24869,100184,95163,95175,19860
MLFQ,1934,5010,49,24873,377729,372670,372719,19863
MLFQ,6489,5011,7,24877,63304,58286,58293,19866
MLFQ,9207,5013,8,24885,63312,58291,58299,19872
MLFQ,5430,5014,26,24889,230495,225455,225481,19875
MLFQ,5440,5014,91,24893,492978,487873,487964,19879
MLFQ,1404,5016,80,24901,475310,470214,470294,19885
MLFQ,1954,5016,30,24905,258950,253904,253934,19889
MLFQ,7038,5016,15,24909,135301,130270,130285,19893
MLFQ,2415,5017,11,24913,100219,95191,95202,19896
MLFQ,4227,5021,66,24921,443158,438071,438137,19900
MLFQ,7466,5021,22,24925,200483,195440,195462,19904
MLFQ,9161,5024,65,24933,443159,438070,438135,19909
MLFQ,9890,5024,48,24937,357282,352210,352258,19913
MLFQ,7639,5024,3,24941,24944,19917,19920,19917
MLFQ,6586,5027,14,24944,135327,130286,130300,19917
MLFQ,603,5029,23,24952,200498,195446,195469,19923
MLFQ,1030,5031,24,24956,200502,195447,195471,19925
MLFQ,5541,5033,85,24964,488754,483636,483721,19931
MLFQ,2359,5036,14,24972,135347,130297,130311,19936
MLFQ,3106,5037,1,24976,24977,19939,19940,19939
MLFQ,5209,5037,31,24977,258981,253913,253944,19940
MLFQ,3789,5039,47,24981,357293,352207,352254,19942
MLFQ,9325,5041,57,24989,413618,408520,408577,19948
MLFQ,3792,5041,91,24993,492985,487853,487944,19952
MLFQ,1500,5043,90,24997,492987,487854,487944,19954
MLFQ,4560,5043,79,25001,475329,470207,470286,19958
MLFQ,1902,5047,95,25009,495631,490489,490584,19962
MLFQ,4238,5047,74,25013,466248,461127,461201,19966
MLFQ,4454,5048,14,25021,135393,130331,130345,19973
MLFQ,16,5051,68,25025,443195,438076,438144,19974
MLFQ,1977,5051,48,25029,357333,352234,352282,19978
MLFQ,5519,5051,26,25033,230585,225508,225534,19982
MLFQ,9339,5052,16,25041,135413,130345,130361,19989
MLFQ,459,5052,35,25045,285968,280881,280916,19993
MLFQ,6575,5053,49,25049,377798,372696,372745,19996
MLFQ,4752,5054,58,25053,413648,408536,408594,19999
MLFQ,2851,5054,44,25057,335197,330099,330143,20003
MLFQ,2518,5055,84,25061,482893,477754,477838,20006
MLFQ,111,5056,21,25069,200591,195514,195535,20013
MLFQ,7294,5057,18,25073,168866,163791,163809,20016
MLFQ,3977,5057,89,25077,492993,487847,487936,20020
MLFQ,7284,5057,3,25081,25084,20024,20027,20024
MLFQ,3863,5059,26,25084,230617,225532,225558,20025
MLFQ,5012,5060,95,25092,495634,490479,490574,20032
MLFQ,8093,5061,49,25096,377819,372709,372758,20035
MLFQ,7976,5062,86,25100,488786,483638,483724,20038
MLFQ,627,5063,52,25104,377827,372712,372764,20041
MLFQ,2648,5063,66,25108,443217,438088,438154,20045
MLFQ,9907,5064,10,25116,100407,95333,95343,20052
MLFQ,6697,5065,61,25120,429233,424107,424168,20055
MLFQ,9731,5065,51,25124,377838,372722,372773,20059
MLFQ,4321,5067,96,25128,495638,490475,490571,20061
MLFQ,2405,5068,17,25136,168915,163830,163847,20068
MLFQ,5694,5068,94,25140,495640,490478,490572,20072
MLFQ,1423,5068,48,25144,357393,352277,352325,20076
MLFQ,7545,5072,20,25152,168931,163839,163859,20080
MLFQ,7091,5073,75,25156,466279,461131,461206,20083
MLFQ,6947,5073,96,25160,495644,490475,490571,20087
MLFQ,499,5073,24,25164,200663,195566,195590,20091
MLFQ,5581,5074,18,25168,168945,163853,163871,20094
MLFQ,4353,5074,81,25172,482922,477767,477848,20098
MLFQ,2702,5075,80,25176,475377,470222,470302,20101
MLFQ,5812,5077,51,25184,377873,372745,372796,20107
MLFQ,6926,5077,40,25188,311413,306296,306336,20111
MLFQ,2108,5078,77,25192,475378,470223,470300,20114
MLFQ,9124,5080,25,25200,230706,225601,225626,20120
MLFQ,1091,5083,26,25204,230708,225599,225625,20121
MLFQ,9456,5084,25,25212,230713,225604,225629,20128
MLFQ,1478,5084,27,25216,230716,225605,225632,20132
MLFQ,3381,5085,72,25220,455584,450427,450499,20135
MLFQ,1294,5085,17,25224,168998,163896,163913,20139
MLFQ,7471,5085,45,25228,357438,352308,352353,20143
MLFQ,7447,5086,42,25232,335302,330174,330216,20146
MLFQ,8784,5086,9,25236,100524,95429,95438,20150
MLFQ,3179,5086,38,25240,311439,306315,306353,20154
MLFQ,8304,5087,27,25244,230735,225621,225648,20157
MLFQ,313,5088,4,25252,25256,20164,20168,20164
MLFQ,5362,5089,40,25256,311447,306318,306358,20167
MLFQ,6066,5091,43,25260,335309,330175,330218,20169
MLFQ,6264,5092,6,25265,63677,58579,58585,20173
MLFQ,2789,5093,66,25269,443264,438105,438171,20176
MLFQ,2376,5093,13,25273,135618,130512,130525,20180
MLFQ,7363,5095,9,25277,100553,95449,95458,20182
MLFQ,3932,5097,62,25285,429288,424129,424191,20188
MLFQ,9975,5097,97,25289,496845,491651,491748,20192
MLFQ,1967,5101,43,25297,335332,330188,330231,20196
MLFQ,3349,5102,79,25301,475393,470212,470291,20199
MLFQ,3854,5103,34,25305,286142,281005,281039,20202
MLFQ,500,5104,15,25313,135653,130534,130549,20209
MLFQ,1810,5105,43,25317,335339,330191,330234,20212
MLFQ,2424,5105,88,25321,488813,483620,483708,20216
MLFQ,8712,5105,3,25325,25328,20220,20223,20220
MLFQ,8501,5108,11,25332,100604,95485,95496,20224
MLFQ,2587,5108,65,25336,443278,438105,438170,20228
MLFQ,1567,5109,28,25340,230799,225662,225690,20231
MLFQ,1012,5109,45,25344,357479,352325,352370,20235
MLFQ,5602,5109,15,25348,135680,130556,130571,20239
MLFQ,2572,5110,29,25352,259226,254087,254116,20242
MLFQ,2339,5110,83,25356,482941,477748,477831,20246
MLFQ,6472,5111,72,25360,455608,450425,450497,20249
MLFQ,9938,5113,63,25368,429319,424143,424206,20255
MLFQ,7757,5114,51,25372,377944,372779,372830,20258
MLFQ,730,5115,22,25376,200828,195691,195713,20261
MLFQ,132,5116,69,25384,455609,450424,450493,20268
MLFQ,3783,5119,54,25388,396668,391495,391549,20269
MLFQ,8910,5121,29,25396,259255,254105,254134,20275
MLFQ,8496,5122,16,25400,135728,130590,130606,20278
MLFQ,803,5122,28,25404,230845,225695,225723,20282
MLFQ,662,5124,69,25412,455610,450417,450486,20288
MLFQ,771,5124,35,25416,286201,281042,281077,20292
MLFQ,3951,5126,4,25420,25424,20294,20298,20294
MLFQ,1502,5126,20,25424,169150,164004,164024,20298
MLFQ,802,5126,19,25428,169153,164008,164027,20302
MLFQ,6160,5127,82,25432,482943,477734,477816,20305
MLFQ,7689,5127,73,25436,466324,461124,461197,20309
MLFQ,8604,5130,70,25444,455624,450424,450494,20314
MLFQ,7025,5131,81,25448,482948,477736,477817,20317
MLFQ,3659,5131,30,25452,259289,254128,254158,20321
MLFQ,2325,5132,74,25460,466334,461128,461202,20328
MLFQ,122,5134,18,25464,169183,164031,164049,20330
MLFQ,1255,5136,65,25468,443319,438118,438183,20332
MLFQ,1234,5136,42,25472,335417,330239,330281,20336
MLFQ,9491,5137,68,25476,443323,438118,438186,20339
MLFQ,9253,5138,23,25480,200903,195742,195765,20342
MLFQ,3551,5141,9,25488,100748,95598,95607,20347
MLFQ,8086,5141,17,25492,169204,164046,164063,20351
MLFQ,9454,5141,99,25496,496848,491608,491707,20355
MLFQ,7642,5141,54,25500,396714,391519,391573,20359
MLFQ,942,5142,26,25504,230911,225743,225769,20362
MLFQ,9647,5145,88,25512,488827,483594,483682,20367
MLFQ,6961,5147,42,25516,335439,330250,330292,20369
MLFQ,8681,5150,82,25524,482962,477730,477812,20374
MLFQ,1453,5150,22,25528,200933,195761,195783,20378
MLFQ,9277,5152,38,25536,311601,306411,306449,20384
MLFQ,7887,5153,46,25540,357569,352370,352416,20387
MLFQ,7216,5153,27,25544,230938,225758,225785,20391
MLFQ,9856,5154,37,25548,311606,306415,306452,20394
MLFQ,2731,5154,33,25552,286278,281091,281124,20398
MLFQ,3420,5158,15,25560,135875,130702,130717,20402
MLFQ,6283,5159,81,25564,482963,477723,477804,20405
MLFQ,2898,5160,61,25572,429380,424159,424220,20412
MLFQ,539,5161,85,25576,488828,483582,483667,20415
MLFQ,5095,5162,3,25580,25583,20418,20421,20418
MLFQ,4201,5162,76,25583,466362,461124,461200,20421
MLFQ,3898,5164,25,25591,230975,225786,225811,20427
MLFQ,3782,5166,78,25595,475439,470195,470273,20429
MLFQ,8453,5166,56,25599,396746,391524,391580,20433
MLFQ,8894,5167,98,25603,496850,491585,491683,20436
MLFQ,4024,5167,81,25607,482972,477724,477805,20440
MLFQ,6656,5171,92,25615,493031,487768,487860,20444
MLFQ,188,5172,88,25623,488840,483580,483668,20451
MLFQ,8321,5173,19,25627,169328,164136,164155,20454
MLFQ,2106,5175,90,25631,493033,487768,487858,20456
MLFQ,6550,5176,62,25639,429423,424185,424247,20463
MLFQ,398,5177,80,25643,475471,470214,470294,20466
MLFQ,5639,5178,90,25647,493035,487767,487857,20469
MLFQ,1758,5178,33,25651,286355,281144,281177,20473
MLFQ,3729,5178,21,25655,201046,195847,195868,20477
MLFQ,1541,5179,42,25659,335521,330300,330342,20480
MLFQ,2097,5179,98,25663,496852,491575,491673,20484
MLFQ,1069,5182,32,25671,259446,254232,254264,20489
MLFQ,3263,5184,5,25679,64074,58885,58890,20495
MLFQ,4685,5184,8,25683,64078,58886,58894,20499
MLFQ,3123,5185,71,25687,455711,450455,450526,20502
MLFQ,6718,5185,20,25691,169384,164179,164199,20506
MLFQ,5215,5185,43,25695,335536,330308,330351,20510
MLFQ,5793,5187,55,25699,396805,391563,391618,20512
MLFQ,7292,5188,91,25707,493047,487768,487859,20519
MLFQ,429,5188,84,25711,483013,477741,477825,20523
MLFQ,1971,5189,54,25715,396819,391576,391630,20526
MLFQ,2340,5189,83,25719,483016,477744,477827,20530
MLFQ,9492,5189,39,25723,311727,306499,306538,20534
MLFQ,8251,5190,48,25727,357677,352439,352487,20537
MLFQ,6096,5190,83,25731,483019,477746,477829,20541
MLFQ,4,5191,81,25735,483020,477748,477829,20544
MLFQ,7162,5191,22,25739,201116,195903,195925,20548
MLFQ,8757,5192,9,25747,100993,95792,95801,20555
MLFQ,6881,5192,69,25751,455736,450475,450544,20559
MLFQ,7000,5192,70,25755,455738,450476,450546,20563
MLFQ,7632,5193,19,25759,169446,164234,164253,20566
MLFQ,4984,5197,14,25767,136065,130854,130868,20570
MLFQ,6147,5200,74,25775,466437,461163,461237,20575
MLFQ,4335,5201,66,25779,443445,438178,438244,20578
MLFQ,8738,5202,85,25783,488865,483578,483663,20581
MLFQ,1904,5203,57,25787,413951,408691,408748,20584
MLFQ,6140,5204,47,25795,357716,352465,352512,20591
MLFQ,9534,5205,43,25799,335607,330359,330402,20594
MLFQ,9179,5206,18,25803,169484,164260,164278,20597
MLFQ,1119,5207,33,25807,286452,281212,281245,20600
MLFQ,4318,5208,92,25815,493051,487751,487843,20607
MLFQ,1816,5208,96,25819,495664,490360,490456,20611
MLFQ,5225,5209,8,25823,64218,59001,59009,20614
MLFQ,6729,5210,56,25827,396871,391605,391661,20617
MLFQ,7753,5212,68,25835,443461,438181,438249,20623
MLFQ,4212,5213,4,25839,25843,20626,20630,20626
MLFQ,5543,5214,21,25843,201184,195949,195970,20629
MLFQ,7011,5218,4,25851,25855,20633,20637,20633
MLFQ,9517,5220,65,25859,443462,438177,438242,20639
MLFQ,8548,5221,8,25863,64250,59021,59029,20642
MLFQ,380,5222,7,25867,64253,59024,59031,20645
MLFQ,2560,5223,76,25871,466453,461154,461230,20648
MLFQ,3333,5223,72,25875,455766,450471,450543,20652
MLFQ,5042,5229,41,25887,335648,330378,330419,20658
MLFQ,9641,5229,19,25891,169551,164303,164322,20662
MLFQ,6967,5231,61,25895,429520,424228,424289,20664
MLFQ,5075,5231,89,25899,493056,487736,487825,20668
MLFQ,4169,5232,64,25907,429528,424232,424296,20675
MLFQ,1092,5232,46,25911,357770,352492,352538,20679
MLFQ,171,5232,78,25915,475529,470219,470297,20683
MLFQ,6416,5233,30,25919,259612,254349,254379,20686
MLFQ,1424,5233,12,25923,101149,95904,95916,20690
MLFQ,8357,5234,17,25927,169580,164329,164346,20693
MLFQ,6712,5235,50,25931,378212,372927,372977,20696
MLFQ,2390,5237,7,25939,64324,59080,59087,20702
MLFQ,412,5237,77,25943,475530,470216,470293,20706
MLFQ,1795,5238,66,25947,443489,438185,438251,20709
MLFQ,785,5240,23,25955,201267,196004,196027,20715
MLFQ,9097,5241,28,25959,231241,225972,226000,20718
MLFQ,3373,5241,57,25963,414011,408713,408770,20722
MLFQ,3120,5242,53,25967,396931,391636,391689,20725
MLFQ,1872,5243,39,25971,311872,306590,306629,20728
MLFQ,3329,5243,56,25975,396935,391636,391692,20732
MLFQ,4713,5244,1,25983,25984,20739,20740,20739
MLFQ,8001,5246,42,25984,335702,330414,330456,20738
MLFQ,7663,5246,68,25988,443493,438179,438247,20742
MLFQ,4995,5247,10,25992,101211,95954,95964,20745
MLFQ,8373,5247,85,25996,488878,483546,483631,20749
MLFQ,2585,5248,22,26004,201301,196031,196053,20756
MLFQ,7240,5249,44,26008,335714,330421,330465,20759
MLFQ,187,5249,45,26012,357815,352521,352566,20763
MLFQ,1989,5249,44,26016,335722,330429,330473,20767
MLFQ,2346,5251,21,26020,201314,196042,196063,20769
MLFQ,1861,5252,24,26028,201322,196046,196070,20776
MLFQ,6086,5253,40,26032,311908,306615,306655,20779
MLFQ,5448,5254,81,26036,483045,477710,477791,20782
MLFQ,9868,5255,85,26040,488883,483543,483628,20785
MLFQ,8430,5255,75,26044,466488,461158,461233,20789
MLFQ,4025,5255,65,26048,443514,438194,438259,20793
MLFQ,913,5256,52,26056,378272,372964,373016,20800
MLFQ,8123,5257,41,26060,335747,330449,330490,20803
MLFQ,94,5258,58,26064,414041,408725,408783,20806
MLFQ,3396,5258,40,26068,311940,306642,306682,20810
MLFQ,3589,5260,69,26076,455803,450474,450543,20816
MLFQ,8108,5260,66,26080,443520,438194,438260,20820
MLFQ,9710,5261,87,26084,488886,483538,483625,20823
MLFQ,6285,5262,9,26088,101296,96025,96034,20826
MLFQ,8039,5263,67,26092,443527,438197,438264,20829
MLFQ,9552,5263,90,26096,493061,487708,487798,20833
MLFQ,7824,5264,30,26104,259742,254448,254478,20840
MLFQ,5385,5266,75,26108,466503,461162,461237,20842
MLFQ,9410,5266,59,26112,414072,408747,408806,20846
MLFQ,5874,5269,40,26120,311984,306675,306715,20851
MLFQ,8354,5273,67,26128,443546,438206,438273,20855
MLFQ,5201,5275,67,26132,443549,438207,438274,20857
MLFQ,7541,5275,37,26136,311993,306681,306718,20861
MLFQ,85,5276,17,26143,169762,164469,164486,20867
MLFQ,3192,5276,50,26147,378322,372996,373046,20871
MLFQ,8948,5279,14,26151,136397,131104,131118,20872
MLFQ,2023,5280,4,26155,26159,20875,20879,20875
MLFQ,6585,5281,69,26163,455824,450474,450543,20882
MLFQ,3805,5283,68,26167,443559,438208,438276,20884
MLFQ,9487,5283,43,26171,335817,330491,330534,20888
MLFQ,8345,5285,30,26179,259796,254481,254511,20894
MLFQ,6746,5285,76,26183,466511,461150,461226,20898
MLFQ,3759,5285,58,26187,414106,408763,408821,20902
MLFQ,3628,5287,63,26191,429635,424285,424348,20904
MLFQ,898,5287,28,26195,231425,226110,226138,20908
MLFQ,6400,5287,24,26199,201466,196155,196179,20912
MLFQ,6276,5288,90,26203,493069,487691,487781,20915
MLFQ,6383,5289,18,26211,169820,164513,164531,20922
MLFQ,1990,5291,32,26215,259818,254495,254527,20924
MLFQ,1908,5291,54,26219,397045,391700,391754,20928
MLFQ,9664,5292,20,26223,169832,164520,164540,20931
MLFQ,557,5293,51,26231,378361,373017,373068,20938
MLFQ,1416,5295,37,26235,312042,306710,306747,20940
MLFQ,8543,5295,44,26239,335849,330510,330554,20944
MLFQ,5405,5296,89,26243,493070,487685,487774,20947
MLFQ,8366,5298,60,26251,414122,408764,408824,20953
MLFQ,2037,5299,51,26255,378372,373022,373073,20956
MLFQ,1054,5299,64,26259,429647,424284,424348,20960
MLFQ,4931,5300,51,26263,378379,373028,373079,20963
MLFQ,581,5301,47,26271,357958,352610,352657,20970
MLFQ,9460,5302,76,26275,466527,461149,461225,20973
MLFQ,8634,5302,54,26279,397067,391711,391765,20977
MLFQ,6509,5303,41,26283,335886,330542,330583,20980
MLFQ,4502,5305,91,26291,493073,487677,487768,20986
MLFQ,540,5305,51,26295,378398,373042,373093,20990
MLFQ,3830,5307,27,26299,231508,226174,226201,20992
MLFQ,6270,5307,72,26303,455852,450473,450545,20996
MLFQ,4899,5308,59,26307,414145,408778,408837,20999
MLFQ,5626,5308,30,26311,259896,254558,254588,21003
MLFQ,8793,5308,99,26315,496855,491448,491547,21007
MLFQ,3568,5310,78,26323,475583,470195,470273,21013
MLFQ,8581,5310,79,26327,475586,470197,470276,21017
MLFQ,15,5311,65,26331,443604,438228,438293,21020
MLFQ,6088,5311,81,26335,483082,477690,477771,21024
MLFQ,4699,5313,92,26343,493081,487676,487768,21030
MLFQ,4532,5314,98,26347,496857,491445,491543,21033
MLFQ,381,5315,37,26351,312139,306787,306824,21036
MLFQ,6624,5315,64,26355,429702,424323,424387,21040
MLFQ,7715,5316,90,26359,493087,487681,487771,21043
MLFQ,4719,5316,70,26363,455886,450500,450570,21047
MLFQ,7112,5317,49,26371,378455,373089,373138,21054
MLFQ,8811,5318,88,26375,488933,483527,483615,21057
MLFQ,7925,5319,12,26379,101577,96246,96258,21060
MLFQ,1270,5319,74,26383,466569,461176,461250,21064
MLFQ,9822,5319,16,26387,136621,131286,131302,21068
MLFQ,644,5320,43,26391,335965,330602,330645,21071
MLFQ,6796,5322,30,26399,259971,254619,254649,21077
MLFQ,8121,5322,50,26403,378469,373097,373147,21081
MLFQ,8940,5323,96,26407,495676,490257,490353,21084
MLFQ,7712,5324,23,26411,201653,196306,196329,21087
MLFQ,5865,5325,74,26419,466579,461180,461254,21094
MLFQ,5111,5326,20,26423,170018,164672,164692,21097
MLFQ,9974,5327,99,26427,496860,491434,491533,21100
MLFQ,8577,5328,88,26431,488949,483533,483621,21103
MLFQ,8753,5329,25,26439,231625,226271,226296,21110
MLFQ,2218,5330,40,26443,312199,306829,306869,21113
MLFQ,4033,5330,37,26447,312200,306833,306870,21117
MLFQ,7508,5330,36,26451,286903,281537,281573,21121
MLFQ,545,5334,42,26459,335999,330623,330665,21125
MLFQ,6925,5335,29,26463,260016,254652,254681,21128
MLFQ,6853,5336,38,26467,312210,306836,306874,21131
MLFQ,5896,5338,66,26475,443662,438258,438324,21137
MLFQ,2267,5341,48,26479,358082,352693,352741,21138
MLFQ,862,5342,99,26483,496863,491422,491521,21141
MLFQ,1772,5342,68,26487,443670,438260,438328,21145
MLFQ,2316,5343,90,26491,493103,487670,487760,21148
MLFQ,1464,5343,80,26495,475642,470219,470299,21152
MLFQ,8739,5344,59,26499,414248,408845,408904,21155
MLFQ,3326,5345,48,26507,358110,352717,352765,21162
MLFQ,1499,5346,59,26511,414251,408846,408905,21165
MLFQ,3030,5347,27,26515,231696,226322,226349,21168
MLFQ,2454,5347,64,26519,429766,424355,424419,21172
MLFQ,611,5348,15,26523,136756,131393,131408,21175
MLFQ,1472,5352,50,26531,378535,373133,373183,21179
MLFQ,9826,5353,21,26539,201766,196392,196413,21186
MLFQ,9820,5355,30,26543,260078,254693,254723,21188
MLFQ,3238,5355,30,26547,260080,254695,254725,21192
MLFQ,7532,5356,13,26551,136781,131412,131425,21195
MLFQ,6295,5356,51,26555,378538,373131,373182,21199
MLFQ,6677,5360,93,26563,495685,490232,490325,21203
MLFQ,6999,5362,84,26567,483138,477692,477776,21205
MLFQ,6093,5365,2,26575,26577,21210,21212,21210
MLFQ,4499,5366,53,26577,397213,391794,391847,21211
MLFQ,3412,5366,78,26581,475656,470212,470290,21215
MLFQ,6187,5367,12,26585,101781,96402,96414,21218
MLFQ,4668,5368,88,26593,488969,483513,483601,21225
MLFQ,9603,5369,43,26597,336087,330675,330718,21228
MLFQ,1768,5370,12,26601,101797,96415,96427,21231
MLFQ,1414,5370,91,26605,493110,487649,487740,21235
MLFQ,8765,5372,72,26613,455962,450518,450590,21241
MLFQ,971,5373,52,26617,378582,373157,373209,21244
MLFQ,8513,5374,19,26621,170195,164802,164821,21247
MLFQ,2724,5374,28,26625,231780,226378,226406,21251
MLFQ,4386,5374,8,26629,65001,59619,59627,21255
MLFQ,6255,5378,29,26637,260141,254734,254763,21259
MLFQ,9634,5383,51,26645,378593,373159,373210,21262
MLFQ,1625,5383,69,26649,455967,450515,450584,21266
MLFQ,1272,5387,31,26657,260160,254742,254773,21270
MLFQ,8498,5387,90,26661,493112,487635,487725,21274
MLFQ,462,5387,16,26665,136881,131478,131494,21278
MLFQ,3949,5388,78,26673,475682,470216,470294,21285
MLFQ,8151,5389,69,26677,455980,450522,450591,21288
MLFQ,8519,5390,48,26681,358211,352773,352821,21291
MLFQ,1536,5390,20,26685,170251,164841,164861,21295
MLFQ,3,5390,41,26689,336144,330713,330754,21299
MLFQ,8777,5392,10,26697,101884,96482,96492,21305
MLFQ,1302,5392,76,26701,466651,461183,461259,21309
MLFQ,41,5393,17,26705,170260,164850,164867,21312
MLFQ,8420,5393,67,26709,443745,438285,438352,21316
MLFQ,2700,5394,23,26713,201897,196480,196503,21319
MLFQ,4156,5395,7,26717,65088,59686,59693,21322
MLFQ,9267,5397,78,26725,475684,470209,470287,21328
MLFQ,6556,5398,39,26729,312377,306940,306979,21331
MLFQ,5883,5398,43,26733,336159,330718,330761,21335
MLFQ,7165,5401,93,26737,495686,490192,490285,21336
MLFQ,843,5401,81,26741,483169,477687,477768,21340
MLFQ,7427,5402,57,26745,414340,408881,408938,21343
MLFQ,5199,5402,38,26749,312395,306955,306993,21347
MLFQ,9666,5403,35,26757,287109,281671,281706,21354
MLFQ,8419,5404,44,26761,336175,330727,330771,21357
MLFQ,8112,5406,71,26765,455999,450522,450593,21359
MLFQ,6742,5408,14,26773,136975,131553,131567,21365
MLFQ,962,5408,16,26777,136979,131555,131571,21369
MLFQ,1220,5408,28,26781,231888,226452,226480,21373
MLFQ,7959,5409,86,26785,488988,483493,483579,21376
MLFQ,3132,5409,39,26789,312414,306966,307005,21380
MLFQ,3117,5409,94,26793,495688,490185,490279,21384
MLFQ,2783,5410,74,26797,466677,461193,461267,21387
MLFQ,8105,5411,42,26805,336197,330744,330786,21394
MLFQ,6174,5413,8,26809,65180,59759,59767,21396
MLFQ,2513,5413,72,26813,456019,450534,450606,21400
MLFQ,918,5415,47,26821,358266,352804,352851,21406
MLFQ,1207,5415,57,26825,414369,408897,408954,21410
MLFQ,4274,5415,2,26829,26831,21414,21416,21414
MLFQ,2551,5416,36,26831,287162,281710,281746,21415
MLFQ,5658,5417,70,26835,456021,450534,450604,21418
MLFQ,7082,5419,3,26843,26846,21424,21427,21424
MLFQ,1581,5420,65,26846,443788,438303,438368,21426
MLFQ,240,5423,3,26854,26857,21431,21434,21431
MLFQ,3227,5423,41,26857,336230,330766,330807,21434
MLFQ,7372,5424,86,26861,488994,483484,483570,21437
MLFQ,7583,5424,38,26865,312468,307006,307044,21441
MLFQ,6021,5427,96,26873,495692,490169,490265,21446
MLFQ,5387,5428,1,26877,26878,21449,21450,21449
MLFQ,1370,5429,48,26878,358298,352821,352869,21449
MLFQ,9732,5430,13,26882,137064,131621,131634,21452
MLFQ,2474,5432,9,26890,102053,96612,96621,21458
MLFQ,7563,5432,99,26894,496866,491335,491434,21462
MLFQ,2626,5433,37,26898,312485,307015,307052,21465
MLFQ,2375,5433,67,26902,443803,438303,438370,21469
MLFQ,2047,5435,73,26910,466690,461182,461255,21475
MLFQ,8096,5435,18,26914,170426,164973,164991,21479
MLFQ,8605,5439,23,26922,202056,196594,196617,21483
MLFQ,2223,5439,30,26926,260342,254873,254903,21487
MLFQ,3059,5442,7,26930,65291,59842,59849,21488
MLFQ,327,5442,95,26934,495699,490162,490257,21492
MLFQ,7326,5442,34,26938,287228,281752,281786,21496
MLFQ,2839,5443,39,26946,312504,307022,307061,21503
MLFQ,1471,5445,60,26950,414415,408910,408970,21505
MLFQ,3525,5445,56,26954,397371,391870,391926,21509
MLFQ,1865,5445,66,26958,443813,438302,438368,21513
MLFQ,4405,5447,79,26966,475723,470197,470276,21519
MLFQ,8837,5448,97,26970,496867,491322,491419,21522
MLFQ,2109,5448,76,26974,466706,461182,461258,21526
MLFQ,741,5449,90,26978,493138,487599,487689,21529
MLFQ,4801,5450,8,26982,65340,59882,59890,21532
MLFQ,1832,5450,91,26986,493141,487600,487691,21536
MLFQ,150,5450,17,26990,170487,165020,165037,21540
MLFQ,3395,5451,26,26994,232044,226567,226593,21543
MLFQ,5317,5452,22,26998,202114,196640,196662,21546
MLFQ,4628,5454,34,27002,287266,281778,281812,21548
MLFQ,5684,5454,71,27006,456064,450539,450610,21552
MLFQ,4068,5455,63,27012,429941,424423,424486,21557
MLFQ,4291,5457,40,27016,312548,307051,307091,21559
MLFQ,4306,5462,75,27024,466717,461180,461255,21562
MLFQ,8045,5463,80,27032,475739,470196,470276,21569
MLFQ,7547,5463,11,27036,102184,96710,96721,21573
MLFQ,2804,5463,34,27040,287292,281795,281829,21577
MLFQ,1571,5463,3,27044,27047,21581,21584,21581
MLFQ,90,5463,12,27047,102192,96717,96729,21584
MLFQ,9563,5467,17,27055,170531,165047,165064,21588
MLFQ,921,5468,44,27059,336318,330806,330850,21591
MLFQ,1316,5468,57,27063,414456,408931,408988,21595
MLFQ,2379,5469,78,27067,475741,470194,470272,21598
MLFQ,6614,5470,97,27071,496868,491301,491398,21601
MLFQ,5962,5471,25,27079,232097,226601,226626,21608
MLFQ,1970,5472,75,27083,466732,461185,461260,21611
MLFQ,1176,5475,44,27091,336342,330823,330867,21616
MLFQ,2874,5476,8,27095,65448,59964,59972,21619
MLFQ,5234,5476,88,27099,489026,483462,483550,21623
MLFQ,5695,5480,26,27107,232115,226609,226635,21627
MLFQ,6279,5481,97,27111,496869,491291,491388,21630
MLFQ,7816,5481,55,27115,397443,391907,391962,21634
MLFQ,2801,5482,20,27119,170587,165085,165105,21637
MLFQ,9446,5484,58,27127,414482,408940,408998,21643
MLFQ,3786,5485,48,27131,358417,352884,352932,21646
MLFQ,49,5486,37,27135,312613,307090,307127,21649
MLFQ,526,5486,95,27139,495714,490133,490228,21653
MLFQ,8484,5487,54,27147,397461,391920,391974,21660
MLFQ,3819,5488,12,27151,102292,96792,96804,21663
MLFQ,1089,5490,94,27155,495716,490132,490226,21665
MLFQ,6512,5490,11,27159,102299,96798,96809,21669
MLFQ,1203,5490,97,27163,496870,491283,491380,21673
MLFQ,6981,5491,33,27171,287373,281849,281882,21680
MLFQ,6530,5492,75,27175,466759,461192,461267,21683
MLFQ,8678,5494,88,27179,489046,483464,483552,21685
MLFQ,7765,5494,13,27183,137308,131801,131814,21689
MLFQ,1909,5495,4,27191,27195,21696,21700,21696
MLFQ,6651,5495,81,27195,483242,477666,477747,21700
MLFQ,9983,5497,31,27199,260517,254989,255020,21702
MLFQ,6479,5497,53,27203,397482,391932,391985,21706
MLFQ,2974,5498,6,27207,65554,60050,60056,21709
MLFQ,6073,5499,82,27215,483244,477663,477745,21716
MLFQ,8829,5499,71,27219,456131,450561,450632,21720
MLFQ,7811,5501,81,27223,483245,477663,477744,21722
MLFQ,4934,5505,67,27231,443912,438340,438407,21726
MLFQ,5299,5506,28,27235,232207,226673,226701,21729
MLFQ,7019,5507,35,27242,287412,281870,281905,21735
MLFQ,4352,5509,86,27246,489048,483453,483539,21737
MLFQ,2219,5510,6,27250,65592,60076,60082,21740
MLFQ,7022,5510,71,27254,456142,450561,450632,21744
MLFQ,5303,5515,7,27266,65607,60085,60092,21751
MLFQ,6348,5515,29,27270,260562,255018,255047,21755
MLFQ,6596,5517,19,27274,170706,165170,165189,21757
MLFQ,4323,5518,84,27278,483253,477651,477735,21760
MLFQ,7411,5519,46,27286,358491,352926,352972,21767
MLFQ,3481,5520,45,27290,358492,352927,352972,21770
MLFQ,9599,5520,71,27294,456149,450558,450629,21774
MLFQ,3899,5520,59,27298,414549,408970,409029,21778
MLFQ,5504,5521,17,27302,170730,165192,165209,21781
MLFQ,7222,5522,61,27306,430036,424453,424514,21784
MLFQ,5993,5523,40,27314,312717,307154,307194,21791
MLFQ,2761,5525,50,27318,378895,373320,373370,21793
MLFQ,5885,5529,35,27326,287467,281903,281938,21797
MLFQ,162,5530,83,27330,483259,477646,477729,21800
MLFQ,6253,5533,19,27338,170765,165213,165232,21805
MLFQ,233,5534,82,27342,483261,477645,477727,21808
MLFQ,7744,5534,95,27346,495723,490094,490189,21812
MLFQ,192,5535,19,27354,170780,165226,165245,21819
MLFQ,464,5536,93,27358,495724,490095,490188,21822
MLFQ,7522,5538,89,27362,493170,487543,487632,21824
MLFQ,8271,5539,9,27370,102488,96940,96949,21831
MLFQ,254,5539,83,27374,483276,477654,477737,21835
MLFQ,1888,5539,9,27378,102493,96945,96954,21839
MLFQ,9383,5539,12,27382,102497,96946,96958,21843
MLFQ,5135,5540,75,27386,466818,461203,461278,21846
MLFQ,5264,5540,96,27390,495728,490092,490188,21850
MLFQ,565,5541,8,27394,65735,60186,60194,21853
MLFQ,2147,5542,47,27398,358551,352962,353009,21856
MLFQ,4971,5543,26,27406,232317,226748,226774,21863
MLFQ,1713,5543,69,27410,456186,450574,450643,21867
MLFQ,7184,5544,14,27414,137498,131940,131954,21870
MLFQ,2920,5546,55,27418,397576,391975,392030,21872
MLFQ,8996,5546,23,27422,202409,196840,196863,21876
MLFQ,2543,5546,25,27426,232326,226755,226780,21880
MLFQ,2052,5548,87,27434,489067,483432,483519,21886
MLFQ,7647,5551,78,27442,475833,470204,470282,21891
MLFQ,4551,5552,78,27446,475835,470205,470283,21894
MLFQ,3943,5552,50,27450,378953,373351,373401,21898
MLFQ,6052,5555,97,27458,496871,491219,491316,21903
MLFQ,4851,5555,66,27462,443994,438373,438439,21907
MLFQ,6507,5555,59,27466,414624,409010,409069,21911
MLFQ,9548,5558,11,27470,102576,97007,97018,21912
MLFQ,4345,5558,32,27474,260690,255100,255132,21916
MLFQ,4619,5558,70,27478,456208,450580,450650,21920
MLFQ,7390,5559,93,27486,495735,490083,490176,21927
MLFQ,9321,5559,66,27490,444004,438379,438445,21931
MLFQ,7589,5560,67,27494,444007,438380,438447,21934
MLFQ,5355,5560,39,27498,312827,307228,307267,21938
MLFQ,7043,5560,58,27502,414646,409028,409086,21942
MLFQ,871,5560,81,27506,483297,477656,477737,21946
MLFQ,2460,5560,37,27510,312836,307239,307276,21950
MLFQ,8918,5563,2,27518,27520,21955,21957,21955
MLFQ,3155,5565,51,27520,379000,373384,373435,21955
MLFQ,5672,5565,61,27524,430125,424499,424560,21959
MLFQ,695,5565,74,27528,466852,461213,461287,21963
MLFQ,6386,5565,49,27532,379009,373395,373444,21967
MLFQ,958,5567,12,27540,102640,97061,97073,21973
MLFQ,747,5569,73,27544,466853,461211,461284,21975
MLFQ,2610,5569,12,27548,102648,97067,97079,21979
MLFQ,4368,5570,9,27552,102649,97070,97079,21982
MLFQ,3201,5571,99,27560,496874,491204,491303,21989
MLFQ,4998,5573,83,27564,483304,477648,477731,21991
MLFQ,3241,5574,81,27568,483305,477650,477731,21994
MLFQ,8104,5574,60,27572,414682,409048,409108,21998
MLFQ,3158,5575,51,27580,379037,373411,373462,22005
MLFQ,161,5575,31,27584,260777,255171,255202,22009
MLFQ,6930,5577,73,27588,466868,461218,461291,22011
MLFQ,7646,5578,92,27592,493194,487524,487616,22014
MLFQ,4790,5578,38,27596,312894,307278,307316,22018
MLFQ,9,5578,95,27600,495742,490069,490164,22022
MLFQ,7227,5579,46,27608,358681,353056,353102,22029
MLFQ,6408,5580,36,27612,287663,282047,282083,22032
MLFQ,5014,5581,23,27616,202575,196971,196994,22035
MLFQ,8518,5582,28,27620,232482,226872,226900,22038
MLFQ,5766,5583,81,27628,483314,477650,477731,22045
MLFQ,6529,5585,94,27632,495744,490065,490159,22047
MLFQ,3172,5585,7,27636,65968,60376,60383,22051
MLFQ,772,5585,83,27640,483321,477653,477736,22055
MLFQ,5444,5585,50,27644,379063,373428,373478,22059
MLFQ,5596,5586,18,27648,171022,165418,165436,22062
MLFQ,2354,5588,95,27656,495747,490064,490159,22068
MLFQ,1061,5588,94,27660,495749,490067,490161,22072
MLFQ,532,5588,6,27664,65994,60400,60406,22076
MLFQ,6422,5588,15,27668,137721,132118,132133,22080
MLFQ,3170,5590,47,27672,358716,353079,353126,22082
MLFQ,9243,5591,11,27680,102768,97166,97177,22089
MLFQ,2467,5591,76,27684,466902,461235,461311,22093
MLFQ,153,5592,57,27688,414723,409074,409131,22096
MLFQ,1846,5592,58,27692,414725,409075,409133,22100
MLFQ,4418,5592,79,27696,475894,470223,470302,22104
MLFQ,259,5592,40,27700,312962,307330,307370,22108
MLFQ,4969,5593,48,27704,358736,353095,353143,22111
MLFQ,5078,5594,79,27708,475897,470224,470303,22114
MLFQ,5711,5596,63,27716,430200,424541,424604,22120
MLFQ,343,5596,77,27720,475898,470225,470302,22124
MLFQ,7539,5599,20,27728,171090,165471,165491,22129
MLFQ,7798,5599,47,27732,358755,353109,353156,22133
MLFQ,5146,5599,13,27736,137782,132170,132183,22137
MLFQ,6008,5599,31,27740,260892,255262,255293,22141
MLFQ,294,5600,81,27744,483330,477649,477730,22144
MLFQ,5409,5602,45,27748,358760,353113,353158,22146
MLFQ,5661,5603,44,27756,336734,331087,331131,22153
MLFQ,1266,5604,45,27760,358761,353112,353157,22156
MLFQ,5255,5606,45,27764,358762,353111,353156,22158
MLFQ,8554,5606,3,27768,27771,22162,22165,22162
MLFQ,5698,5607,69,27775,456305,450629,450698,22168
MLFQ,9391,5607,13,27779,137819,132199,132212,22172
MLFQ,2245,5607,88,27783,489110,483415,483503,22176
MLFQ,7598,5609,41,27787,336755,331105,331146,22178
MLFQ,6927,5611,65,27795,444108,438432,438497,22184
MLFQ,8599,5611,69,27799,456310,450630,450699,22188
MLFQ,5179,5615,22,27807,202725,197088,197110,22192
MLFQ,8300,5615,23,27811,202728,197090,197113,22196
MLFQ,6514,5616,19,27815,171165,165530,165549,22199
MLFQ,5497,5618,82,27819,483340,477640,477722,22201
MLFQ,3936,5618,19,27823,171172,165535,165554,22205
MLFQ,95,5618,54,27827,397767,392095,392149,22209
MLFQ,2964,5619,80,27835,475920,470221,470301,22216
MLFQ,1123,5619,16,27839,137879,132244,132260,22220
MLFQ,1152,5619,84,27843,483344,477641,477725,22224
MLFQ,3226,5621,13,27847,137884,132250,132263,22226
MLFQ,5475,5622,20,27851,171192,165550,165570,22229
MLFQ,851,5622,77,27855,475925,470226,470303,22233
MLFQ,8025,5622,93,27859,495750,490035,490128,22237
MLFQ,2401,5624,61,27867,430253,424568,424629,22243
MLFQ,2882,5624,91,27871,493217,487502,487593,22247
MLFQ,351,5625,92,27875,493221,487504,487596,22250
MLFQ,2686,5626,47,27879,358833,353160,353207,22253
MLFQ,4010,5626,26,27883,232672,227020,227046,22257
MLFQ,1528,5626,3,27887,27890,22261,22264,22261
MLFQ,3924,5628,4,27894,27898,22266,22270,22266
MLFQ,6363,5629,48,27898,358837,353160,353208,22269
MLFQ,4243,5630,19,27902,171231,165582,165601,22272
MLFQ,1681,5631,31,27910,261001,255339,255370,22279
MLFQ,3713,5633,45,27914,358838,353160,353205,22281
MLFQ,4764,5634,59,27918,414806,409113,409172,22284
MLFQ,3531,5634,89,27922,493222,487499,487588,22288
MLFQ,6274,5636,37,27930,313106,307433,307470,22294
MLFQ,3382,5637,14,27934,137958,132307,132321,22297
MLFQ,9216,5640,76,27938,466966,461250,461326,22298
MLFQ,8283,5641,68,27942,444152,438443,438511,22301
MLFQ,7238,5643,41,27950,336841,331157,331198,22307
MLFQ,507,5644,78,27954,475943,470221,470299,22310
MLFQ,9604,5644,83,27958,483363,477636,477719,22314
MLFQ,616,5645,63,27962,430284,424576,424639,22317
MLFQ,6165,5645,24,27966,202840,197171,197195,22321
MLFQ,8511,5646,2,27970,27972,22324,22326,22324
MLFQ,3122,5647,50,27976,379209,373512,373562,22329
MLFQ,6655,5648,90,27980,493224,487486,487576,22332
MLFQ,5350,5649,89,27984,493225,487487,487576,22335
MLFQ,7397,5649,62,27988,430294,424583,424645,22339
MLFQ,5479,5650,31,27992,261068,255387,255418,22342
MLFQ,1555,5655,17,28004,171320,165648,165665,22349
MLFQ,2067,5656,2,28008,28010,22352,22354,22352
MLFQ,1520,5658,27,28010,232766,227081,227108,22352
MLFQ,8282,5660,56,28018,397851,392135,392191,22358
MLFQ,7380,5660,62,28022,430304,424582,424644,22362
MLFQ,4149,5660,96,28026,495754,489998,490094,22366
MLFQ,2684,5661,36,28030,287943,282246,282282,22369
MLFQ,5200,5663,29,28038,261097,255405,255434,22375
MLFQ,9855,5664,22,28042,202905,197219,197241,22378
MLFQ,9295,5664,56,28046,397863,392143,392199,22382
MLFQ,6704,5666,65,28050,444179,438448,438513,22384
MLFQ,2953,5668,14,28058,138072,132390,132404,22390
MLFQ,3835,5668,43,28062,336905,331194,331237,22394
MLFQ,3095,5668,99,28066,496877,491110,491209,22398
MLFQ,4118,5669,68,28070,444187,438450,438518,22401
MLFQ,2811,5670,84,28074,483383,477629,477713,22404
MLFQ,6535,5670,15,28078,138091,132406,132421,22408
MLFQ,2117,5671,58,28086,414884,409155,409213,22415
MLFQ,9129,5672,4,28090,28094,22418,22422,22418
MLFQ,9896,5672,70,28094,456380,450638,450708,22422
MLFQ,3230,5672,97,28098,496878,491109,491206,22426
MLFQ,4968,5672,78,28102,475976,470226,470304,22430
MLFQ,5290,5673,30,28106,261147,255444,255474,22433
MLFQ,5023,5675,72,28114,456396,450649,450721,22439
MLFQ,2452,5675,63,28118,430353,424615,424678,22443
MLFQ,64,5675,35,28122,288006,282296,282331,22447
MLFQ,6726,5676,57,28126,414909,409176,409233,22450
MLFQ,7123,5677,79,28130,475979,470223,470302,22453
MLFQ,3563,5679,33,28138,288019,282307,282340,22459
MLFQ,6057,5680,26,28142,232876,227170,227196,22462
MLFQ,7198,5682,13,28146,138152,132457,132470,22464
MLFQ,6185,5682,5,28150,66458,60771,60776,22468
MLFQ,8196,5684,32,28155,261183,255467,255499,22471
MLFQ,3368,5685,38,28159,313248,307525,307563,22474
MLFQ,3138,5686,64,28163,430361,424611,424675,22477
MLFQ,1368,5690,18,28171,171462,165754,165772,22481
MLFQ,3341,5690,78,28175,475981,470213,470291,22485
MLFQ,377,5691,14,28180,138178,132473,132487,22489
MLFQ,8780,5692,47,28184,358981,353242,353289,22492
MLFQ,8915,5692,25,28188,232901,227184,227209,22496
MLFQ,9977,5692,57,28192,414922,409173,409230,22500
MLFQ,2130,5693,93,28196,495763,489977,490070,22503
MLFQ,3700,5693,33,28200,288048,282322,282355,22507
MLFQ,6050,5694,75,28204,467024,461255,461330,22510
MLFQ,7235,5694,17,28208,171491,165780,165797,22514
MLFQ,3784,5694,47,28212,358996,353255,353302,22518
MLFQ,7819,5695,1,28220,28221,22525,22526,22525
MLFQ,4797,5695,21,28221,203046,197330,197351,22526
MLFQ,5123,5696,32,28225,261227,255499,255531,22529
MLFQ,9483,5697,1,28229,28230,22532,22533,22532
MLFQ,4523,5698,35,28230,288059,282326,282361,22532
MLFQ,1926,5699,21,28238,203055,197335,197356,22539
MLFQ,268,5699,72,28242,456416,450645,450717,22543
MLFQ,1962,5699,20,28246,171525,165806,165826,22547
MLFQ,9949,5704,11,28254,103310,97595,97606,22550
MLFQ,1814,5704,5,28258,66559,60850,60855,22554
MLFQ,6201,5705,32,28262,261239,255502,255534,22557
MLFQ,5433,5708,52,28270,379341,373581,373633,22562
MLFQ,4103,5710,22,28274,203077,197345,197367,22564
MLFQ,652,5713,83,28282,483398,477602,477685,22569
MLFQ,2722,5717,99,28287,496881,491065,491164,22570
MLFQ,5768,5718,81,28291,483403,477604,477685,22573
MLFQ,6240,5720,90,28299,493251,487441,487531,22579
MLFQ,7357,5720,37,28303,313313,307556,307593,22583
MLFQ,8900,5720,58,28307,414956,409178,409236,22587
MLFQ,3439,5722,35,28311,288102,282345,282380,22589
MLFQ,1722,5724,55,28319,397981,392202,392257,22595
MLFQ,9755,5724,5,28323,66620,60891,60896,22599
MLFQ,6493,5724,98,28327,496883,491061,491159,22603
MLFQ,470,5726,14,28331,138312,132572,132586,22605
MLFQ,6856,5728,57,28339,414969,409184,409241,22611
MLFQ,9345,5729,7,28343,66639,60903,60910,22614
MLFQ,5549,5730,25,28347,233006,227251,227276,22617
MLFQ,5407,5730,74,28351,467058,461254,461328,22621
MLFQ,9961,5731,74,28359,467064,461259,461333,22628
MLFQ,5598,5731,15,28363,138339,132593,132608,22632
MLFQ,1018,5732,78,28367,476023,470213,470291,22635
MLFQ,461,5732,97,28371,496884,491055,491152,22639
MLFQ,8803,5733,49,28375,379403,373621,373670,22642
MLFQ,5,5734,47,28379,359079,353298,353345,22645
MLFQ,4735,5737,27,28387,233037,227273,227300,22650
MLFQ,3197,5738,37,28391,313366,307591,307628,22653
MLFQ,7167,5738,69,28395,456469,450662,450731,22657
MLFQ,3834,5738,47,28399,359086,353301,353348,22661
MLFQ,6616,5739,18,28407,171655,165898,165916,22668
MLFQ,9713,5740,61,28411,430438,424637,424698,22671
MLFQ,9945,5741,77,28415,476028,470210,470287,22674
MLFQ,4160,5741,14,28419,138393,132638,132652,22678
MLFQ,960,5742,6,28423,66717,60969,60975,22681
MLFQ,2928,5744,17,28431,171668,165907,165924,22687
MLFQ,484,5745,20,28435,171672,165907,165927,22690
MLFQ,9906,5745,76,28439,467084,461263,461339,22694
MLFQ,818,5750,28,28447,233073,227295,227323,22697
MLFQ,4254,5750,87,28451,489180,483343,483430,22701
MLFQ,8072,5752,68,28459,444308,438488,438556,22707
MLFQ,1919,5752,63,28463,430461,424646,424709,22711
MLFQ,5509,5753,57,28467,415026,409216,409273,22714
MLFQ,3566,5754,19,28471,171707,165934,165953,22717
MLFQ,6418,5755,74,28479,467090,461261,461335,22724
MLFQ,7974,5755,56,28483,398061,392250,392306,22728
MLFQ,3714,5755,41,28487,337131,331335,331376,22732
MLFQ,9893,5756,80,28491,476036,470200,470280,22735
MLFQ,8755,5756,79,28495,476039,470204,470283,22739
MLFQ,1781,5757,24,28499,203248,197467,197491,22742
MLFQ,225,5759,22,28507,203250,197469,197491,22748
MLFQ,1235,5760,86,28511,489182,483336,483422,22751
MLFQ,955,5765,59,28519,415048,409224,409283,22754
MLFQ,8802,5769,46,28527,359154,353339,353385,22758
MLFQ,2079,5772,78,28535,476045,470195,470273,22763
MLFQ,8437,5773,38,28539,313456,307645,307683,22766
MLFQ,2522,5774,32,28543,261429,255623,255655,22769
MLFQ,3124,5776,75,28551,467109,461258,461333,22775
MLFQ,1544,5776,89,28555,493263,487398,487487,22779
MLFQ,2090,5777,81,28559,483439,477581,477662,22782
MLFQ,3234,5777,60,28563,415068,409231,409291,22786
MLFQ,9205,5778,13,28567,138528,132737,132750,22789
MLFQ,992,5779,66,28575,444346,438501,438567,22796
MLFQ,2646,5779,33,28579,288275,282463,282496,22800
MLFQ,8029,5780,69,28583,456522,450673,450742,22803
MLFQ,4167,5780,75,28587,467124,461269,461344,22807
MLFQ,8050,5781,77,28591,476058,470200,470277,22810
MLFQ,2029,5782,48,28595,359198,353368,353416,22813
MLFQ,9531,5782,45,28599,359199,353372,353417,22817
MLFQ,7199,5782,43,28603,337208,331383,331426,22821
MLFQ,3922,5783,28,28611,233210,227399,227427,22828
MLFQ,8110,5783,95,28615,495779,489901,489996,22832
MLFQ,2256,5784,39,28619,313519,307696,307735,22835
MLFQ,6867,5785,13,28623,138581,132783,132796,22838
MLFQ,3701,5788,92,28631,493271,487391,487483,22843
MLFQ,961,5788,53,28635,398134,392293,392346,22847
MLFQ,9766,5789,82,28639,483450,477579,477661,22850
MLFQ,3145,5789,8,28643,66937,61140,61148,22854
MLFQ,9122,5790,42,28647,337232,331400,331442,22857
MLFQ,9561,5790,71,28651,456549,450688,450759,22861
MLFQ,190,5791,7,28659,66952,61154,61161,22868
MLFQ,1592,5791,41,28663,337241,331409,331450,22872
MLFQ,7253,5791,44,28667,337245,331410,331454,22876
MLFQ,7910,5791,9,28671,103696,97896,97905,22880
MLFQ,3199,5793,27,28675,233257,227437,227464,22882
MLFQ,9514,5794,14,28679,138623,132815,132829,22885
MLFQ,6982,5795,52,28687,379547,373700,373752,22892
MLFQ,7299,5796,26,28691,233267,227445,227471,22895
MLFQ,1179,5796,59,28695,415119,409264,409323,22899
MLFQ,1093,5797,46,28699,359241,353398,353444,22902
MLFQ,1564,5797,7,28703,66995,61191,61198,22906
MLFQ,5279,5798,15,28707,138646,132833,132848,22909
MLFQ,8583,5799,1,28715,28716,22916,22917,22916
MLFQ,344,5801,45,28716,359242,353396,353441,22915
MLFQ,5931,5801,73,28720,467149,461275,461348,22919
MLFQ,3045,5806,82,28728,483456,477568,477650,22922
MLFQ,2835,5806,57,28732,415128,409265,409322,22926
MLFQ,5671,5806,48,28736,359258,353404,353452,22930
MLFQ,4977,5807,42,28744,337283,331434,331476,22937
MLFQ,3709,5808,58,28748,415130,409264,409322,22940
MLFQ,2786,5808,38,28752,313601,307755,307793,22944
MLFQ,3533,5810,41,28756,337288,331437,331478,22946
MLFQ,5604,5810,34,28760,288401,282557,282591,22950
MLFQ,792,5811,47,28768,359265,353407,353454,22957
MLFQ,5254,5811,9,28772,103787,97967,97976,22961
MLFQ,6277,5812,8,28776,67067,61247,61255,22964
MLFQ,6613,5816,34,28784,288407,282557,282591,22968
MLFQ,3298,5818,99,28788,496887,490970,491069,22970
MLFQ,6076,5818,39,28792,313616,307759,307798,22974
MLFQ,5664,5818,8,28796,67087,61261,61269,22978
MLFQ,6562,5819,56,28804,398182,392307,392363,22985
MLFQ,6830,5820,42,28808,337306,331444,331486,22988
MLFQ,7453,5822,96,28812,495787,489869,489965,22990
MLFQ,2813,5823,92,28820,493283,487368,487460,22997
MLFQ,5855,5823,81,28824,483473,477569,477650,23001
MLFQ,9857,5824,11,28828,103834,97999,98010,23004
MLFQ,8797,5827,33,28836,288448,282588,282621,23009
MLFQ,2717,5827,40,28840,313652,307785,307825,23013
MLFQ,2164,5827,58,28844,415160,409275,409333,23017
MLFQ,8762,5829,43,28848,337333,331461,331504,23019
MLFQ,8847,5830,69,28852,456590,450691,450760,23022
MLFQ,5336,5831,27,28860,233390,227532,227559,23029
MLFQ,4475,5831,18,28864,172035,166186,166204,23033
MLFQ,3221,5832,9,28868,103871,98030,98039,23036
MLFQ,7283,5835,92,28876,493287,487360,487452,23041
MLFQ,6246,5839,85,28884,489215,483291,483376,23045
MLFQ,7252,5839,95,28888,495790,489856,489951,23049
MLFQ,5938,5840,85,28892,489220,483295,483380,23052
MLFQ,3223,5842,74,28896,467193,461277,461351,23054
MLFQ,8696,5844,87,28904,489223,483292,483379,23060
MLFQ,3070,5845,78,28908,476124,470201,470279,23063
MLFQ,8939,5845,10,28912,103913,98058,98068,23067
MLFQ,4407,5850,87,28920,489226,483289,483376,23070
MLFQ,6578,5851,76,28928,467213,461286,461362,23077
MLFQ,9408,5851,35,28932,288523,282637,282672,23081
MLFQ,324,5854,65,28936,444470,438551,438616,23082
MLFQ,8810,5854,83,28940,483503,477566,477649,23086
MLFQ,184,5855,9,28948,103942,98078,98087,23093
MLFQ,4955,5856,31,28952,261731,255844,255875,23096
MLFQ,157,5864,59,28964,415227,409304,409363,23100
MLFQ,4232,5866,98,28968,496889,490925,491023,23102
MLFQ,3026,5867,32,28976,261747,255848,255880,23109
MLFQ,5183,5867,15,28980,138877,132995,133010,23113
MLFQ,8656,5868,47,28984,359380,353465,353512,23116
MLFQ,4504,5869,21,28988,203632,197742,197763,23119
MLFQ,808,5870,20,28992,172139,166249,166269,23122
MLFQ,8672,5872,42,29000,337419,331505,331547,23128
MLFQ,9198,5873,81,29004,483508,477554,477635,23131
MLFQ,9337,5873,90,29008,493297,487334,487424,23135
MLFQ,8693,5873,39,29012,313760,307848,307887,23139
MLFQ,8589,5874,59,29016,415248,409315,409374,23142
MLFQ,4804,5874,8,29020,67309,61427,61435,23146
MLFQ,5013,5874,22,29024,203658,197762,197784,23150
MLFQ,7006,5875,31,29032,261782,255876,255907,23157
MLFQ,4049,5876,95,29036,495797,489826,489921,23160
MLFQ,9469,5876,49,29040,379704,373779,373828,23164
MLFQ,1167,5877,6,29044,67331,61448,61454,23167
MLFQ,4817,5877,48,29048,359412,353487,353535,23171
MLFQ,450,5878,49,29052,379705,373778,373827,23174
MLFQ,2533,5879,36,29060,288599,282684,282720,23181
MLFQ,438,5881,97,29064,496890,490912,491009,23183
MLFQ,5277,5882,1,29068,29069,23186,23187,23186
MLFQ,5801,5882,4,29069,29073,23187,23191,23187
MLFQ,4556,5884,57,29077,415261,409320,409377,23193
MLFQ,2162,5887,50,29085,379719,373782,373832,23198
MLFQ,2850,5889,83,29089,483523,477551,477634,23200
MLFQ,9041,5890,47,29093,359439,353502,353549,23203
MLFQ,2357,5891,81,29097,483524,477552,477633,23206
MLFQ,6342,5892,7,29101,67378,61479,61486,23209
MLFQ,98,5892,35,29105,288626,282699,282734,23213
MLFQ,1727,5895,17,29113,172236,166324,166341,23218
MLFQ,1263,5895,7,29117,67393,61491,61498,23222
MLFQ,288,5895,53,29121,398331,392383,392436,23226
MLFQ,1723,5897,78,29125,476166,470191,470269,23228
MLFQ,9901,5897,96,29129,495807,489814,489910,23232
MLFQ,4598,5898,65,29137,444520,438557,438622,23239
MLFQ,9033,5899,96,29141,495811,489816,489912,23242
MLFQ,2071,5901,82,29145,483538,477555,477637,23244
MLFQ,4841,5901,39,29149,313847,307907,307946,23248
MLFQ,9084,5901,11,29153,104120,98208,98219,23252
MLFQ,9473,5901,91,29157,493320,487328,487419,23256
MLFQ,8545,5902,26,29165,233617,227689,227715,23263
MLFQ,3218,5904,6,29169,67443,61533,61539,23265
MLFQ,4635,5904,20,29173,172284,166360,166380,23269
MLFQ,6675,5904,62,29177,430710,424744,424806,23273
MLFQ,2582,5906,28,29185,233629,227695,227723,23279
MLFQ,7991,5906,4,29189,29193,23283,23287,23283
MLFQ,2914,5906,4,29193,29197,23287,23291,23287
MLFQ,7387,5906,38,29197,313864,307920,307958,23291
MLFQ,2065,5907,49,29201,379772,373816,373865,23294
MLFQ,8376,5909,26,29205,233639,227704,227730,23296
MLFQ,5367,5911,24,29213,203802,197867,197891,23302
MLFQ,3694,5911,91,29217,493323,487321,487412,23306
MLFQ,8603,5912,43,29221,337538,331583,331626,23309
MLFQ,1280,5913,17,29225,172325,166395,166412,23312
MLFQ,9270,5914,98,29233,496892,490880,490978,23319
MLFQ,145,5915,33,29237,288703,282755,282788,23322
MLFQ,7641,5917,93,29241,495816,489806,489899,23324
MLFQ,510,5917,61,29245,430731,424753,424814,23328
MLFQ,4384,5918,5,29253,67516,61593,61598,23335
MLFQ,6214,5918,82,29257,483562,477562,477644,23339
MLFQ,5022,5919,39,29261,313899,307941,307980,23342
MLFQ,363,5919,83,29265,483565,477563,477646,23346
MLFQ,8107,5920,64,29269,430743,424759,424823,23349
MLFQ,2656,5925,51,29277,379811,373835,373886,23352
MLFQ,2301,5926,21,29285,203859,197912,197933,23359
MLFQ,3075,5929,25,29289,233700,227746,227771,23360
MLFQ,4892,5929,66,29293,444570,438575,438641,23364
MLFQ,6403,5930,87,29301,489279,483262,483349,23371
MLFQ,5198,5930,66,29305,444576,438580,438646,23375
MLFQ,8704,5931,40,29309,313935,307964,308004,23378
MLFQ,3535,5934,25,29317,233725,227766,227791,23383
MLFQ,6198,5935,72,29321,456733,450726,450798,23386
MLFQ,9909,5938,50,29327,379833,373845,373895,23389
MLFQ,8262,5938,19,29331,172420,166463,166482,23393
MLFQ,8574,5938,5,29335,67593,61650,61655,23397
MLFQ,8697,5939,53,29339,398424,392432,392485,23400
MLFQ,3366,5939,30,29343,261992,256023,256053,23404
MLFQ,3689,5941,55,29347,398427,392431,392486,23406
MLFQ,1199,5941,40,29351,313959,307978,308018,23410
MLFQ,4061,5944,73,29359,467306,461289,461362,23415
MLFQ,9549,5944,62,29363,430773,424767,424829,23419
MLFQ,2258,5946,94,29371,495821,489781,489875,23425
MLFQ,9103,5947,67,29375,444591,438577,438644,23428
MLFQ,9571,5947,1,29379,29380,23432,23433,23432
MLFQ,2092,5947,75,29380,467313,461291,461366,23433
MLFQ,402,5949,69,29384,456746,450728,450797,23435
MLFQ,3191,5951,2,29392,29394,23441,23443,23441
MLFQ,4009,5951,30,29394,262034,256053,256083,23443
MLFQ,920,5951,2,29398,29400,23447,23449,23447
MLFQ,5741,5953,33,29400,288814,282828,282861,23447
MLFQ,4903,5953,78,29404,476224,470193,470271,23451
MLFQ,1107,5954,47,29412,359601,353600,353647,23458
MLFQ,9464,5955,25,29416,233806,227826,227851,23461
MLFQ,6761,5956,30,29420,262052,256066,256096,23464
MLFQ,6944,5956,37,29424,314000,308007,308044,23468
MLFQ,4834,5956,20,29428,172508,166532,166552,23472
MLFQ,8247,5956,66,29432,444609,438587,438653,23476
MLFQ,9867,5957,11,29436,104375,98407,98418,23479
MLFQ,8725,5958,35,29444,288841,282848,282883,23486
MLFQ,1007,5959,5,29448,67698,61734,61739,23489
MLFQ,7463,5959,46,29452,359611,353606,353652,23493
MLFQ,6178,5961,28,29456,233834,227845,227873,23495
MLFQ,2036,5962,7,29464,67713,61744,61751,23502
MLFQ,867,5966,92,29470,493343,487285,487377,23504
MLFQ,5861,5966,69,29474,456763,450728,450797,23508
MLFQ,9300,5967,51,29478,379892,373874,373925,23511
MLFQ,5070,5968,60,29482,415417,409389,409449,23514
MLFQ,9027,5968,95,29486,495824,489761,489856,23518
MLFQ,9232,5969,21,29490,204024,198034,198055,23521
MLFQ,5680,5969,13,29494,139316,133334,133347,23525
MLFQ,9011,5969,91,29498,493350,487290,487381,23529
MLFQ,744,5971,96,29506,495828,489761,489857,23535
MLFQ,6293,5972,58,29510,415435,409405,409463,23538
MLFQ,7409,5972,17,29514,172569,166580,166597,23542
MLFQ,3422,5973,43,29518,337693,331677,331720,23545
MLFQ,5436,5974,3,29526,29529,23552,23555,23552
MLFQ,1056,5975,30,29529,262118,256113,256143,23554
MLFQ,2483,5976,75,29533,467347,461296,461371,23557
MLFQ,7792,5976,86,29537,489305,483243,483329,23561
MLFQ,584,5977,14,29541,139358,133367,133381,23564
MLFQ,9466,5977,87,29545,489308,483244,483331,23568
MLFQ,123,5977,99,29549,496895,490819,490918,23572
MLFQ,2244,5978,45,29557,359667,353644,353689,23579
MLFQ,5399,5979,56,29561,398519,392484,392540,23582
MLFQ,5278,5982,55,29569,398522,392485,392540,23587
MLFQ,4911,5983,97,29573,496896,490816,490913,23590
MLFQ,7168,5984,30,29577,262153,256139,256169,23593
MLFQ,941,5984,31,29581,262156,256141,256172,23597
MLFQ,8536,5985,49,29585,379945,373911,373960,23600
MLFQ,347,5986,12,29593,104519,98521,98533,23607
MLFQ,1151,5986,4,29597,29601,23611,23615,23611
MLFQ,7644,5988,49,29601,379946,373909,373958,23613
MLFQ,6954,5988,95,29605,495839,489756,489851,23617
MLFQ,7659,5988,40,29609,314108,308080,308120,23621
MLFQ,492,5988,97,29613,496897,490812,490909,23625
MLFQ,681,5989,3,29617,29620,23628,23631,23628
MLFQ,8132,5991,65,29624,444666,438610,438675,23633
MLFQ,3994,5991,93,29628,495844,489760,489853,23637
MLFQ,7465,5993,1,29632,29633,23639,23640,23639
MLFQ,7617,5993,81,29633,483626,477552,477633,23640
MLFQ,6016,5994,48,29641,359711,353669,353717,23647
MLFQ,2311,5995,76,29645,467383,461312,461388,23650
MLFQ,7706,5997,18,29649,172682,166667,166685,23652
MLFQ,2370,5997,1,29653,29654,23656,23657,23656
MLFQ,690,5997,89,29654,493375,487289,487378,23657
MLFQ,9111,6000,58,29662,415485,409427,409485,23662
MLFQ,5769,6001,52,29666,379982,373929,373981,23665
MLFQ,360,6002,6,29674,67907,61899,61905,23672
MLFQ,4012,6003,19,29678,172705,166683,166702,23675
MLFQ,5659,6004,23,29682,204171,198144,198167,23678
MLFQ,9036,6005,87,29686,489335,483243,483330,23681
MLFQ,8856,6007,76,29694,467398,461315,461391,23687
MLFQ,2146,6007,19,29698,172724,166698,166717,23691
MLFQ,5530,6008,27,29702,234013,227978,228005,23694
MLFQ,4738,6009,21,29706,204188,198158,198179,23697
MLFQ,4588,6009,60,29710,415505,409436,409496,23701
MLFQ,7787,6009,40,29714,314168,308119,308159,23705
MLFQ,9986,6010,23,29722,204203,198170,198193,23712
MLFQ,5034,6010,41,29726,337806,331755,331796,23716
MLFQ,9365,6010,49,29730,380007,373948,373997,23720
MLFQ,1879,6012,26,29734,234035,227997,228023,23722
MLFQ,6957,6014,88,29742,489339,483237,483325,23728
MLFQ,275,6015,48,29746,359763,353700,353748,23731
MLFQ,1096,6016,85,29750,489340,483239,483324,23734
MLFQ,6919,6016,88,29754,489344,483240,483328,23738
MLFQ,7964,6017,78,29758,476299,470204,470282,23741
MLFQ,133,6019,3,29766,29769,23747,23750,23747
MLFQ,2315,6019,24,29769,204247,198204,198228,23750
MLFQ,5313,6019,24,29773,204251,198208,198232,23754
MLFQ,6265,6022,49,29781,380028,373957,374006,23759
MLFQ,1011,6024,80,29785,476307,470203,470283,23761
MLFQ,9936,6025,22,29789,204265,198218,198240,23764
MLFQ,9838,6026,19,29797,172819,166774,166793,23771
MLFQ,4277,6026,82,29801,483652,477544,477626,23775
MLFQ,3539,6028,87,29805,489351,483236,483323,23777
MLFQ,8339,6028,6,29809,68037,62003,62009,23781
MLFQ,976,6028,47,29813,359802,353727,353774,23785
MLFQ,6779,6030,5,29821,68046,62011,62016,23791
MLFQ,9669,6030,77,29825,476316,470209,470286,23795
MLFQ,6039,6031,63,29829,430940,424846,424909,23798
MLFQ,2865,6031,11,29833,104734,98692,98703,23802
MLFQ,758,6031,44,29837,337874,331799,331843,23806
MLFQ,8941,6032,53,29841,398629,392544,392597,23809
MLFQ,9580,6032,90,29845,493381,487259,487349,23813
MLFQ,4114,6033,98,29849,496899,490768,490866,23816
MLFQ,7458,6033,2,29853,29855,23820,23822,23820
MLFQ,3610,6033,59,29855,415564,409472,409531,23822
MLFQ,9373,6034,76,29863,467447,461337,461413,23829
MLFQ,4259,6034,13,29867,139647,133600,133613,23833
MLFQ,9537,6034,74,29871,467449,461341,461415,23837
MLFQ,7605,6035,90,29875,493387,487262,487352,23840
MLFQ,8292,6035,44,29879,337906,331827,331871,23844
MLFQ,1141,6035,72,29883,456905,450798,450870,23848
MLFQ,2160,6036,94,29887,495853,489723,489817,23851
MLFQ,9504,6037,9,29891,104787,98741,98750,23854
MLFQ,3897,6038,70,29899,456915,450807,450877,23861
MLFQ,893,6038,20,29903,172903,166845,166865,23865
MLFQ,8720,6038,32,29907,262377,256307,256339,23869
MLFQ,4158,6039,2,29911,29913,23872,23874,23872
MLFQ,5426,6040,58,29913,415594,409496,409554,23873
MLFQ,5620,6040,24,29917,204361,198297,198321,23877
MLFQ,2655,6040,40,29921,314304,308224,308264,23881
MLFQ,7078,6041,69,29925,456916,450806,450875,23884
MLFQ,641,6042,67,29933,444785,438676,438743,23891
MLFQ,3666,6043,18,29937,172933,166872,166890,23894
MLFQ,3174,6046,94,29945,495855,489715,489809,23899
MLFQ,4141,6047,14,29949,139717,133656,133670,23902
MLFQ,1597,6047,4,29953,29957,23906,23910,23906
MLFQ,2824,6048,46,29957,359880,353786,353832,23909
MLFQ,6061,6048,66,29961,444791,438677,438743,23913
MLFQ,2638,6049,86,29965,489373,483238,483324,23916
MLFQ,4658,6049,86,29969,489375,483240,483326,23920
MLFQ,1736,6052,36,29977,289173,283085,283121,23925
MLFQ,2417,6052,14,29981,139739,133673,133687,23929
MLFQ,7594,6054,60,29989,415626,409512,409572,23935
MLFQ,5732,6054,70,29993,456934,450810,450880,23939
MLFQ,4223,6055,51,29997,380144,374038,374089,23942
MLFQ,3187,6056,45,30001,359909,353808,353853,23945
MLFQ,6888,6058,29,30009,262446,256359,256388,23951
MLFQ,1849,6059,59,30013,415633,409515,409574,23954
MLFQ,4304,6059,53,30017,398714,392602,392655,23958
MLFQ,1553,6059,78,30021,476354,470217,470295,23962
MLFQ,5471,6060,37,30025,314373,308276,308313,23965
MLFQ,2558,6063,87,30033,489378,483228,483315,23970
MLFQ,6723,6065,66,30037,444817,438686,438752,23972
MLFQ,9990,6065,7,30041,68255,62183,62190,23976
MLFQ,4262,6065,72,30045,456946,450809,450881,23980
MLFQ,3041,6068,56,30053,398742,392618,392674,23985
MLFQ,9879,6071,65,30061,444826,438690,438755,23990
MLFQ,7013,6073,12,30065,104947,98862,98874,23992
MLFQ,9957,6078,6,30077,68289,62205,62211,23999
MLFQ,1664,6078,42,30081,338032,331912,331954,24003
MLFQ,4605,6078,62,30085,431038,424898,424960,24007
MLFQ,5480,6079,19,30089,173048,166950,166969,24010
MLFQ,4004,6079,74,30093,467491,461338,461412,24014
MLFQ,4292,6079,59,30097,415679,409541,409600,24018
MLFQ,5824,6080,48,30101,359977,353849,353897,24021
MLFQ,9445,6081,68,30105,444834,438685,438753,24024
MLFQ,6642,6082,15,30113,139856,133759,133774,24031
MLFQ,1616,6082,14,30117,139858,133762,133776,24035
MLFQ,9047,6083,53,30121,398775,392639,392692,24038
MLFQ,7432,6085,15,30125,139865,133765,133780,24040
MLFQ,6114,6085,17,30129,173073,166971,166988,24044
MLFQ,1796,6089,5,30137,68346,62252,62257,24048
MLFQ,5237,6089,25,30141,234324,228210,228235,24052
MLFQ,1614,6090,71,30149,456957,450796,450867,24059
MLFQ,757,6090,11,30153,105026,98925,98936,24063
MLFQ,3296,6091,66,30157,444840,438683,438749,24066
MLFQ,3206,6091,83,30161,483697,477523,477606,24070
MLFQ,9361,6092,20,30165,173101,166989,167009,24073
MLFQ,7002,6093,43,30169,338083,331947,331990,24076
MLFQ,3236,6093,2,30173,30175,24080,24082,24080
MLFQ,4326,6094,75,30175,467498,461329,461404,24081
MLFQ,2066,6097,39,30183,314476,308340,308379,24086
MLFQ,6506,6099,32,30187,262570,256439,256471,24088
MLFQ,2013,6099,21,30191,204558,198438,198459,24092
MLFQ,1732,6099,38,30195,314478,308341,308379,24096
MLFQ,4612,6100,90,30203,493397,487207,487297,24103
MLFQ,3399,6102,68,30207,444860,438690,438758,24105
MLFQ,318,6102,92,30211,493401,487207,487299,24109
MLFQ,6511,6102,73,30215,467511,461336,461409,24113
MLFQ,5806,6103,24,30219,204586,198459,198483,24116
MLFQ,5269,6103,58,30223,415727,409566,409624,24120
MLFQ,5180,6106,64,30231,431088,424918,424982,24125
MLFQ,9155,6107,45,30235,360046,353894,353939,24128
MLFQ,8442,6111,63,30243,431091,424917,424980,24132
MLFQ,4081,6111,5,30247,68449,62333,62338,24136
MLFQ,9415,6112,34,30255,289363,283217,283251,24143
MLFQ,2663,6115,48,30259,360058,353895,353943,24144
MLFQ,5486,6115,44,30263,338139,331980,332024,24148
MLFQ,1738,6116,78,30271,476380,470186,470264,24155
MLFQ,6539,6117,63,30275,431102,424922,424985,24158
MLFQ,5663,6120,52,30283,380296,374124,374176,24163
MLFQ,7953,6121,8,30287,68489,62360,62368,24166
MLFQ,8175,6121,77,30291,476381,470183,470260,24170
MLFQ,3876,6121,9,30295,105151,99021,99030,24174
MLFQ,1227,6122,24,30299,204650,198504,198528,24177
MLFQ,7513,6123,80,30303,476385,470182,470262,24180
MLFQ,3745,6124,17,30311,173226,167085,167102,24187
MLFQ,4844,6124,50,30315,380306,374132,374182,24191
MLFQ,8600,6127,92,30319,493405,487186,487278,24192
MLFQ,9085,6129,71,30327,457004,450804,450875,24198
MLFQ,4406,6129,10,30331,105185,99046,99056,24202
MLFQ,6627,6130,33,30335,289418,283255,283288,24205
MLFQ,8172,6131,22,30339,204680,198527,198549,24208
MLFQ,8876,6131,31,30343,262685,256523,256554,24212
MLFQ,9430,6131,10,30347,105199,99058,99068,24216
MLFQ,2820,6132,32,30351,262689,256525,256557,24219
MLFQ,645,6132,82,30355,483719,477505,477587,24223
MLFQ,4997,6135,22,30363,204698,198541,198563,24228
MLFQ,1189,6136,23,30367,204701,198542,198565,24231
MLFQ,3785,6136,14,30371,140075,133925,133939,24235
MLFQ,4358,6139,88,30379,489396,483169,483257,24240
MLFQ,2959,6139,7,30383,68584,62438,62445,24244
MLFQ,2135,6140,92,30387,493409,487177,487269,24247
MLFQ,3046,6142,64,30395,431142,424936,425000,24253
MLFQ,9299,6142,57,30399,415788,409589,409646,24257
MLFQ,2685,6142,9,30403,105248,99097,99106,24261
MLFQ,9691,6144,12,30407,105252,99096,99108,24263
MLFQ,2647,6144,88,30411,489408,483176,483264,24267
MLFQ,3094,6144,73,30415,467552,461335,461408,24271
MLFQ,5669,6146,85,30423,489409,483178,483263,24277
MLFQ,1129,6150,4,30431,30435,24281,24285,24281
MLFQ,1449,6150,89,30435,493410,487171,487260,24285
MLFQ,8572,6152,82,30439,483745,477511,477593,24287
MLFQ,9268,6152,17,30443,173323,167154,167171,24291
MLFQ,1580,6154,3,30451,30454,24297,24300,24297
MLFQ,6288,6154,96,30454,495859,489609,489705,24300
MLFQ,7943,6154,13,30458,140136,133969,133982,24304
MLFQ,4970,6155,65,30462,444940,438720,438785,24307
MLFQ,3310,6155,30,30466,262751,256566,256596,24311
MLFQ,6267,6159,77,30474,476430,470194,470271,24315
MLFQ,7350,6159,50,30478,380380,374171,374221,24319
MLFQ,3948,6160,14,30482,140158,133984,133998,24322
MLFQ,3703,6160,96,30486,495863,489607,489703,24326
MLFQ,3719,6163,77,30494,476435,470195,470272,24331
MLFQ,7822,6163,19,30498,173366,167184,167203,24335
MLFQ,2172,6164,62,30502,431188,424962,425024,24338
MLFQ,2477,6164,59,30506,415839,409616,409675,24342
MLFQ,7892,6166,54,30514,398945,392725,392779,24348
MLFQ,993,6166,84,30518,483757,477507,477591,24352
MLFQ,9554,6167,24,30522,204809,198618,198642,24355
MLFQ,829,6168,97,30526,496900,490635,490732,24358
MLFQ,8181,6169,45,30530,360198,353984,354029,24361
MLFQ,4659,6169,14,30534,140208,134025,134039,24365
MLFQ,7148,6170,88,30542,489429,483171,483259,24372
MLFQ,2497,6171,71,30546,457079,450837,450908,24375
MLFQ,9830,6172,95,30550,495870,489603,489698,24378
MLFQ,564,6172,26,30554,234617,228419,228445,24382
MLFQ,2182,6172,1,30558,30559,24386,24387,24386
MLFQ,5935,6175,20,30563,173423,167228,167248,24388
MLFQ,9318,6176,17,30567,173424,167231,167248,24391
MLFQ,9326,6182,10,30575,105407,99215,99225,24393
MLFQ,6699,6183,95,30579,495873,489595,489690,24396
MLFQ,1431,6183,45,30583,360216,353988,354033,24400
MLFQ,9364,6184,59,30591,415870,409627,409686,24407
MLFQ,100,6184,65,30595,444981,438732,438797,24411
MLFQ,1240,6185,15,30599,140267,134067,134082,24414
MLFQ,9943,6185,18,30603,173450,167247,167265,24418
MLFQ,784,6190,87,30611,489440,483163,483250,24421
MLFQ,613,6190,42,30615,338323,332091,332133,24425
MLFQ,5512,6191,55,30619,398984,392738,392793,24428
MLFQ,9884,6192,30,30627,262849,256627,256657,24435
MLFQ,8341,6196,80,30631,476465,470189,470269,24435
MLFQ,4800,6197,32,30635,262857,256628,256660,24438
MLFQ,251,6197,9,30639,105460,99254,99263,24442
MLFQ,3305,6198,15,30643,140298,134085,134100,24445
MLFQ,6965,6199,8,30647,68838,62631,62639,24448
MLFQ,8922,6200,91,30655,493433,487142,487233,24455
MLFQ,6209,6200,28,30659,234673,228445,228473,24459
MLFQ,6190,6200,21,30663,204897,198676,198697,24463
MLFQ,8886,6203,14,30667,140316,134099,134113,24464
MLFQ,4080,6204,46,30675,360246,353996,354042,24471
MLFQ,9788,6204,15,30679,140327,134108,134123,24475
MLFQ,9635,6207,11,30683,105499,99281,99292,24476
MLFQ,3009,6207,35,30687,289593,283351,283386,24480
MLFQ,6792,6207,45,30691,360247,353995,354040,24484
MLFQ,1218,6212,95,30703,495876,489569,489664,24491
MLFQ,9371,6212,43,30707,338357,332102,332145,24495
MLFQ,7190,6213,49,30711,380460,374198,374247,24498
MLFQ,8126,6214,79,30715,476476,470183,470262,24501
MLFQ,3426,6217,66,30723,445003,438720,438786,24506
MLFQ,9128,6217,15,30727,140366,134134,134149,24510
MLFQ,2936,6218,91,30731,493440,487131,487222,24513
MLFQ,5397,6219,8,30735,68926,62699,62707,24516
MLFQ,3889,6219,92,30739,493444,487133,487225,24520
MLFQ,5627,6221,73,30747,467638,461344,461417,24526
MLFQ,5534,6222,6,30751,68940,62712,62718,24529
MLFQ,7839,6222,52,30755,380488,374214,374266,24533
MLFQ,4501,6226,66,30763,445021,438729,438795,24537
MLFQ,8133,6227,98,30767,496902,490577,490675,24540
MLFQ,1855,6228,39,30775,314804,308537,308576,24547
MLFQ,8721,6229,84,30779,483801,477488,477572,24550
MLFQ,823,6229,39,30783,314811,308543,308582,24554
MLFQ,2203,6230,41,30787,338406,332135,332176,24557
MLFQ,6069,6230,82,30791,483803,477491,477573,24561
MLFQ,4241,6231,71,30795,457138,450836,450907,24564
MLFQ,5567,6232,50,30803,380518,374236,374286,24571
MLFQ,882,6233,49,30807,380519,374237,374286,24574
MLFQ,6256,6233,87,30811,489463,483143,483230,24578
MLFQ,48,6235,50,30815,380525,374240,374290,24580
MLFQ,1663,6236,67,30823,445048,438745,438812,24587
MLFQ,8641,6236,46,30827,360333,354051,354097,24591
MLFQ,3423,6236,47,30831,360336,354053,354100,24595
MLFQ,756,6238,21,30835,205036,198777,198798,24597
MLFQ,6480,6238,93,30839,495881,489550,489643,24601
MLFQ,4014,6239,85,30843,489468,483144,483229,24604
MLFQ,6794,6240,91,30851,493455,487124,487215,24611
MLFQ,5754,6240,20,30855,173654,167394,167414,24615
MLFQ,3711,6241,38,30859,314873,308594,308632,24618
MLFQ,721,6241,60,30863,415970,409669,409729,24622
MLFQ,3487,6242,36,30867,289737,283459,283495,24625
MLFQ,2825,6246,35,30875,289744,283463,283498,24629
MLFQ,9191,6249,77,30880,476513,470187,470264,24631
MLFQ,9461,6250,70,30884,457162,450842,450912,24634
MLFQ,5997,6250,93,30888,495882,489539,489632,24638
MLFQ,2302,6251,35,30892,289759,283473,283508,24641
MLFQ,4600,6251,34,30896,289761,283476,283510,24645
MLFQ,752,6254,71,30904,457169,450844,450915,24650
MLFQ,9952,6255,51,30908,380576,374270,374321,24653
MLFQ,5330,6256,53,30916,399101,392792,392845,24660
MLFQ,2380,6256,85,30920,489477,483136,483221,24664
MLFQ,5774,6256,77,30924,476522,470189,470266,24668
MLFQ,8051,6256,91,30928,493462,487115,487206,24672
MLFQ,2030,6257,62,30932,431341,425022,425084,24675
MLFQ,5944,6257,69,30936,457182,450856,450925,24679
MLFQ,1797,6257,82,30940,483833,477494,477576,24683
MLFQ,7497,6261,14,30948,140576,134301,134315,24687
MLFQ,3669,6261,60,30952,416023,409702,409762,24691
MLFQ,1755,6262,76,30956,467698,461360,461436,24694
MLFQ,4364,6263,78,30960,476535,470194,470272,24697
MLFQ,9162,6264,54,30968,399147,392829,392883,24704
MLFQ,8567,6265,75,30972,467705,461365,461440,24707
MLFQ,6,6265,94,30976,495884,489525,489619,24711
MLFQ,4681,6265,53,30980,399156,392838,392891,24715
MLFQ,2260,6267,48,30984,360452,354137,354185,24717
MLFQ,2946,6268,99,30992,496905,490538,490637,24724
MLFQ,5927,6269,69,30996,457215,450877,450946,24727
MLFQ,7111,6269,58,31000,416057,409730,409788,24731
MLFQ,749,6269,98,31004,496907,490540,490638,24735
MLFQ,2179,6272,65,31012,445136,438799,438864,24740
MLFQ,2310,6272,8,31016,69204,62924,62932,24744
MLFQ,6074,6273,45,31020,360477,354159,354204,24747
MLFQ,7769,6273,13,31024,140645,134359,134372,24751
MLFQ,2601,6274,65,31028,445137,438798,438863,24754
MLFQ,1726,6276,48,31036,360489,354165,354213,24760
MLFQ,6615,6276,49,31040,380673,374348,374397,24764
MLFQ,102,6278,99,31044,496910,490533,490632,24766
MLFQ,2306,6279,53,31048,399193,392861,392914,24769
MLFQ,5359,6280,96,31055,495900,489524,489620,24775
MLFQ,8929,6282,4,31059,31063,24777,24781,24777
MLFQ,880,6283,12,31063,105856,99561,99573,24780
MLFQ,7770,6284,24,31071,205240,198932,198956,24787
MLFQ,1911,6284,23,31075,205243,198936,198959,24791
MLFQ,2473,6285,16,31079,140685,134384,134400,24794
MLFQ,8620,6287,65,31083,445146,438794,438859,24796
MLFQ,236,6287,58,31087,416083,409738,409796,24800
MLFQ,206,6287,88,31091,489506,483131,483219,24804
MLFQ,827,6288,42,31099,338640,332310,332352,24811
MLFQ,4665,6289,58,31103,416093,409746,409804,24814
MLFQ,369,6293,48,31111,360529,354188,354236,24818
MLFQ,1779,6294,42,31115,338650,332314,332356,24821
MLFQ,250,6295,72,31119,457239,450872,450944,24824
MLFQ,1921,6295,31,31123,263230,256904,256935,24828
MLFQ,1676,6295,47,31127,360536,354194,354241,24832
MLFQ,3872,6296,73,31135,467742,461373,461446,24839
MLFQ,6781,6297,18,31139,173904,167589,167607,24842
MLFQ,5525,6297,52,31143,380721,374372,374424,24846
MLFQ,3491,6297,38,31147,315087,308752,308790,24850
MLFQ,2618,6299,2,31151,31153,24852,24854,24852
MLFQ,8528,6300,60,31153,416109,409749,409809,24853
MLFQ,8378,6302,71,31157,457250,450877,450948,24855
MLFQ,452,6303,13,31165,140766,134450,134463,24862
MLFQ,2249,6303,34,31169,289971,283634,283668,24866
MLFQ,2486,6304,55,31173,399244,392885,392940,24869
MLFQ,1101,6305,29,31177,263271,256937,256966,24872
MLFQ,9834,6305,62,31181,431439,425072,425134,24876
MLFQ,4536,6305,7,31185,69363,63051,63058,24880
MLFQ,4856,6308,64,31193,431443,425071,425135,24885
MLFQ,3715,6309,9,31197,105978,99660,99669,24888
MLFQ,8852,6310,93,31201,495901,489498,489591,24891
MLFQ,6598,6310,69,31205,457259,450880,450949,24895
MLFQ,9315,6312,56,31213,399268,392900,392956,24901
MLFQ,2954,6313,4,31217,31221,24904,24908,24904
MLFQ,559,6313,62,31221,431457,425082,425144,24908
MLFQ,3957,6314,61,31225,431458,425083,425144,24911
MLFQ,874,6316,2,31233,31235,24917,24919,24917
MLFQ,607,6316,15,31235,140821,134490,134505,24919
MLFQ,4724,6316,28,31239,235130,228786,228814,24923
MLFQ,2751,6317,24,31243,205376,199035,199059,24926
MLFQ,3931,6318,71,31247,457265,450876,450947,24929
MLFQ,3211,6318,7,31251,69422,63097,63104,24933
MLFQ,4492,6320,71,31259,457268,450877,450948,24939
MLFQ,1057,6320,49,31263,380786,374417,374466,24943
MLFQ,5636,6322,32,31267,263327,256973,257005,24945
MLFQ,4314,6324,35,31275,290034,283675,283710,24951
MLFQ,5594,6326,35,31279,290037,283676,283711,24953
MLFQ,739,6327,15,31283,140864,134522,134537,24956
MLFQ,9070,6327,87,31287,489513,483099,483186,24960
MLFQ,4315,6327,15,31291,140871,134529,134544,24964
MLFQ,3993,6328,56,31299,399308,392924,392980,24971
MLFQ,8658,6330,30,31303,263353,256993,257023,24973
MLFQ,5091,6331,81,31307,483873,477461,477542,24976
MLFQ,8291,6331,39,31311,315178,308808,308847,24980
MLFQ,81,6331,80,31315,476587,470176,470256,24984
MLFQ,9985,6334,48,31323,360644,354262,354310,24989
MLFQ,4190,6336,45,31331,360649,354268,354313,24995
MLFQ,3079,6337,18,31335,174060,167705,167723,24998
MLFQ,9797,6337,96,31339,495905,489472,489568,25002
MLFQ,4908,6337,29,31343,263382,257016,257045,25006
MLFQ,9002,6338,52,31347,380822,374432,374484,25009
MLFQ,9397,6338,19,31351,174075,167718,167737,25013
MLFQ,3677,6340,12,31359,106130,99778,99790,25019
MLFQ,2469,6342,74,31363,467779,461363,461437,25021
MLFQ,1551,6342,78,31367,476597,470177,470255,25025
MLFQ,7346,6343,74,31371,467785,461368,461442,25028
MLFQ,9171,6343,88,31375,489521,483090,483178,25032
MLFQ,2645,6344,75,31383,467792,461373,461448,25039
MLFQ,2960,6344,3,31387,31390,25043,25046,25043
MLFQ,9964,6347,99,31390,496913,490467,490566,25043
MLFQ,6436,6349,44,31398,338818,332425,332469,25049
MLFQ,3185,6352,3,31406,31409,25054,25057,25054
MLFQ,6241,6353,55,31409,399363,392955,393010,25056
MLFQ,1491,6353,39,31413,315249,308857,308896,25060
MLFQ,3378,6353,88,31417,489529,483088,483176,25064
MLFQ,6517,6354,42,31421,338832,332436,332478,25067
MLFQ,2371,6354,90,31425,493496,487052,487142,25071
MLFQ,2149,6356,67,31433,445270,438847,438914,25077
MLFQ,5617,6358,20,31437,174147,167769,167789,25079
MLFQ,3687,6358,9,31441,106199,99832,99841,25083
MLFQ,979,6359,35,31445,290152,283758,283793,25086
MLFQ,5173,6360,76,31453,467811,461375,461451,25093
MLFQ,8707,6361,76,31457,467815,461378,461454,25096
MLFQ,3699,6361,34,31461,290162,283767,283801,25100
MLFQ,3208,6361,65,31465,445279,438853,438918,25104
MLFQ,5847,6362,56,31469,399395,392977,393033,25107
MLFQ,2673,6362,82,31473,483896,477452,477534,25111
MLFQ,7300,6363,91,31477,493499,487045,487136,25114
MLFQ,6475,6364,94,31485,495911,489453,489547,25121
MLFQ,9806,6364,37,31489,315298,308897,308934,25125
MLFQ,4874,6364,63,31493,431580,425153,425216,25129
MLFQ,5218,6365,48,31497,360749,354336,354384,25132
MLFQ,1600,6368,10,31505,106259,99881,99891,25137
MLFQ,6754,6368,43,31509,338887,332476,332519,25141
MLFQ,2659,6370,90,31513,493505,487045,487135,25143
MLFQ,7461,6370,63,31517,431591,425158,425221,25147
MLFQ,835,6371,81,31521,483913,477461,477542,25150
MLFQ,978,6371,23,31525,205603,199209,199232,25154
MLFQ,7908,6371,56,31529,399431,393004,393060,25158
MLFQ,7979,6372,54,31537,399433,393007,393061,25165
MLFQ,136,6374,3,31541,31544,25167,25170,25167
MLFQ,777,6376,8,31548,69708,63324,63332,25172
MLFQ,2802,6376,98,31552,496915,490441,490539,25176
MLFQ,7204,6376,89,31556,493510,487045,487134,25180
MLFQ,6603,6378,12,31560,106307,99917,99929,25182
MLFQ,7065,6379,74,31564,467849,461396,461470,25185
MLFQ,6296,6380,56,31572,399449,393013,393069,25192
MLFQ,5648,6380,88,31576,489558,483090,483178,25196
MLFQ,2276,6381,66,31580,445321,438874,438940,25199
MLFQ,4302,6381,45,31584,360802,354376,354421,25203
MLFQ,7720,6382,69,31588,457382,450931,451000,25206
MLFQ,4879,6382,8,31592,69752,63362,63370,25210
MLFQ,8208,6382,32,31596,263579,257165,257197,25214
MLFQ,9142,6391,5,31608,69763,63367,63372,25217
MLFQ,5788,6391,88,31612,489562,483083,483171,25221
MLFQ,5046,6394,27,31619,235417,228996,229023,25225
MLFQ,5221,6396,44,31627,338955,332515,332559,25231
MLFQ,21,6396,55,31631,399468,393017,393072,25235
MLFQ,4128,6396,41,31635,338960,332523,332564,25239
MLFQ,2406,6397,58,31639,416315,409860,409918,25242
MLFQ,7667,6400,53,31643,399473,393020,393073,25243
MLFQ,4798,6401,1,31647,31648,25246,25247,25246
MLFQ,2867,6401,38,31648,315404,308965,309003,25247
MLFQ,9965,6401,79,31652,476656,470176,470255,25251
MLFQ,6217,6401,33,31656,290299,283865,283898,25255
MLFQ,1378,6402,92,31660,493514,487020,487112,25258
MLFQ,9360,6403,36,31668,290311,283872,283908,25265
MLFQ,2420,6404,50,31672,380996,374542,374592,25268
MLFQ,7581,6404,89,31676,493519,487026,487115,25272
MLFQ,2112,6406,2,31680,31682,25274,25276,25274
MLFQ,3736,6409,70,31686,457404,450925,450995,25277
MLFQ,3345,6410,90,31690,493521,487021,487111,25280
MLFQ,4057,6410,25,31694,235482,229047,229072,25284
MLFQ,2546,6411,7,31702,69850,63432,63439,25291
MLFQ,5217,6411,15,31706,141226,134800,134815,25295
MLFQ,8897,6411,3,31710,31713,25299,25302,25299
MLFQ,925,6413,28,31713,235490,229049,229077,25300
MLFQ,5917,6413,95,31717,495919,489411,489506,25304
MLFQ,5687,6414,87,31721,489589,483088,483175,25307
MLFQ,4462,6416,42,31729,339010,332552,332594,25313
MLFQ,2631,6416,92,31733,493529,487021,487113,25317
MLFQ,7703,6416,47,31737,360869,354406,354453,25321
MLFQ,2995,6416,81,31741,483962,477465,477546,25325
MLFQ,4253,6419,41,31749,339023,332563,332604,25330
MLFQ,2214,6420,24,31753,205778,199334,199358,25333
MLFQ,3374,6420,36,31757,290367,283911,283947,25337
MLFQ,17,6420,28,31761,235526,229078,229106,25341
MLFQ,3631,6426,79,31769,476695,470190,470269,25343
MLFQ,9150,6429,50,31777,381038,374559,374609,25348
MLFQ,5817,6429,47,31781,360888,354412,354459,25352
MLFQ,5913,6430,53,31785,399526,393043,393096,25355
MLFQ,2099,6430,62,31789,431673,425181,425243,25359
MLFQ,1717,6430,26,31793,235552,229096,229122,25363
MLFQ,9503,6431,71,31797,457435,450933,451004,25366
MLFQ,3683,6432,3,31801,31804,25369,25372,25369
MLFQ,9412,6435,57,31808,416372,409880,409937,25373
MLFQ,6387,6437,72,31816,457443,450934,451006,25379
MLFQ,9099,6437,61,31820,431686,425188,425249,25383
MLFQ,72,6439,64,31824,431690,425187,425251,25385
MLFQ,2866,6439,56,31828,399558,393063,393119,25389
MLFQ,1901,6441,53,31836,399559,393065,393118,25395
MLFQ,2322,6445,6,31844,69982,63531,63537,25399
MLFQ,1525,6446,74,31848,467907,461387,461461,25402
MLFQ,6072,6447,6,31852,69988,63535,63541,25405
MLFQ,4813,6447,27,31856,235603,229129,229156,25409
MLFQ,5147,6448,81,31860,483963,477434,477515,25412
MLFQ,5722,6449,45,31868,360953,354459,354504,25419
MLFQ,8607,6449,63,31872,431705,425193,425256,25423
MLFQ,6337,6450,17,31876,174509,168042,168059,25426
MLFQ,2625,6450,14,31880,141376,134912,134926,25430
MLFQ,9610,6450,12,31884,106588,100126,100138,25434
MLFQ,7578,6452,63,31888,431708,425193,425256,25436
MLFQ,9153,6452,7,31892,70027,63568,63575,25440
MLFQ,5414,6453,68,31900,445409,438888,438956,25447
MLFQ,1036,6456,38,31904,315570,309076,309114,25448
MLFQ,4027,6457,70,31912,457461,450934,451004,25455
MLFQ,370,6457,63,31916,431723,425203,425266,25459
MLFQ,8311,6458,64,31920,431727,425205,425269,25462
MLFQ,4023,6460,71,31924,457464,450933,451004,25464
MLFQ,8305,6460,98,31928,496917,490359,490457,25468
MLFQ,9980,6461,95,31935,495926,489370,489465,25474
MLFQ,7891,6461,5,31939,70068,63602,63607,25478
MLFQ,5844,6464,42,31943,339153,332647,332689,25479
MLFQ,3129,6465,74,31951,467927,461388,461462,25486
MLFQ,1347,6467,50,31955,381146,374629,374679,25488
MLFQ,9121,6468,25,31959,235680,229187,229212,25491
MLFQ,2923,6468,36,31963,290516,284012,284048,25495
MLFQ,3189,6468,86,31967,489603,483049,483135,25499
MLFQ,6446,6468,8,31971,70100,63624,63632,25503
MLFQ,5735,6468,61,31975,431748,425219,425280,25507
MLFQ,875,6469,31,31983,263846,257346,257377,25514
MLFQ,3258,6469,91,31987,493540,486980,487071,25518
MLFQ,5323,6470,75,31991,467938,461393,461468,25521
MLFQ,1856,6471,83,31995,483982,477428,477511,25524
MLFQ,3387,6474,55,32003,399646,393117,393172,25529
MLFQ,9920,6474,94,32007,495928,489360,489454,25533
MLFQ,8698,6475,98,32011,496919,490346,490444,25536
MLFQ,7335,6475,2,32015,32017,25540,25542,25540
MLFQ,3999,6476,41,32017,339198,332681,332722,25541
MLFQ,9375,6476,78,32021,476736,470182,470260,25545
MLFQ,5320,6477,69,32029,457509,450963,451032,25552
MLFQ,1695,6477,84,32033,483998,477437,477521,25556
MLFQ,6307,6479,62,32037,431786,425245,425307,25558
MLFQ,6007,6481,67,32045,445472,438924,438991,25564
MLFQ,3695,6481,39,32049,315677,309157,309196,25568
MLFQ,4093,6483,80,32053,476744,470181,470261,25570
MLFQ,433,6484,45,32057,361070,354541,354586,25573
MLFQ,5483,6487,27,32065,235772,229258,229285,25578
MLFQ,2101,6488,44,32069,339238,332706,332750,25581
MLFQ,1047,6490,51,32077,381218,374677,374728,25587
MLFQ,2222,6493,87,32085,489626,483046,483133,25592
MLFQ,786,6493,82,32089,484012,477437,477519,25596
MLFQ,6197,6495,49,32093,381231,374687,374736,25598
MLFQ,6313,6496,62,32097,431816,425258,425320,25601
MLFQ,6698,6496,29,32101,263951,257426,257455,25605
MLFQ,8197,6499,8,32109,70233,63726,63734,25610
MLFQ,8320,6499,39,32113,315728,309190,309229,25614
MLFQ,6102,6500,45,32117,361107,354562,354607,25617
MLFQ,8719,6502,72,32125,457541,450967,451039,25623
MLFQ,5130,6502,55,32129,399713,393156,393211,25627
MLFQ,1456,6506,70,32137,457547,450971,451041,25631
MLFQ,807,6506,87,32141,489629,483036,483123,25635
MLFQ,9629,6507,38,32145,315754,309209,309247,25638
MLFQ,8595,6507,37,32149,315755,309211,309248,25642
MLFQ,2580,6509,56,32157,399733,393168,393224,25648
MLFQ,4643,6509,69,32161,457556,450978,451047,25652
MLFQ,2225,6511,62,32165,431842,425269,425331,25654
MLFQ,4543,6511,51,32169,381278,374716,374767,25658
MLFQ,4512,6513,15,32177,141643,135115,135130,25664
MLFQ,1029,6514,93,32181,495935,489328,489421,25667
MLFQ,3312,6516,66,32185,445526,438944,439010,25669
MLFQ,4746,6519,90,32193,493558,486949,487039,25674
MLFQ,2523,6519,45,32197,361164,354600,354645,25678
MLFQ,7674,6519,63,32201,431860,425278,425341,25682
MLFQ,6338,6520,66,32205,445532,438946,439012,25685
MLFQ,8400,6521,48,32213,361180,354611,354659,25692
MLFQ,6573,6522,51,32217,381309,374736,374787,25695
MLFQ,6619,6523,93,32221,495936,489320,489413,25698
MLFQ,8293,6523,82,32225,484034,477429,477511,25702
MLFQ,7608,6523,15,32229,141694,135156,135171,25706
MLFQ,4683,6524,8,32233,70357,63825,63833,25709
MLFQ,8462,6524,84,32237,484038,477430,477514,25713
MLFQ,2103,6525,64,32245,431888,425299,425363,25720
MLFQ,1780,6527,52,32249,381333,374754,374806,25722
MLFQ,7737,6528,48,32253,361212,354636,354684,25725
MLFQ,186,6528,34,32257,290758,284196,284230,25729
MLFQ,596,6530,7,32265,70388,63851,63858,25735
MLFQ,2565,6530,79,32269,476805,470196,470275,25739
MLFQ,4393,6531,37,32273,315852,309284,309321,25742
MLFQ,8748,6533,13,32281,141735,135189,135202,25748
MLFQ,7039,6533,62,32285,431898,425303,425365,25752
MLFQ,5226,6533,45,32289,361229,354651,354696,25756
MLFQ,3528,6534,27,32293,235975,229414,229441,25759
MLFQ,6451,6537,30,32301,264117,257550,257580,25764
MLFQ,3016,6538,19,32305,174884,168327,168346,25767
MLFQ,6724,6539,99,32309,496922,490284,490383,25770
MLFQ,9698,6539,45,32313,361238,354654,354699,25774
MLFQ,4071,6539,64,32317,431910,425307,425371,25778
MLFQ,1510,6540,52,32321,381365,374773,374825,25781
MLFQ,541,6541,50,32329,381371,374780,374830,25788
MLFQ,1873,6542,40,32333,315896,309314,309354,25791
MLFQ,4840,6543,58,32337,416637,410036,410094,25794
MLFQ,710,6544,27,32341,236018,229447,229474,25797
MLFQ,215,6546,41,32349,339439,332852,332893,25803
MLFQ,7472,6546,96,32353,495944,489302,489398,25807
MLFQ,3692,6547,87,32357,489657,483023,483110,25810
MLFQ,2139,6548,63,32361,431925,425314,425377,25813
MLFQ,4792,6548,75,32365,468055,461432,461507,25817
MLFQ,2019,6549,4,32373,32377,25824,25828,25824
MLFQ,7601,6552,63,32377,431932,425317,425380,25825
MLFQ,8468,6553,39,32385,315935,309343,309382,25832
MLFQ,9760,6553,86,32389,489659,483020,483106,25836
MLFQ,4936,6553,30,32393,264191,257608,257638,25840
MLFQ,8054,6554,52,32397,381407,374801,374853,25843
MLFQ,9781,6554,60,32401,416665,410051,410111,25847
MLFQ,3163,6555,80,32405,476831,470196,470276,25850
MLFQ,7860,6558,67,32413,445595,438970,439037,25855
MLFQ,5287,6559,83,32417,484065,477423,477506,25858
MLFQ,6721,6559,30,32421,264217,257628,257658,25862
MLFQ,1679,6563,21,32429,206367,199783,199804,25866
MLFQ,2886,6563,64,32433,431956,425329,425393,25870
MLFQ,8402,6564,24,32437,206375,199787,199811,25873
MLFQ,2910,6564,35,32441,290893,284294,284329,25877
MLFQ,940,6565,92,32449,493577,486920,487012,25884
MLFQ,2500,6566,40,32453,315979,309373,309413,25887
MLFQ,7297,6566,61,32457,431961,425334,425395,25891
MLFQ,6537,6567,88,32461,489667,483012,483100,25894
MLFQ,5821,6568,93,32465,495945,489284,489377,25897
MLFQ,1775,6570,96,32473,495949,489283,489379,25903
MLFQ,1866,6570,14,32477,141921,135337,135351,25907
MLFQ,6442,6571,96,32481,495953,489286,489382,25910
MLFQ,7543,6571,74,32485,468093,461448,461522,25914
MLFQ,9695,6572,85,32489,489680,483023,483108,25917
MLFQ,1542,6573,47,32497,361357,354737,354784,25924
MLFQ,8177,6574,21,32501,206428,199833,199854,25927
MLFQ,2832,6574,81,32505,484091,477436,477517,25931
MLFQ,6878,6575,54,32509,399911,393282,393336,25934
MLFQ,8787,6576,16,32513,141957,135365,135381,25937
MLFQ,5109,6578,68,32521,445639,438993,439061,25943
MLFQ,2286,6579,42,32525,339555,332934,332976,25946
MLFQ,3564,6579,96,32529,495957,489282,489378,25950
MLFQ,2750,6581,56,32537,399931,393294,393350,25956
MLFQ,8159,6581,66,32541,445646,438999,439065,25960
MLFQ,4230,6582,61,32545,432009,425366,425427,25963
MLFQ,5112,6582,28,32549,236194,229584,229612,25967
MLFQ,2906,6583,43,32553,339578,332952,332995,25970
MLFQ,173,6585,71,32561,457671,451015,451086,25976
MLFQ,5948,6587,4,32565,32569,25978,25982,25978
MLFQ,4341,6587,75,32569,468108,461446,461521,25982
MLFQ,2484,6588,11,32573,107233,100634,100645,25985
MLFQ,2822,6588,47,32577,361404,354769,354816,25989
MLFQ,579,6588,57,32581,416754,410109,410166,25993
MLFQ,3377,6589,16,32589,142025,135420,135436,26000
MLFQ,4553,6589,84,32593,484099,477426,477510,26004
MLFQ,2943,6591,13,32597,142030,135426,135439,26006
MLFQ,8008,6592,35,32601,291009,284382,284417,26009
MLFQ,3410,6593,57,32609,416763,410113,410170,26016
MLFQ,9104,6594,92,32613,493597,486911,487003,26019
MLFQ,8210,6596,79,32617,476886,470211,470290,26021
MLFQ,8076,6597,45,32625,361433,354791,354836,26028
MLFQ,7614,6598,8,32629,70744,64138,64146,26031
MLFQ,3348,6599,32,32633,264377,257746,257778,26034
MLFQ,689,6600,72,32637,457695,451023,451095,26037
MLFQ,1960,6602,28,32645,236266,229636,229664,26043
MLFQ,4510,6603,98,32649,496924,490223,490321,26046
MLFQ,8989,6604,41,32653,339635,332990,333031,26049
MLFQ,5886,6604,53,32657,399988,393331,393384,26053
MLFQ,8061,6605,18,32665,175202,168579,168597,26060
MLFQ,6622,6606,24,32669,206567,199937,199961,26063
MLFQ,9839,6609,17,32677,175211,168585,168602,26068
MLFQ,1271,6609,11,32681,107336,100716,100727,26072
MLFQ,2098,6610,81,32685,484112,477421,477502,26075
MLFQ,9079,6610,41,32689,339648,332997,333038,26079
MLFQ,8034,6611,41,32693,339649,332997,333038,26082
MLFQ,1125,6612,58,32697,416793,410123,410181,26085
MLFQ,361,6614,24,32705,206595,199957,199981,26091
MLFQ,7364,6614,44,32709,339661,333003,333047,26095
MLFQ,3330,6614,40,32713,316159,309505,309545,26099
MLFQ,3511,6614,14,32717,142140,135512,135526,26103
MLFQ,4518,6615,71,32721,457710,451024,451095,26106
MLFQ,232,6616,42,32725,339667,333009,333051,26109
MLFQ,9217,6616,48,32729,361473,354809,354857,26113
MLFQ,7379,6617,73,32737,468137,461447,461520,26120
MLFQ,6406,6617,15,32741,142163,135531,135546,26124
MLFQ,431,6617,62,32745,432064,425385,425447,26128
MLFQ,9260,6618,37,32749,316184,309529,309566,26131
MLFQ,591,6619,24,32753,206635,199992,200016,26134
MLFQ,8368,6620,28,32757,236346,229698,229726,26137
MLFQ,6162,6620,62,32761,432066,425384,425446,26141
MLFQ,7001,6622,61,32769,432067,425384,425445,26147
MLFQ,4438,6622,57,32773,416822,410143,410200,26151
MLFQ,4124,6623,68,32777,445702,439011,439079,26154
MLFQ,2991,6626,74,32785,468139,461439,461513,26159
MLFQ,4269,6628,50,32789,381617,374939,374989,26161
MLFQ,2950,6628,37,32793,316213,309548,309585,26165
MLFQ,9966,6629,8,32801,70916,64279,64287,26172
MLFQ,2570,6629,16,32805,142223,135578,135594,26176
MLFQ,2490,6633,20,32813,175327,168674,168694,26180
MLFQ,9224,6633,3,32817,32820,26184,26187,26184
MLFQ,1537,6635,97,32820,496925,490193,490290,26185
MLFQ,4940,6636,54,32824,400048,393358,393412,26188
MLFQ,6768,6636,80,32828,476906,470190,470270,26192
MLFQ,5794,6637,9,32836,107481,100835,100844,26199
MLFQ,5025,6638,41,32840,339735,333056,333097,26202
MLFQ,1774,6638,38,32844,316243,309567,309605,26206
MLFQ,6294,6639,3,32848,32851,26209,26212,26209
MLFQ,1315,6640,17,32851,175352,168695,168712,26211
MLFQ,7921,6642,83,32859,484123,477398,477481,26217
MLFQ,3038,6642,56,32863,400064,393366,393422,26221
MLFQ,2365,6643,82,32867,484125,477400,477482,26224
MLFQ,7668,6643,79,32871,476917,470195,470274,26228
MLFQ,4134,6644,3,32875,32878,26231,26234,26231
MLFQ,1568,6644,62,32878,432101,425395,425457,26234
MLFQ,1090,6645,71,32886,457743,451027,451098,26241
MLFQ,9665,6645,89,32890,493608,486874,486963,26245
MLFQ,4583,6646,96,32894,495969,489227,489323,26248
MLFQ,5275,6646,42,32898,339773,333085,333127,26252
MLFQ,9854,6651,85,32906,489709,482973,483058,26255
MLFQ,8459,6651,92,32910,493616,486873,486965,26259
MLFQ,2994,6652,49,32914,381678,374977,375026,26262
MLFQ,1951,6652,32,32918,264581,257897,257929,26266
MLFQ,4525,6653,79,32926,476936,470204,470283,26273
MLFQ,6588,6654,48,32930,361585,354883,354931,26276
MLFQ,9168,6655,2,32934,32936,26279,26281,26279
MLFQ,356,6655,77,32936,476937,470205,470282,26281
MLFQ,1729,6656,70,32940,457769,451043,451113,26284
MLFQ,7005,6657,81,32948,484142,477404,477485,26291
MLFQ,6643,6658,44,32952,339813,333111,333155,26294
MLFQ,2653,6659,69,32956,457774,451046,451115,26297
MLFQ,5309,6663,14,32964,142357,135680,135694,26301
MLFQ,6131,6665,36,32972,291273,284572,284608,26307
MLFQ,439,6665,46,32976,361607,354896,354942,26311
MLFQ,6105,6666,51,32980,381705,374988,375039,26314
MLFQ,1249,6667,22,32984,206817,200128,200150,26317
MLFQ,142,6668,94,32988,495971,489209,489303,26320
MLFQ,8383,6668,64,32992,432153,425421,425485,26324
MLFQ,5415,6671,50,32997,381715,374994,375044,26326
MLFQ,7823,6671,52,33001,381719,374996,375048,26330
MLFQ,9579,6673,8,33009,71112,64431,64439,26336
MLFQ,6579,6673,41,33013,339850,333136,333177,26340
MLFQ,1928,6674,87,33017,489720,482959,483046,26343
MLFQ,1674,6675,86,33021,489722,482961,483047,26346
MLFQ,775,6677,59,33029,416926,410190,410249,26352
MLFQ,5884,6678,16,33033,142419,135725,135741,26355
MLFQ,3543,6680,10,33037,107662,100972,100982,26357
MLFQ,8773,6681,31,33045,264676,257964,257995,26364
MLFQ,5388,6681,62,33049,432167,425424,425486,26368
MLFQ,5852,6681,18,33053,175517,168818,168836,26372
MLFQ,6933,6683,9,33057,107679,100987,100996,26374
MLFQ,5416,6683,29,33061,264681,257969,257998,26378
MLFQ,3337,6683,54,33065,400158,393421,393475,26382
MLFQ,9310,6684,15,33069,142446,135747,135762,26385
MLFQ,9823,6686,71,33077,457789,451032,451103,26391
MLFQ,4614,6686,90,33081,493622,486846,486936,26395
MLFQ,3154,6687,50,33085,381757,375020,375070,26398
MLFQ,3451,6689,98,33093,496927,490140,490238,26404
MLFQ,5614,6691,62,33097,432181,425428,425490,26406
MLFQ,8098,6691,74,33101,468209,461444,461518,26410
MLFQ,226,6694,38,33109,316421,309689,309727,26415
MLFQ,7173,6694,21,33113,206910,200195,200216,26419
MLFQ,8470,6694,64,33117,432193,425435,425499,26423
MLFQ,3500,6696,4,33121,33125,26425,26429,26425
MLFQ,8250,6696,95,33125,495978,489187,489282,26429
MLFQ,6892,6697,31,33133,264736,258008,258039,26436
MLFQ,8178,6697,85,33137,489741,482959,483044,26440
MLFQ,2678,6701,58,33145,416976,410217,410275,26444
MLFQ,6077,6701,51,33149,381800,375048,375099,26448
MLFQ,6032,6704,3,33153,33156,26449,26452,26449
MLFQ,1975,6704,37,33156,316450,309709,309746,26452
MLFQ,7003,6704,49,33160,381801,375048,375097,26456
MLFQ,1071,6704,10,33164,107777,101063,101073,26460
MLFQ,9349,6704,4,33168,33172,26464,26468,26464
MLFQ,3355,6707,24,33176,206958,200227,200251,26469
MLFQ,3270,6708,1,33180,33181,26472,26473,26472
MLFQ,325,6709,93,33185,495979,489177,489270,26476
MLFQ,9008,6709,15,33189,142545,135821,135836,26480
MLFQ,2554,6710,72,33193,457829,451047,451119,26483
MLFQ,4282,6711,35,33197,291413,284667,284702,26486
MLFQ,7054,6713,50,33205,381814,375051,375101,26492
MLFQ,4721,6715,56,33209,400218,393447,393503,26494
MLFQ,2773,6716,61,33213,432218,425441,425502,26497
MLFQ,4098,6718,5,33221,71309,64586,64591,26503
MLFQ,7090,6719,88,33225,489749,482942,483030,26506
MLFQ,5170,6719,21,33229,206995,200255,200276,26510
MLFQ,8665,6720,95,33233,495982,489167,489262,26513
MLFQ,6917,6720,43,33237,339974,333211,333254,26517
MLFQ,2060,6721,69,33245,457842,451052,451121,26524
MLFQ,8551,6722,71,33249,457845,451052,451123,26527
MLFQ,1112,6722,59,33253,417011,410230,410289,26531
MLFQ,4707,6726,18,33261,175687,168943,168961,26535
MLFQ,5911,6726,88,33265,489757,482943,483031,26539
MLFQ,6228,6727,5,33269,71354,64622,64627,26542
MLFQ,8195,6728,62,33273,432248,425458,425520,26545
MLFQ,6372,6731,12,33281,107879,101136,101148,26550
MLFQ,551,6731,82,33285,484196,477383,477465,26554
MLFQ,1590,6731,13,33289,142630,135886,135899,26558
MLFQ,7391,6732,47,33293,361786,355007,355054,26561
MLFQ,1602,6732,6,33297,71380,64642,64648,26565
MLFQ,96,6736,34,33305,291483,284713,284747,26569
MLFQ,1292,6737,53,33313,400267,393477,393530,26576
MLFQ,6263,6737,57,33317,417032,410238,410295,26580
MLFQ,840,6738,84,33321,484204,477382,477466,26583
MLFQ,5608,6738,10,33325,107913,101165,101175,26587
MLFQ,9591,6739,52,33329,381885,375094,375146,26590
MLFQ,6654,6743,41,33337,340035,333251,333292,26594
MLFQ,2541,6744,89,33341,493641,486808,486897,26597
MLFQ,8362,6745,22,33349,207085,200318,200340,26604
MLFQ,6458,6747,74,33353,468267,461446,461520,26606
MLFQ,9682,6747,43,33357,340048,333258,333301,26610
MLFQ,5268,6748,93,33361,495983,489142,489235,26613
MLFQ,2753,6748,20,33365,175767,168999,169019,26617
MLFQ,475,6748,47,33369,361825,355030,355077,26621
MLFQ,7231,6749,6,33377,71454,64699,64705,26628
MLFQ,4427,6751,50,33381,381903,375102,375152,26630
MLFQ,6473,6752,68,33385,445890,439070,439138,26633
MLFQ,5063,6754,40,33393,316602,309808,309848,26639
MLFQ,7832,6755,9,33397,107978,101214,101223,26642
MLFQ,4932,6761,1,33409,33410,26648,26649,26648
MLFQ,6670,6763,59,33410,417065,410243,410302,26647
MLFQ,4730,6763,82,33414,484218,477373,477455,26651
MLFQ,2633,6763,18,33418,175809,169028,169046,26655
MLFQ,9067,6763,40,33422,316622,309819,309859,26659
MLFQ,1966,6764,60,33426,417073,410249,410309,26662
MLFQ,9296,6766,56,33434,400323,393501,393557,26668
MLFQ,1215,6766,51,33438,381938,375121,375172,26672
MLFQ,8633,6766,45,33442,361867,355056,355101,26676
MLFQ,8555,6766,78,33446,477028,470184,470262,26680
MLFQ,852,6767,91,33450,493648,486790,486881,26683
MLFQ,5725,6768,82,33454,484224,477374,477456,26686
MLFQ,2011,6770,31,33462,264976,258175,258206,26692
MLFQ,5101,6770,50,33466,381952,375132,375182,26696
MLFQ,3514,6771,39,33470,316661,309851,309890,26699
MLFQ,4434,6771,2,33474,33476,26703,26705,26703
MLFQ,5459,6772,84,33476,484228,477372,477456,26704
MLFQ,8347,6772,52,33480,381960,375136,375188,26708
MLFQ,3972,6773,16,33488,142806,136017,136033,26715
MLFQ,4248,6774,87,33492,489772,482911,482998,26718
MLFQ,156,6776,31,33496,265003,258196,258227,26720
MLFQ,768,6777,16,33504,142822,136029,136045,26727
MLFQ,8185,6777,30,33508,265005,258198,258228,26731
MLFQ,7847,6777,28,33512,236911,230106,230134,26735
MLFQ,1959,6780,85,33516,489773,482908,482993,26736
MLFQ,9261,6780,4,33520,33524,26740,26744,26740
MLFQ,4888,6781,63,33528,432323,425479,425542,26747
MLFQ,6281,6782,5,33532,71599,64812,64817,26750
MLFQ,4784,6782,43,33536,340154,333329,333372,26754
MLFQ,1049,6783,56,33540,400360,393521,393577,26757
MLFQ,6570,6784,72,33544,457922,451066,451138,26760
MLFQ,4818,6785,30,33552,265031,258216,258246,26767
MLFQ,8921,6786,62,33556,432329,425481,425543,26770
MLFQ,1890,6787,65,33560,445935,439083,439148,26773
MLFQ,2604,6788,57,33564,417122,410277,410334,26776
MLFQ,7179,6789,1,33572,33573,26783,26784,26783
MLFQ,2957,6789,34,33573,291673,284850,284884,26784
MLFQ,8449,6791,35,33577,291676,284850,284885,26786
MLFQ,4893,6792,31,33581,265058,258235,258266,26789
MLFQ,7068,6792,93,33585,495984,489099,489192,26793
MLFQ,2143,6793,90,33593,493654,486771,486861,26800
MLFQ,8461,6794,33,33597,291687,284860,284893,26803
MLFQ,7229,6794,52,33601,382012,375166,375218,26807
MLFQ,6153,6795,75,33605,468322,461452,461527,26810
MLFQ,2787,6796,28,33609,236995,230171,230199,26813
MLFQ,4520,6797,77,33617,477061,470187,470264,26820
MLFQ,4809,6799,79,33621,477064,470186,470265,26822
MLFQ,390,6799,47,33625,361958,355112,355159,26826
MLFQ,6838,6799,38,33629,316745,309908,309946,26830
MLFQ,8020,6800,17,33633,175994,169177,169194,26833
MLFQ,3985,6801,37,33641,316750,309912,309949,26840
MLFQ,5780,6801,33,33645,291720,284886,284919,26844
MLFQ,549,6801,57,33649,417143,410285,410342,26848
MLFQ,8745,6802,66,33653,445957,439089,439155,26851
MLFQ,503,6806,91,33661,493657,486760,486851,26855
MLFQ,9149,6806,7,33665,71730,64917,64924,26859
MLFQ,9092,6806,69,33669,457947,451072,451141,26863
MLFQ,1927,6807,53,33673,400416,393556,393609,26866
MLFQ,800,6809,31,33681,265137,258297,258328,26872
MLFQ,1171,6809,61,33685,432370,425500,425561,26876
MLFQ,6428,6811,88,33689,489789,482890,482978,26878
MLFQ,3964,6811,92,33693,493661,486758,486850,26882
MLFQ,8690,6811,1,33697,33698,26886,26887,26886
MLFQ,1790,6812,52,33698,382068,375204,375256,26886
MLFQ,2002,6813,60,33706,417175,410302,410362,26893
MLFQ,3895,6815,40,33710,316802,309947,309987,26895
MLFQ,2714,6816,32,33714,265169,258321,258353,26898
MLFQ,9519,6818,67,33722,445980,439095,439162,26904
MLFQ,633,6819,5,33726,71787,64963,64968,26907
MLFQ,1209,6819,46,33730,362012,355147,355193,26911
MLFQ,6340,6821,36,33734,291784,284927,284963,26913
MLFQ,8987,6823,72,33742,457963,451068,451140,26919
MLFQ,2527,6823,38,33746,316820,309959,309997,26923
MLFQ,7151,6825,52,33750,382088,375211,375263,26925
MLFQ,9728,6828,31,33758,265200,258341,258372,26930
MLFQ,5088,6828,34,33762,291802,284940,284974,26934
MLFQ,7340,6830,31,33770,265211,258350,258381,26940
MLFQ,455,6833,56,33774,400454,393565,393621,26941
MLFQ,7881,6833,76,33778,468350,461441,461517,26945
MLFQ,8394,6837,87,33786,489796,482872,482959,26949
MLFQ,4177,6837,64,33790,432402,425501,425565,26953
MLFQ,4625,6837,55,33794,400469,393577,393632,26957
MLFQ,4161,6838,31,33798,265234,258365,258396,26960
MLFQ,9313,6839,19,33802,176141,169283,169302,26963
MLFQ,7862,6839,12,33806,108363,101512,101524,26967
MLFQ,2364,6841,90,33814,493664,486733,486823,26973
MLFQ,7114,6841,42,33818,340308,333425,333467,26977
MLFQ,8115,6843,12,33822,108379,101524,101536,26979
MLFQ,8223,6843,21,33826,207474,200610,200631,26983
MLFQ,4633,6845,21,33834,207479,200613,200634,26989
MLFQ,3166,6846,52,33838,382128,375230,375282,26992
MLFQ,8233,6849,92,33842,493668,486727,486819,26993
MLFQ,6424,6851,91,33846,493671,486729,486820,26995
MLFQ,5739,6852,32,33852,265266,258382,258414,27000
MLFQ,2544,6852,74,33856,468376,461450,461524,27004
MLFQ,7671,6852,61,33860,432427,425514,425575,27008
MLFQ,1140,6852,63,33864,432430,425515,425578,27012
MLFQ,9711,6852,61,33868,432431,425518,425579,27016
MLFQ,8313,6853,95,33872,495987,489039,489134,27019
MLFQ,7566,6854,63,33876,432438,425521,425584,27022
MLFQ,4933,6854,27,33880,237212,230331,230358,27026
MLFQ,9750,6854,47,33884,362099,355198,355245,27030
MLFQ,4375,6855,40,33888,316908,310013,310053,27033
MLFQ,6590,6856,81,33896,484291,477354,477435,27040
MLFQ,9827,6857,31,33900,265309,258421,258452,27043
MLFQ,5950,6858,11,33904,108458,101589,101600,27046
MLFQ,4065,6859,74,33908,468390,461457,461531,27049
MLFQ,7353,6860,79,33916,477117,470178,470257,27056
MLFQ,9126,6860,73,33920,468395,461462,461535,27060
MLFQ,8013,6861,50,33924,382182,375271,375321,27063
MLFQ,7143,6862,93,33928,495988,489033,489126,27066
MLFQ,74,6863,63,33932,432465,425539,425602,27069
MLFQ,3814,6864,7,33940,71998,65127,65134,27076
MLFQ,7237,6865,44,33944,340388,333479,333523,27079
MLFQ,2434,6868,64,33952,432473,425541,425605,27084
MLFQ,5394,6869,81,33956,484300,477350,477431,27087
MLFQ,2193,6869,81,33960,484301,477351,477432,27091
MLFQ,1914,6869,42,33964,340406,333495,333537,27095
MLFQ,7145,6870,53,33968,400558,393635,393688,27098
MLFQ,3621,6871,80,33972,477137,470186,470266,27101
MLFQ,63,6873,6,33980,72036,65157,65163,27107
MLFQ,7163,6875,38,33984,316982,310069,310107,27109
MLFQ,6798,6878,85,33992,489826,482863,482948,27114
MLFQ,718,6881,3,34000,34003,27119,27122,27119
MLFQ,1405,6881,16,34003,143260,136363,136379,27122
MLFQ,6777,6881,78,34007,477143,470184,470262,27126
MLFQ,814,6882,15,34011,143267,136370,136385,27129
MLFQ,9234,6883,24,34015,207631,200724,200748,27132
MLFQ,9597,6884,79,34022,477146,470183,470262,27138
MLFQ,8905,6889,93,34030,495989,489007,489100,27141
MLFQ,9933,6890,29,34034,265406,258487,258516,27144
MLFQ,839,6891,72,34038,458063,451100,451172,27147
MLFQ,137,6892,63,34046,432512,425557,425620,27154
MLFQ,2785,6892,24,34050,207659,200743,200767,27158
MLFQ,284,6893,6,34054,72102,65203,65209,27161
MLFQ,5389,6893,76,34058,468436,461467,461543,27165
MLFQ,1885,6894,63,34062,432519,425562,425625,27168
MLFQ,1692,6895,47,34066,362198,355256,355303,27171
MLFQ,7812,6895,3,34070,34073,27175,27178,27175
MLFQ,4967,6897,33,34077,292015,285085,285118,27180
MLFQ,989,6898,96,34081,495993,488999,489095,27183
MLFQ,5517,6899,68,34085,446101,439134,439202,27186
MLFQ,2412,6900,36,34093,292031,285095,285131,27193
MLFQ,3938,6901,99,34097,496930,489930,490029,27196
MLFQ,4371,6901,76,34101,468452,461475,461551,27200
MLFQ,8359,6902,82,34105,484322,477338,477420,27203
MLFQ,3001,6905,23,34113,207710,200782,200805,27208
MLFQ,442,6905,48,34117,362227,355274,355322,27212
MLFQ,6918,6906,3,34121,34124,27215,27218,27215
MLFQ,7649,6906,20,34124,176409,169483,169503,27218
MLFQ,2114,6907,57,34128,417352,410388,410445,27221
MLFQ,2239,6910,4,34136,34140,27226,27230,27226
MLFQ,117,6910,59,34140,417355,410386,410445,27230
MLFQ,5033,6911,7,34144,72177,65259,65266,27233
MLFQ,8287,6912,66,34152,446119,439141,439207,27240
MLFQ,5540,6915,85,34156,489839,482839,482924,27241
MLFQ,3842,6915,16,34160,143387,136456,136472,27245
MLFQ,1620,6917,86,34168,489841,482838,482924,27251
MLFQ,3321,6919,90,34172,493693,486684,486774,27253
MLFQ,3171,6919,72,34176,458111,451120,451192,27257
MLFQ,9795,6922,81,34184,484340,477337,477418,27262
MLFQ,6136,6923,1,34188,34189,27265,27266,27265
MLFQ,1817,6924,60,34193,417391,410407,410467,27269
MLFQ,5703,6924,25,34197,237438,230489,230514,27273
MLFQ,1441,6924,21,34201,207767,200822,200843,27277
MLFQ,4667,6928,65,34209,446144,439151,439216,27281
MLFQ,2118,6928,52,34213,382330,375350,375402,27285
MLFQ,1874,6936,42,34225,340556,333578,333620,27289
MLFQ,783,6937,15,34229,143450,136498,136513,27292
MLFQ,5890,6937,5,34233,72262,65320,65325,27296
MLFQ,560,6938,85,34237,489846,482823,482908,27299
MLFQ,119,6938,62,34241,432589,425589,425651,27303
MLFQ,670,6938,88,34245,489850,482824,482912,27307
MLFQ,9546,6939,96,34249,496001,488966,489062,27310
MLFQ,4848,6940,22,34257,207806,200844,200866,27317
MLFQ,723,6941,96,34261,496005,488968,489064,27320
MLFQ,7999,6941,18,34265,176515,169556,169574,27324
MLFQ,926,6941,91,34269,493704,486672,486763,27328
MLFQ,8308,6942,41,34273,340581,333598,333639,27331
MLFQ,5875,6943,59,34277,417426,410424,410483,27334
MLFQ,8737,6943,1,34281,34282,27338,27339,27338
MLFQ,938,6943,21,34282,207823,200859,200880,27339
MLFQ,7395,6944,53,34290,400705,393708,393761,27346
MLFQ,269,6944,88,34294,489866,482834,482922,27350
MLFQ,6161,6947,99,34298,496933,489887,489986,27351
MLFQ,5689,6947,30,34302,265580,258603,258633,27355
MLFQ,7973,6948,25,34310,237511,230538,230563,27362
MLFQ,13,6949,93,34314,496010,488968,489061,27365
MLFQ,813,6949,48,34318,362339,355342,355390,27369
MLFQ,719,6949,18,34322,176565,169598,169616,27373
MLFQ,7425,6952,72,34330,458155,451131,451203,27378
MLFQ,4257,6953,55,34334,400724,393716,393771,27381
MLFQ,5863,6957,42,34342,340623,333624,333666,27385
MLFQ,8947,6957,70,34346,458157,451130,451200,27389
MLFQ,7442,6957,7,34350,72373,65409,65416,27393
MLFQ,6419,6960,96,34358,496014,488958,489054,27398
MLFQ,1253,6960,93,34362,496015,488962,489055,27402
MLFQ,5969,6961,15,34366,143566,136590,136605,27405
MLFQ,8952,6963,39,34370,317209,310207,310246,27407
MLFQ,3027,6963,21,34374,207890,200906,200927,27411
MLFQ,9309,6963,83,34378,484383,477337,477420,27415
MLFQ,6308,6964,79,34386,477237,470194,470273,27422
MLFQ,6030,6965,43,34390,340646,333638,333681,27425
MLFQ,6923,6966,89,34394,493721,486666,486755,27428
MLFQ,387,6966,1,34398,34399,27432,27433,27432
MLFQ,7893,6967,16,34399,143598,136615,136631,27432
MLFQ,3891,6968,63,34407,432648,425617,425680,27439
MLFQ,669,6970,4,34411,34415,27441,27445,27441
MLFQ,2561,6971,25,34415,237576,230580,230605,27444
MLFQ,350,6971,31,34419,265647,258645,258676,27448
MLFQ,3881,6972,27,34427,237583,230584,230611,27455
MLFQ,9508,6973,54,34431,400754,393727,393781,27458
MLFQ,4327,6974,83,34435,484390,477333,477416,27461
MLFQ,3418,6976,6,34443,72455,65473,65479,27467
MLFQ,8460,6979,12,34447,108933,101942,101954,27468
MLFQ,2234,6979,61,34451,432653,425613,425674,27472
MLFQ,2931,6980,18,34459,176659,169661,169679,27479
MLFQ,1759,6980,31,34463,265662,258651,258682,27483
MLFQ,2632,6980,58,34467,417480,410442,410500,27487
MLFQ,3061,6980,77,34471,477246,470189,470266,27491
MLFQ,8717,6981,77,34475,477247,470189,470266,27494
MLFQ,776,6981,53,34479,400775,393741,393794,27498
MLFQ,1175,6981,19,34483,176682,169682,169701,27502
MLFQ,9837,6981,8,34487,72499,65510,65518,27506
MLFQ,4188,6982,82,34491,484392,477328,477410,27509
MLFQ,7796,6982,38,34495,317266,310246,310284,27513
MLFQ,6154,6984,6,34503,72513,65523,65529,27519
MLFQ,2507,6985,20,34507,176698,169693,169713,27522
MLFQ,7186,6985,83,34511,484395,477327,477410,27526
MLFQ,6900,6985,80,34515,477259,470194,470274,27530
MLFQ,7142,6986,37,34519,317279,310256,310293,27533
MLFQ,853,6986,64,34523,432680,425630,425694,27537
MLFQ,887,6988,13,34531,143695,136694,136707,27543
MLFQ,3667,6989,52,34535,382466,375425,375477,27546
MLFQ,2897,6990,38,34539,317289,310261,310299,27549
MLFQ,4433,6992,53,34547,400800,393755,393808,27555
MLFQ,2837,6993,57,34551,417513,410463,410520,27558
MLFQ,4538,6995,14,34555,143717,136708,136722,27560
MLFQ,715,6996,60,34563,417517,410461,410521,27567
MLFQ,5842,6996,94,34567,496017,488927,489021,27571
MLFQ,6860,6996,19,34571,176749,169734,169753,27575
MLFQ,6415,6997,57,34575,417522,410468,410525,27578
MLFQ,5031,6998,5,34579,72586,65583,65588,27581
MLFQ,6173,6998,66,34583,446238,439174,439240,27585
MLFQ,2690,6999,57,34587,417527,410471,410528,27588
MLFQ,9846,6999,66,34591,446240,439175,439241,27592
MLFQ,4478,6999,96,34595,496021,488926,489022,27596
MLFQ,4616,7000,96,34603,496025,488929,489025,27603
MLFQ,1932,7000,57,34607,417544,410487,410544,27607
MLFQ,8090,7001,93,34611,496026,488932,489025,27610
MLFQ,8874,7002,6,34615,72620,65612,65618,27613
MLFQ,4127,7002,45,34619,362486,355439,355484,27617
MLFQ,2061,7002,45,34623,362487,355440,355485,27621
MLFQ,7781,7002,44,34627,340777,333731,333775,27625
MLFQ,725,7002,89,34631,493738,486647,486736,27629
MLFQ,2283,7003,3,34635,34638,27632,27635,27632
MLFQ,420,7004,8,34642,72644,65632,65640,27638
MLFQ,1667,7005,6,34646,72646,65635,65641,27641
MLFQ,3350,7006,21,34650,208071,201044,201065,27644
MLFQ,5158,7008,52,34658,382530,375470,375522,27650
MLFQ,1248,7009,38,34662,317371,310324,310362,27653
MLFQ,1468,7009,65,34666,446261,439187,439252,27657
MLFQ,1850,7010,22,34670,208085,201053,201075,27660
MLFQ,6022,7011,87,34674,489909,482811,482898,27663
MLFQ,6027,7011,39,34678,317382,310332,310371,27667
MLFQ,3278,7011,25,34682,237748,230712,230737,27671
MLFQ,8750,7012,66,34690,446267,439189,439255,27678
MLFQ,7913,7013,51,34694,382545,375481,375532,27681
MLFQ,1606,7014,52,34698,382549,375483,375535,27684
MLFQ,5511,7016,97,34706,496934,489821,489918,27690
MLFQ,3177,7016,87,34710,489916,482813,482900,27694
MLFQ,9658,7022,51,34718,382560,375487,375538,27696
MLFQ,292,7022,73,34722,468593,461498,461571,27700
MLFQ,4691,7023,55,34726,400879,393801,393856,27703
MLFQ,3879,7024,71,34734,458244,451149,451220,27710
MLFQ,8473,7024,71,34738,458247,451152,451223,27714
MLFQ,9630,7025,30,34742,265860,258805,258835,27717
MLFQ,653,7026,3,34746,34749,27720,27723,27720
MLFQ,385,7027,38,34749,317432,310367,310405,27722
MLFQ,7351,7027,65,34753,446288,439196,439261,27726
MLFQ,1516,7027,26,34757,237810,230757,230783,27730
MLFQ,9293,7028,15,34765,143900,136857,136872,27737
MLFQ,1731,7029,93,34769,496031,488909,489002,27740
MLFQ,2265,7031,19,34773,176911,169861,169880,27742
MLFQ,4178,7031,22,34777,208169,201116,201138,27746
MLFQ,3625,7032,25,34785,237815,230758,230783,27753
MLFQ,9409,7032,78,34789,477301,470191,470269,27757
MLFQ,9960,7032,11,34793,109234,102191,102202,27761
MLFQ,9112,7034,57,34797,417597,410506,410563,27763
MLFQ,125,7035,56,34801,400907,393816,393872,27766
MLFQ,5482,7036,87,34809,489923,482800,482887,27773
MLFQ,8260,7036,63,34813,432765,425666,425729,27777
MLFQ,4606,7036,6,34817,72807,65765,65771,27781
MLFQ,5622,7037,20,34821,176947,169890,169910,27784
MLFQ,46,7041,70,34829,458261,451150,451220,27788
MLFQ,9467,7041,11,34833,109269,102217,102228,27792
MLFQ,896,7041,71,34837,458264,451152,451223,27796
MLFQ,9844,7042,62,34841,432775,425671,425733,27799
MLFQ,737,7043,10,34845,109279,102226,102236,27802
MLFQ,9982,7044,59,34853,417624,410521,410580,27809
MLFQ,2077,7045,15,34857,143971,136911,136926,27812
MLFQ,1895,7052,72,34869,458272,451148,451220,27817
MLFQ,6409,7054,92,34873,493750,486604,486696,27819
MLFQ,6028,7055,96,34877,496035,488884,488980,27822
MLFQ,555,7056,69,34885,458281,451156,451225,27829
MLFQ,1656,7057,25,34889,237884,230802,230827,27832
MLFQ,1480,7059,88,34893,489935,482788,482876,27834
MLFQ,6430,7060,24,34901,208257,201173,201197,27841
MLFQ,8440,7060,81,34905,484457,477316,477397,27845
MLFQ,9340,7062,77,34909,477330,470191,470268,27847
MLFQ,1715,7062,14,34913,144025,136949,136963,27851
MLFQ,8253,7062,70,34917,458299,451167,451237,27855
MLFQ,7213,7064,88,34925,489940,482788,482876,27861
MLFQ,2879,7064,13,34929,144038,136961,136974,27865
MLFQ,8018,7065,71,34933,458310,451174,451245,27868
MLFQ,6065,7067,18,34937,177035,169950,169968,27870
MLFQ,1337,7069,83,34945,484467,477315,477398,27876
MLFQ,8958,7069,64,34949,432835,425702,425766,27880
MLFQ,2932,7069,55,34953,400994,393870,393925,27884
MLFQ,4439,7069,97,34957,496935,489769,489866,27888
MLFQ,3756,7071,68,34961,446372,439233,439301,27890
MLFQ,6218,7072,7,34969,72958,65879,65886,27897
MLFQ,388,7079,68,34977,446380,439233,439301,27898
MLFQ,5462,7080,25,34985,237949,230844,230869,27905
MLFQ,5345,7080,6,34989,72976,65890,65896,27909
MLFQ,4052,7081,29,34993,266004,258894,258923,27912
MLFQ,3909,7081,88,34997,489948,482779,482867,27916
MLFQ,4154,7082,80,35001,477358,470196,470276,27919
MLFQ,6361,7082,96,35005,496043,488865,488961,27923
MLFQ,5393,7082,58,35009,417714,410574,410632,27927
MLFQ,8677,7083,13,35013,144111,137015,137028,27930
MLFQ,8342,7083,66,35017,446394,439245,439311,27934
MLFQ,2202,7083,67,35021,446397,439247,439314,27938
MLFQ,1150,7083,13,35025,144120,137024,137037,27942
MLFQ,3054,7084,84,35033,484483,477315,477399,27949
MLFQ,4194,7086,80,35037,477372,470206,470286,27951
MLFQ,8410,7086,65,35041,446410,439259,439324,27955
MLFQ,5595,7088,17,35049,177127,170022,170039,27961
MLFQ,2195,7088,10,35053,109477,102379,102389,27965
MLFQ,5628,7090,17,35057,177128,170021,170038,27967
MLFQ,3210,7094,27,35065,238004,230883,230910,27971
MLFQ,7503,7095,1,35069,35070,27974,27975,27974
MLFQ,2628,7096,77,35070,477373,470200,470277,27974
MLFQ,2498,7097,31,35074,266059,258931,258962,27977
MLFQ,214,7098,50,35078,382758,375610,375660,27980
MLFQ,50,7099,82,35082,484485,477304,477386,27983
MLFQ,5582,7099,54,35086,401072,393919,393973,27987
MLFQ,5928,7099,84,35090,484489,477306,477390,27991
MLFQ,2198,7099,62,35094,432909,425748,425810,27995
MLFQ,1566,7099,24,35098,208408,201285,201309,27999
MLFQ,1225,7101,93,35106,496044,488850,488943,28005
MLFQ,9926,7102,71,35110,458374,451201,451272,28008
MLFQ,1897,7102,67,35114,446445,439276,439343,28012
MLFQ,642,7102,21,35118,208425,201302,201323,28016
MLFQ,5753,7104,90,35126,493768,486574,486664,28022
MLFQ,7980,7105,46,35130,362766,355615,355661,28025
MLFQ,3604,7106,91,35134,493771,486574,486665,28028
MLFQ,4866,7108,2,35142,35144,28034,28036,28034
MLFQ,7523,7111,48,35144,362778,355619,355667,28033
MLFQ,1032,7112,70,35152,458384,451202,451272,28040
MLFQ,1821,7114,43,35156,341081,333924,333967,28042
MLFQ,625,7114,53,35160,401113,393946,393999,28046
MLFQ,1728,7115,36,35164,292694,285543,285579,28049
MLFQ,5381,7116,16,35172,144256,137124,137140,28056
MLFQ,1851,7117,8,35176,73159,66034,66042,28059
MLFQ,3911,7117,60,35180,417798,410621,410681,28063
MLFQ,4453,7117,92,35184,493775,486566,486658,28067
MLFQ,5892,7118,52,35188,382826,375656,375708,28070
MLFQ,4714,7119,86,35192,489970,482765,482851,28073
MLFQ,1268,7119,89,35196,493776,486568,486657,28077
MLFQ,2020,7121,9,35204,109614,102484,102493,28083
MLFQ,3222,7122,84,35208,484521,477315,477399,28086
MLFQ,2006,7123,31,35212,266168,259014,259045,28089
MLFQ,6167,7124,62,35220,432963,425777,425839,28096
MLFQ,4334,7124,34,35224,292732,285574,285608,28100
MLFQ,1281,7124,35,35228,292735,285576,285611,28104
MLFQ,204,7125,36,35232,292739,285578,285614,28107
MLFQ,1312,7126,87,35236,489981,482768,482855,28110
MLFQ,9550,7126,84,35240,484529,477319,477403,28114
MLFQ,5965,7127,39,35244,317731,310565,310604,28117
MLFQ,2261,7128,13,35252,144324,137183,137196,28124
MLFQ,7117,7129,40,35256,317739,310570,310610,28127
MLFQ,4226,7129,97,35260,496936,489710,489807,28131
MLFQ,9764,7130,71,35264,458423,451222,451293,28134
MLFQ,5087,7130,5,35268,73248,66113,66118,28138
MLFQ,6889,7131,72,35272,458427,451224,451296,28141
MLFQ,2579,7133,2,35280,35282,28147,28149,28147
MLFQ,7365,7135,39,35282,317758,310584,310623,28147
MLFQ,4928,7135,12,35286,109690,102543,102555,28151
MLFQ,2082,7137,67,35294,446512,439308,439375,28157
MLFQ,1306,7138,70,35298,458433,451225,451295,28160
MLFQ,8017,7140,45,35306,362867,355682,355727,28166
MLFQ,684,7140,31,35310,266247,259076,259107,28170
MLFQ,1180,7141,37,35314,317779,310601,310638,28173
MLFQ,7056,7141,91,35318,493784,486552,486643,28177
MLFQ,4825,7143,45,35322,362872,355684,355729,28179
MLFQ,9671,7145,39,35330,317790,310606,310645,28185
MLFQ,8505,7146,48,35334,362876,355682,355730,28188
MLFQ,1004,7147,88,35338,489997,482762,482850,28191
MLFQ,5018,7148,3,35346,35349,28198,28201,28198
MLFQ,7423,7151,44,35349,341193,333998,334042,28198
MLFQ,2967,7151,79,35353,477448,470218,470297,28202
MLFQ,1881,7151,43,35357,341200,334006,334049,28206
MLFQ,2100,7154,13,35365,144421,137254,137267,28211
MLFQ,2706,7155,30,35369,266295,259110,259140,28214
MLFQ,2739,7156,30,35377,266301,259115,259145,28221
MLFQ,9595,7156,61,35381,433023,425806,425867,28225
MLFQ,243,7158,91,35385,493787,486538,486629,28227
MLFQ,6664,7160,79,35393,477455,470216,470295,28233
MLFQ,3394,7160,69,35397,458458,451229,451298,28237
MLFQ,3181,7161,33,35401,292864,285670,285703,28240
MLFQ,5992,7162,38,35405,317840,310640,310678,28243
MLFQ,3710,7162,31,35409,266328,259135,259166,28247
MLFQ,6224,7164,36,35417,292876,285676,285712,28253
MLFQ,490,7164,90,35421,493789,486535,486625,28257
MLFQ,5468,7164,57,35425,417910,410689,410746,28261
MLFQ,2273,7165,64,35429,433047,425818,425882,28264
MLFQ,3028,7166,40,35433,317860,310654,310694,28267
MLFQ,2573,7167,51,35437,382947,375729,375780,28270
MLFQ,7308,7169,3,35445,35448,28276,28279,28276
MLFQ,6956,7169,93,35448,496049,488787,488880,28279
MLFQ,6791,7170,41,35452,341253,334042,334083,28282
MLFQ,3257,7170,92,35456,493797,486535,486627,28286
MLFQ,9644,7171,7,35460,73431,66253,66260,28289
MLFQ,8450,7171,41,35464,341258,334046,334087,28293
MLFQ,7661,7173,29,35472,266381,259179,259208,28299
MLFQ,7756,7174,7,35476,73446,66265,66272,28302
MLFQ,1785,7175,81,35480,484567,477311,477392,28305
MLFQ,4225,7175,68,35484,446572,439329,439397,28309
MLFQ,2184,7177,55,35492,401268,394036,394091,28315
MLFQ,3916,7178,48,35496,362964,355738,355786,28318
MLFQ,2086,7179,77,35500,477472,470216,470293,28321
MLFQ,1643,7179,33,35504,292941,285729,285762,28325
MLFQ,2726,7183,1,35512,35513,28329,28330,28329
MLFQ,2584,7183,5,35513,73479,66291,66296,28330
MLFQ,1178,7184,95,35521,496052,488773,488868,28337
MLFQ,4344,7185,96,35525,496056,488775,488871,28340
MLFQ,1086,7186,63,35529,433082,425833,425896,28343
MLFQ,3398,7186,38,35533,317922,310698,310736,28347
MLFQ,516,7186,34,35537,292959,285739,285773,28351
MLFQ,8534,7187,95,35541,496059,488777,488872,28354
MLFQ,9204,7188,12,35549,109929,102729,102741,28361
MLFQ,5001,7189,1,35553,35554,28364,28365,28364
MLFQ,3153,7190,23,35554,208788,201575,201598,28364
MLFQ,683,7190,53,35558,401289,394046,394099,28368
MLFQ,8570,7190,19,35562,177559,170350,170369,28372
MLFQ,9288,7192,38,35570,317932,310702,310740,28378
MLFQ,4563,7192,75,35574,468802,461535,461610,28382
MLFQ,5494,7192,98,35578,496938,489648,489746,28386
MLFQ,9862,7192,61,35582,433095,425842,425903,28390
MLFQ,531,7192,59,35586,417971,410720,410779,28394
MLFQ,2530,7193,5,35590,73552,66354,66359,28397
MLFQ,6577,7194,74,35594,468808,461540,461614,28400
MLFQ,8664,7195,61,35598,433100,425844,425905,28403
MLFQ,1014,7196,80,35606,477492,470216,470296,28410
MLFQ,3693,7196,91,35610,493816,486529,486620,28414
MLFQ,5406,7204,57,35622,417994,410733,410790,28418
MLFQ,9301,7205,24,35626,208848,201619,201643,28421
MLFQ,3885,7206,84,35630,484595,477305,477389,28424
MLFQ,6790,7206,69,35634,458525,451250,451319,28428
MLFQ,4979,7206,26,35638,238470,231238,231264,28432
MLFQ,342,7206,18,35642,177629,170405,170423,28436
MLFQ,1328,7206,23,35646,208863,201634,201657,28440
MLFQ,84,7208,12,35654,110029,102809,102821,28446
MLFQ,5499,7209,23,35658,208866,201634,201657,28449
MLFQ,9184,7209,88,35662,490041,482744,482832,28453
MLFQ,6808,7210,32,35666,266505,259263,259295,28456
MLFQ,5228,7211,96,35670,496068,488761,488857,28459
MLFQ,6425,7211,18,35674,177651,170422,170440,28463
MLFQ,4235,7212,88,35682,490049,482749,482837,28470
MLFQ,7874,7213,42,35686,341376,334121,334163,28473
MLFQ,3549,7214,29,35690,266522,259279,259308,28476
MLFQ,1382,7214,10,35694,110067,102843,102853,28480
MLFQ,105,7215,79,35698,477519,470225,470304,28483
MLFQ,6017,7216,27,35706,238505,231262,231289,28490
MLFQ,9702,7218,7,35710,73671,66446,66453,28492
MLFQ,1113,7218,47,35714,363067,355802,355849,28496
MLFQ,8576,7219,23,35718,208909,201667,201690,28499
MLFQ,1109,7221,75,35726,468843,461547,461622,28505
MLFQ,6863,7225,29,35734,266539,259285,259314,28509
MLFQ,7009,7226,38,35738,318025,310761,310799,28512
MLFQ,4200,7226,7,35742,73702,66469,66476,28516
MLFQ,8500,7226,5,35746,73703,66472,66477,28520
MLFQ,3169,7226,38,35750,318027,310763,310801,28524
MLFQ,9039,7226,83,35754,484610,477301,477384,28528
MLFQ,1930,7227,89,35758,493825,486509,486598,28531
MLFQ,2703,7230,38,35763,318037,310769,310807,28533
MLFQ,1841,7232,55,35771,401381,394094,394149,28539
MLFQ,8289,7232,27,35775,238552,231293,231320,28543
MLFQ,8046,7233,82,35779,484616,477301,477383,28546
MLFQ,9077,7234,1,35783,35784,28549,28550,28549
MLFQ,5360,7235,31,35784,266574,259308,259339,28549
MLFQ,5736,7236,1,35792,35793,28556,28557,28556
MLFQ,3668,7236,29,35793,266575,259310,259339,28557
MLFQ,5510,7237,77,35797,477532,470218,470295,28560
MLFQ,9836,7238,7,35801,73754,66509,66516,28563
MLFQ,699,7239,53,35805,401390,394098,394151,28566
MLFQ,2553,7239,82,35809,484618,477297,477379,28570
MLFQ,4972,7240,8,35817,73770,66522,66530,28577
MLFQ,3815,7240,17,35821,177764,170507,170524,28581
MLFQ,782,7240,29,35825,266590,259321,259350,28585
MLFQ,3156,7241,43,35829,341423,334139,334182,28588
MLFQ,552,7241,99,35833,496941,489601,489700,28592
MLFQ,6328,7242,89,35837,493830,486499,486588,28595
MLFQ,4382,7243,69,35841,458575,451263,451332,28598
MLFQ,5104,7244,32,35849,266614,259338,259370,28605
MLFQ,7978,7244,47,35853,363122,355831,355878,28609
MLFQ,688,7245,10,35857,110205,102950,102960,28612
MLFQ,7701,7246,79,35861,477547,470222,470301,28615
MLFQ,5998,7246,75,35865,468878,461557,461632,28619
MLFQ,9180,7249,84,35873,484630,477297,477381,28624
MLFQ,8485,7251,9,35877,110222,102962,102971,28626
MLFQ,426,7253,78,35885,477553,470222,470300,28632
MLFQ,9814,7255,9,35889,110231,102967,102976,28634
MLFQ,3641,7256,26,35897,238642,231360,231386,28641
MLFQ,5457,7257,9,35901,110240,102974,102983,28644
MLFQ,6385,7257,66,35905,446694,439371,439437,28648
MLFQ,8052,7258,59,35909,418085,410768,410827,28651
MLFQ,7593,7259,83,35913,484633,477291,477374,28654
MLFQ,3968,7260,33,35921,293168,285875,285908,28661
MLFQ,3643,7262,40,35925,318125,310823,310863,28663
MLFQ,9294,7262,90,35929,493832,486480,486570,28667
MLFQ,7527,7262,32,35933,266674,259380,259412,28671
MLFQ,3575,7263,51,35937,383166,375852,375903,28674
MLFQ,4751,7263,55,35941,401448,394130,394185,28678
MLFQ,2536,7264,73,35949,468899,461562,461635,28685
MLFQ,5891,7264,10,35953,110290,103016,103026,28689
MLFQ,7064,7265,7,35957,73909,66637,66644,28692
MLFQ,5708,7265,79,35961,477568,470224,470303,28696
MLFQ,1509,7266,46,35965,363176,355864,355910,28699
MLFQ,674,7266,45,35969,363177,355866,355911,28703
MLFQ,529,7266,74,35973,468905,461565,461639,28707
MLFQ,3031,7269,2,35981,35983,28712,28714,28712
MLFQ,5086,7269,86,35983,490068,482713,482799,28714
MLFQ,1,7270,89,35987,493833,486474,486563,28717
MLFQ,7664,7271,66,35991,446728,439391,439457,28720
MLFQ,9880,7272,34,35999,293226,285920,285954,28727
MLFQ,1374,7274,54,36003,401478,394150,394204,28729
MLFQ,4567,7279,97,36011,496942,489566,489663,28732
MLFQ,177,7280,73,36019,468922,461569,461642,28739
MLFQ,7898,7280,72,36023,458639,451287,451359,28743
MLFQ,7710,7280,23,36027,209160,201857,201880,28747
MLFQ,7036,7281,34,36031,293252,285937,285971,28750
MLFQ,9189,7282,44,36035,341555,334229,334273,28753
MLFQ,7138,7282,1,36039,36040,28757,28758,28757
MLFQ,4480,7282,5,36040,73986,66699,66704,28758
MLFQ,1912,7285,48,36048,363229,355896,355944,28763
MLFQ,1394,7287,46,36052,363231,355898,355944,28765
MLFQ,9143,7287,15,36056,145004,137702,137717,28769
MLFQ,6141,7288,39,36064,318222,310895,310934,28776
MLFQ,3656,7291,62,36068,433258,425905,425967,28777
MLFQ,4021,7291,49,36072,383235,375895,375944,28781
MLFQ,1411,7291,63,36076,433261,425907,425970,28785
MLFQ,8089,7292,70,36084,458641,451279,451349,28792
MLFQ,1639,7294,44,36088,341591,334253,334297,28794
MLFQ,3768,7294,2,36092,36094,28798,28800,28798
MLFQ,3100,7295,83,36094,484660,477282,477365,28799
MLFQ,2304,7295,7,36098,74041,66739,66746,28803
MLFQ,3848,7296,76,36106,468930,461558,461634,28810
MLFQ,8318,7297,10,36110,110424,103117,103127,28813
MLFQ,5573,7297,32,36114,266810,259481,259513,28817
MLFQ,5757,7299,49,36118,383252,375904,375953,28819
MLFQ,4539,7299,46,36122,363265,355920,355966,28823
MLFQ,3750,7304,44,36134,341615,334267,334311,28830
MLFQ,9113,7309,1,36142,36143,28833,28834,28833
MLFQ,8486,7310,3,36143,36146,28833,28836,28833
MLFQ,6303,7311,1,36146,36147,28835,28836,28835
MLFQ,1085,7311,19,36147,178025,170695,170714,28836
MLFQ,1886,7311,49,36151,383257,375897,375946,28840
MLFQ,643,7312,70,36159,458658,451276,451346,28847
MLFQ,1390,7312,18,36163,178039,170709,170727,28851
MLFQ,8791,7313,66,36167,446773,439394,439460,28854
MLFQ,9657,7313,40,36171,318286,310933,310973,28858
MLFQ,6783,7314,31,36175,266849,259504,259535,28861
MLFQ,1436,7314,5,36179,74114,66795,66800,28865
MLFQ,7635,7314,15,36183,145103,137774,137789,28869
MLFQ,6268,7318,76,36191,468938,461544,461620,28873
MLFQ,8371,7320,84,36199,484672,477268,477352,28879
MLFQ,8023,7320,77,36203,477601,470204,470281,28883
MLFQ,2351,7321,71,36207,458677,451285,451356,28886
MLFQ,6101,7322,46,36211,363307,355939,355985,28889
MLFQ,4209,7323,99,36215,496945,489523,489622,28892
MLFQ,5825,7325,62,36223,433315,425928,425990,28898
MLFQ,8490,7325,48,36227,363323,355950,355998,28902
MLFQ,977,7326,8,36231,74166,66832,66840,28905
MLFQ,1946,7327,71,36235,458684,451286,451357,28908
MLFQ,6045,7328,52,36243,383309,375929,375981,28915
MLFQ,5862,7329,90,36247,493851,486432,486522,28918
MLFQ,7101,7329,66,36251,446807,439412,439478,28922
MLFQ,2591,7329,32,36255,266913,259552,259584,28926
MLFQ,544,7330,71,36259,458691,451290,451361,28929
MLFQ,3751,7331,81,36263,484681,477269,477350,28932
MLFQ,4688,7331,30,36267,266923,259562,259592,28936
MLFQ,8167,7332,90,36275,493857,486435,486525,28943
MLFQ,6376,7334,99,36279,496948,489515,489614,28945
MLFQ,6470,7338,87,36287,490110,482685,482772,28949
MLFQ,9095,7338,83,36291,484700,477279,477362,28953
MLFQ,7045,7339,19,36295,178158,170800,170819,28956
MLFQ,301,7339,70,36299,458721,451312,451382,28960
MLFQ,2201,7340,6,36307,74240,66894,66900,28967
MLFQ,2085,7340,43,36311,341726,334343,334386,28971
MLFQ,9596,7342,16,36315,145225,137867,137883,28973
MLFQ,341,7343,72,36319,458725,451310,451382,28976
MLFQ,2487,7345,96,36327,496092,488651,488747,28982
MLFQ,9015,7345,92,36331,493869,486432,486524,28986
MLFQ,8924,7345,45,36335,363392,356002,356047,28990
MLFQ,5193,7345,39,36339,318405,311021,311060,28994
MLFQ,4580,7347,57,36343,418276,410872,410929,28996
MLFQ,6204,7347,7,36347,74279,66925,66932,29000
MLFQ,4845,7347,79,36351,477647,470221,470300,29004
MLFQ,5496,7349,4,36359,36363,29010,29014,29010
MLFQ,755,7350,12,36363,110651,103289,103301,29013
MLFQ,1773,7351,37,36367,318418,311030,311067,29016
MLFQ,3546,7352,98,36375,496950,489500,489598,29023
MLFQ,3841,7352,57,36379,418292,410883,410940,29027
MLFQ,2308,7353,23,36383,209429,202053,202076,29030
MLFQ,5205,7354,37,36387,318431,311040,311077,29033
MLFQ,3128,7355,39,36391,318434,311040,311079,29036
MLFQ,4298,7357,6,36399,74325,66962,66968,29042
MLFQ,504,7357,44,36403,341778,334377,334421,29046
MLFQ,2657,7358,80,36407,477663,470225,470305,29049
MLFQ,9786,7358,50,36411,383403,375995,376045,29053
MLFQ,3572,7361,56,36419,401672,394255,394311,29058
MLFQ,4941,7362,37,36423,318455,311056,311093,29061
MLFQ,9333,7364,31,36428,267042,259647,259678,29064
MLFQ,3577,7365,90,36432,493879,486424,486514,29067
MLFQ,5945,7366,73,36436,469019,461580,461653,29070
MLFQ,6591,7367,35,36440,293531,286129,286164,29073
MLFQ,6036,7367,81,36444,484724,477276,477357,29077
MLFQ,1166,7368,14,36452,145336,137954,137968,29084
MLFQ,9350,7368,43,36456,341805,334394,334437,29088
MLFQ,2741,7368,45,36460,363445,356032,356077,29092
MLFQ,5214,7370,62,36464,433413,425981,426043,29094
MLFQ,9017,7370,86,36468,490132,482676,482762,29098
MLFQ,6601,7371,69,36472,458772,451332,451401,29101
MLFQ,5080,7371,98,36476,496952,489483,489581,29105
MLFQ,9653,7372,30,36484,267088,259686,259716,29112
MLFQ,8999,7372,20,36488,178310,170918,170938,29116
MLFQ,2064,7373,69,36492,458781,451339,451408,29119
MLFQ,7571,7373,52,36496,383447,376022,376074,29123
MLFQ,2669,7374,56,36500,401712,394282,394338,29126
MLFQ,3960,7374,10,36504,110781,103397,103407,29130
MLFQ,5929,7376,29,36512,267105,259700,259729,29136
MLFQ,8669,7377,71,36516,458784,451336,451407,29139
MLFQ,8215,7378,20,36520,178338,170940,170960,29142
MLFQ,6566,7378,65,36524,446916,439473,439538,29146
MLFQ,2341,7378,70,36528,458786,451338,451408,29150
MLFQ,9761,7378,72,36532,458790,451340,451412,29154
MLFQ,8772,7378,16,36536,145416,138022,138038,29158
MLFQ,7896,7379,7,36540,74461,67075,67082,29161
MLFQ,2151,7380,18,36548,178356,170958,170976,29168
MLFQ,4793,7381,81,36552,484736,477274,477355,29171
MLFQ,5149,7382,36,36556,293607,286189,286225,29174
MLFQ,4240,7382,19,36560,178367,170966,170985,29178
MLFQ,5947,7382,60,36564,418364,410922,410982,29182
MLFQ,8325,7382,62,36568,433459,426015,426077,29186
MLFQ,4657,7384,40,36576,318551,311127,311167,29192
MLFQ,9444,7385,71,36580,458801,451345,451416,29195
MLFQ,7412,7385,64,36584,433471,426022,426086,29199
MLFQ,115,7385,32,36588,267161,259744,259776,29203
MLFQ,9642,7388,55,36596,401759,394316,394371,29208
MLFQ,5634,7389,97,36600,496953,489467,489564,29211
MLFQ,4207,7389,83,36604,484743,477271,477354,29215
MLFQ,441,7390,8,36608,74529,67131,67139,29218
MLFQ,4926,7392,22,36616,209607,202193,202215,29224
MLFQ,185,7392,97,36620,496954,489465,489562,29228
MLFQ,154,7392,8,36624,74545,67145,67153,29232
MLFQ,6220,7393,14,36628,145490,138083,138097,29235
MLFQ,9098,7394,26,36632,239196,231776,231802,29238
MLFQ,6500,7394,87,36636,490151,482670,482757,29242
MLFQ,2169,7394,12,36640,110902,103496,103508,29246
MLFQ,3316,7395,82,36644,484757,477280,477362,29249
MLFQ,5238,7396,36,36652,293663,286231,286267,29256
MLFQ,9094,7396,61,36656,433496,426039,426100,29260
MLFQ,7017,7396,21,36660,209632,202215,202236,29264
MLFQ,6832,7397,37,36664,318592,311158,311195,29267
MLFQ,1981,7397,34,36668,293673,286242,286276,29271
MLFQ,3142,7398,18,36672,178455,171039,171057,29274
MLFQ,6653,7398,16,36676,145534,138120,138136,29278
MLFQ,7259,7399,18,36680,178457,171040,171058,29281
MLFQ,9396,7399,44,36684,341924,334481,334525,29285
MLFQ,9091,7400,46,36692,363559,356113,356159,29292
MLFQ,518,7400,88,36696,490155,482667,482755,29296
MLFQ,244,7400,58,36700,418418,410960,411018,29300
MLFQ,415,7404,1,36708,36709,29304,29305,29304
MLFQ,4062,7404,84,36709,484765,477277,477361,29305
MLFQ,6744,7406,43,36713,341947,334498,334541,29307
MLFQ,8794,7407,28,36717,239256,231821,231849,29310
MLFQ,130,7408,54,36725,401809,394347,394401,29317
MLFQ,4578,7409,24,36729,209688,202255,202279,29320
MLFQ,660,7409,23,36733,209691,202259,202282,29324
MLFQ,4491,7411,95,36737,496111,488605,488700,29326
MLFQ,9585,7412,48,36745,363587,356127,356175,29333
MLFQ,8508,7413,34,36749,293723,286276,286310,29336
MLFQ,3513,7415,59,36753,418433,410959,411018,29338
MLFQ,4777,7415,9,36757,111015,103591,103600,29342
MLFQ,9803,7416,57,36765,418434,410961,411018,29349
MLFQ,2672,7418,28,36769,239292,231846,231874,29351
MLFQ,661,7418,34,36773,293733,286281,286315,29355
MLFQ,576,7419,43,36777,341974,334512,334555,29358
MLFQ,6628,7419,10,36781,111037,103608,103618,29362
MLFQ,8114,7420,33,36789,293742,286289,286322,29369
MLFQ,7740,7420,99,36793,496957,489438,489537,29373
MLFQ,1953,7421,13,36797,145643,138209,138222,29376
MLFQ,435,7421,25,36801,239313,231867,231892,29380
MLFQ,6368,7422,87,36805,490166,482657,482744,29383
MLFQ,7315,7422,33,36809,293751,286296,286329,29387
MLFQ,9609,7423,50,36813,383577,376104,376154,29390
MLFQ,3484,7423,26,36817,239327,231878,231904,29394
MLFQ,1529,7424,95,36821,496118,488599,488694,29397
MLFQ,1987,7426,13,36825,145668,138229,138242,29399
MLFQ,4189,7427,18,36833,178591,171146,171164,29406
MLFQ,3107,7427,66,36837,447003,439510,439576,29410
MLFQ,2770,7429,84,36841,484785,477272,477356,29412
MLFQ,3256,7430,94,36845,496120,488596,488690,29415
MLFQ,4249,7431,52,36853,383601,376118,376170,29422
MLFQ,3446,7432,5,36857,74774,67337,67342,29425
MLFQ,8867,7432,11,36861,111112,103669,103680,29429
MLFQ,6033,7433,46,36865,363637,356158,356204,29432
MLFQ,8685,7433,43,36869,342022,334546,334589,29436
MLFQ,6694,7435,25,36877,239364,231904,231929,29442
MLFQ,8727,7436,24,36881,209811,202351,202375,29445
MLFQ,1493,7437,32,36885,267339,259870,259902,29448
MLFQ,5675,7437,91,36889,493913,486385,486476,29452
MLFQ,5727,7440,24,36897,209823,202359,202383,29457
MLFQ,9953,7441,96,36901,496124,488587,488683,29460
MLFQ,5747,7445,88,36909,490186,482653,482741,29464
MLFQ,4409,7446,62,36913,433562,426054,426116,29467
MLFQ,8616,7446,59,36917,418485,410980,411039,29471
MLFQ,2009,7446,81,36921,484802,477275,477356,29475
MLFQ,2880,7446,87,36925,490189,482656,482743,29479
MLFQ,7371,7447,72,36933,458890,451371,451443,29486
MLFQ,6352,7448,39,36937,318740,311253,311292,29489
MLFQ,666,7449,83,36941,484809,477277,477360,29492
MLFQ,7548,7450,86,36945,490191,482655,482741,29495
MLFQ,5759,7450,44,36949,342070,334576,334620,29499
MLFQ,2190,7451,22,36957,209877,202404,202426,29506
MLFQ,4985,7452,46,36961,363686,356188,356234,29509
MLFQ,5039,7454,68,36965,447047,439525,439593,29511
MLFQ,331,7455,82,36973,484815,477278,477360,29518
MLFQ,7070,7456,51,36977,383660,376153,376204,29521
MLFQ,7590,7460,54,36985,401911,394397,394451,29525
MLFQ,2883,7461,22,36989,209907,202424,202446,29528
MLFQ,2423,7462,69,36993,458907,451376,451445,29531
MLFQ,8661,7464,43,37001,342108,334601,334644,29537
MLFQ,5803,7465,7,37005,74921,67449,67456,29540
MLFQ,5550,7465,56,37009,401919,394398,394454,29544
MLFQ,6441,7467,41,37017,342117,334609,334650,29550
MLFQ,2747,7468,12,37021,111268,103788,103800,29553
MLFQ,3344,7468,60,37025,418531,411003,411063,29557
MLFQ,4914,7469,50,37029,383682,376163,376213,29560
MLFQ,3490,7470,35,37033,293906,286401,286436,29563
MLFQ,3085,7470,52,37037,383686,376164,376216,29567
MLFQ,1770,7473,17,37045,178779,171289,171306,29572
MLFQ,4857,7478,9,37053,111297,103810,103819,29575
MLFQ,7376,7478,9,37057,111298,103811,103820,29579
MLFQ,1219,7479,13,37065,145879,138387,138400,29586
MLFQ,3267,7480,91,37069,493924,486353,486444,29589
MLFQ,3150,7480,85,37073,490204,482639,482724,29593
MLFQ,5912,7481,49,37077,383703,376173,376222,29596
MLFQ,7446,7482,49,37081,383704,376173,376222,29599
MLFQ,4765,7483,45,37089,363755,356227,356272,29606
MLFQ,636,7483,80,37093,477801,470238,470318,29610
MLFQ,4075,7485,1,37097,37098,29612,29613,29612
MLFQ,9602,7485,32,37098,267499,259982,260014,29613
MLFQ,1364,7486,30,37102,267501,259985,260015,29616
MLFQ,6079,7489,99,37110,496960,489372,489471,29621
MLFQ,864,7489,72,37114,458943,451382,451454,29625
MLFQ,1401,7490,64,37118,433638,426084,426148,29628
MLFQ,7680,7490,65,37122,447096,439541,439606,29632
MLFQ,1483,7491,19,37128,178842,171332,171351,29637
MLFQ,7369,7492,90,37132,493930,486348,486438,29640
MLFQ,5072,7493,41,37136,342190,334656,334697,29643
MLFQ,571,7494,21,37140,210016,202501,202522,29646
MLFQ,4939,7498,61,37148,433651,426092,426153,29650
MLFQ,9401,7498,20,37152,178866,171348,171368,29654
MLFQ,5321,7500,64,37160,433659,426095,426159,29660
MLFQ,6997,7503,29,37168,267550,260018,260047,29665
MLFQ,4675,7504,16,37172,145980,138460,138476,29668
MLFQ,2226,7504,10,37176,111412,103898,103908,29672
MLFQ,5991,7505,14,37180,145982,138463,138477,29675
MLFQ,9886,7507,45,37188,363800,356248,356293,29681
MLFQ,371,7509,69,37192,458956,451378,451447,29683
MLFQ,5745,7509,91,37196,493933,486333,486424,29687
MLFQ,1357,7511,81,37204,484848,477256,477337,29693
MLFQ,9932,7512,68,37208,447124,439544,439612,29696
MLFQ,44,7513,31,37212,267577,260033,260064,29699
MLFQ,3727,7519,98,37224,496962,489345,489443,29705
MLFQ,1791,7519,18,37228,178924,171387,171405,29709
MLFQ,7957,7520,79,37232,477828,470229,470308,29712
MLFQ,2496,7521,19,37236,178931,171391,171410,29715
MLFQ,4303,7522,42,37240,342240,334676,334718,29718
MLFQ,8610,7522,87,37244,490223,482614,482701,29722
MLFQ,8848,7523,63,37252,433690,426104,426167,29729
MLFQ,6756,7525,38,37256,318942,311379,311417,29731
MLFQ,7389,7526,15,37260,146057,138516,138531,29734
MLFQ,159,7526,12,37264,111496,103958,103970,29738
MLFQ,2275,7527,79,37272,477835,470229,470308,29745
MLFQ,7271,7529,48,37276,363844,356267,356315,29747
MLFQ,5079,7531,63,37284,433697,426103,426166,29753
MLFQ,4568,7531,48,37288,363852,356273,356321,29757
MLFQ,2429,7531,60,37292,418635,411044,411104,29761
MLFQ,6871,7532,53,37296,402032,394447,394500,29764
MLFQ,5546,7533,77,37300,477836,470226,470303,29767
MLFQ,3086,7537,88,37308,490227,482602,482690,29771
MLFQ,4490,7538,17,37312,178990,171435,171452,29774
MLFQ,4295,7542,7,37320,75232,67683,67690,29778
MLFQ,487,7543,59,37328,418648,411046,411105,29785
MLFQ,5994,7543,63,37332,433708,426102,426165,29789
MLFQ,2859,7544,72,37336,458992,451376,451448,29792
MLFQ,2334,7544,91,37340,493940,486305,486396,29796
MLFQ,2609,7544,26,37344,239698,232128,232154,29800
MLFQ,4550,7545,68,37348,447160,439547,439615,29803
MLFQ,930,7546,36,37352,294105,286523,286559,29806
MLFQ,3126,7547,40,37360,319002,311415,311455,29813
MLFQ,2526,7548,84,37364,484868,477236,477320,29816
MLFQ,7817,7548,38,37368,319008,311422,311460,29820
MLFQ,9770,7548,5,37372,75281,67728,67733,29824
MLFQ,4723,7549,93,37376,496134,488492,488585,29827
MLFQ,3852,7552,59,37384,418675,411064,411123,29832
MLFQ,176,7554,93,37388,496135,488488,488581,29834
MLFQ,57,7555,29,37396,267694,260110,260139,29841
MLFQ,3375,7557,64,37400,433736,426115,426179,29843
MLFQ,6181,7557,65,37404,447173,439551,439616,29847
MLFQ,340,7560,39,37412,319035,311436,311475,29852
MLFQ,405,7560,96,37416,496139,488483,488579,29856
MLFQ,831,7561,2,37420,37422,29859,29861,29859
MLFQ,1454,7561,68,37422,447181,439552,439620,29861
MLFQ,1318,7564,97,37430,496963,489302,489399,29866
MLFQ,4671,7566,10,37434,111650,104074,104084,29868
MLFQ,2665,7568,48,37442,363940,356324,356372,29874
MLFQ,2255,7569,24,37446,210243,202650,202674,29877
MLFQ,769,7570,10,37450,111664,104084,104094,29880
MLFQ,3149,7570,53,37454,402109,394486,394539,29884
MLFQ,6456,7572,23,37462,210250,202655,202678,29890
MLFQ,8961,7573,82,37466,484886,477231,477313,29893
MLFQ,7814,7574,37,37470,319064,311453,311490,29896
MLFQ,2039,7574,9,37474,111685,104102,104111,29900
MLFQ,135,7574,37,37478,319065,311454,311491,29904
MLFQ,629,7575,7,37486,75388,67806,67813,29911
MLFQ,600,7576,52,37490,383886,376258,376310,29914
MLFQ,932,7577,25,37494,239799,232197,232222,29917
MLFQ,4369,7579,21,37502,210279,202679,202700,29923
MLFQ,8370,7581,74,37506,469239,461584,461658,29925
MLFQ,8389,7586,51,37514,383897,376260,376311,29928
MLFQ,488,7587,93,37522,496146,488466,488559,29935
MLFQ,4286,7587,61,37526,433779,426131,426192,29939
MLFQ,8379,7593,17,37534,179160,171550,171567,29941
MLFQ,3419,7594,41,37538,342393,334758,334799,29944
MLFQ,7768,7595,75,37546,469253,461583,461658,29951
MLFQ,1778,7595,25,37550,239836,232216,232241,29955
MLFQ,2941,7597,86,37554,490257,482574,482660,29957
MLFQ,8670,7598,96,37558,496150,488456,488552,29960
MLFQ,8893,7600,36,37566,294236,286600,286636,29966
MLFQ,5569,7601,32,37570,267810,260177,260209,29969
MLFQ,5804,7602,26,37574,239854,232226,232252,29972
MLFQ,5068,7604,29,37582,267811,260178,260207,29978
MLFQ,2333,7604,44,37586,342409,334761,334805,29982
MLFQ,4220,7605,88,37590,490265,482572,482660,29985
MLFQ,3357,7605,2,37594,37596,29989,29991,29989
MLFQ,7873,7605,91,37596,493971,486275,486366,29991
MLFQ,5395,7607,1,37604,37605,29997,29998,29997
MLFQ,5834,7607,34,37605,294250,286609,286643,29998
MLFQ,9811,7607,98,37609,496965,489260,489358,30002
MLFQ,4144,7609,15,37613,146354,138730,138745,30004
MLFQ,3806,7610,78,37617,477898,470210,470288,30007
MLFQ,7219,7610,31,37621,267838,260197,260228,30011
MLFQ,2916,7611,77,37629,477899,470211,470288,30018
MLFQ,8360,7612,97,37633,496966,489257,489354,30021
MLFQ,4595,7616,58,37641,418773,411099,411157,30025
MLFQ,8901,7616,64,37645,433823,426143,426207,30029
MLFQ,2779,7616,82,37649,484924,477226,477308,30033
MLFQ,1230,7617,38,37653,319159,311504,311542,30036
MLFQ,3441,7618,85,37657,490278,482575,482660,30039
MLFQ,8200,7619,78,37665,477921,470224,470302,30046
MLFQ,6411,7619,4,37669,37673,30050,30054,30050
MLFQ,3732,7619,43,37673,342464,334802,334845,30054
MLFQ,3609,7619,23,37677,210418,202776,202799,30058
MLFQ,5288,7620,39,37681,319178,311519,311558,30061
MLFQ,1945,7622,45,37685,364045,356378,356423,30063
MLFQ,9632,7624,32,37693,267902,260246,260278,30069
MLFQ,2054,7629,71,37701,459103,451403,451474,30072
MLFQ,68,7629,13,37705,146439,138797,138810,30076
MLFQ,7677,7630,71,37709,459106,451405,451476,30079
MLFQ,9776,7630,83,37713,484936,477223,477306,30083
MLFQ,9739,7630,56,37717,402217,394531,394587,30087
MLFQ,6610,7630,82,37721,484938,477226,477308,30091
MLFQ,8499,7631,93,37729,496159,488435,488528,30098
MLFQ,9359,7632,39,37733,319217,311546,311585,30101
MLFQ,6983,7633,95,37737,496162,488434,488529,30104
MLFQ,9618,7634,36,37741,294355,286685,286721,30107
MLFQ,9792,7637,96,37749,496166,488433,488529,30112
MLFQ,7567,7637,33,37753,294360,286690,286723,30116
MLFQ,2144,7638,76,37757,469333,461619,461695,30119
MLFQ,824,7641,34,37765,294370,286695,286729,30124
MLFQ,9028,7641,74,37769,469335,461620,461694,30128
MLFQ,7580,7642,15,37773,146506,138849,138864,30131
MLFQ,1194,7643,6,37781,75673,68024,68030,30138
MLFQ,1104,7643,35,37785,294377,286699,286734,30142
MLFQ,3690,7644,19,37789,179377,171714,171733,30145
MLFQ,6748,7645,63,37793,433882,426174,426237,30148
MLFQ,7514,7647,67,37801,447312,439598,439665,30154
MLFQ,4089,7647,39,37805,319252,311566,311605,30158
MLFQ,728,7648,72,37809,459142,451422,451494,30161
MLFQ,2210,7650,88,37813,490294,482556,482644,30163
MLFQ,533,7651,29,37821,268005,260325,260354,30170
MLFQ,3157,7651,99,37825,496969,489219,489318,30174
MLFQ,6809,7653,6,37829,75719,68060,68066,30176
MLFQ,1387,7657,40,37837,319276,311579,311619,30180
MLFQ,5174,7657,30,37841,268019,260332,260362,30184
MLFQ,4312,7657,11,37845,112029,104361,104372,30188
MLFQ,4673,7658,95,37849,496173,488420,488515,30191
MLFQ,3342,7659,80,37857,477962,470223,470303,30198
MLFQ,3063,7661,8,37861,75751,68082,68090,30200
MLFQ,959,7667,64,37873,433926,426195,426259,30206
MLFQ,483,7668,12,37877,112057,104377,104389,30209
MLFQ,7266,7669,83,37881,484965,477213,477296,30212
MLFQ,5396,7669,32,37885,268043,260342,260374,30216
MLFQ,6125,7670,8,37889,75779,68101,68109,30219
MLFQ,812,7673,11,37897,112072,104388,104399,30224
MLFQ,6444,7674,5,37901,75788,68109,68114,30227
MLFQ,3766,7674,92,37905,494003,486237,486329,30231
MLFQ,1226,7674,87,37909,490309,482548,482635,30235
MLFQ,5555,7675,83,37917,484976,477218,477301,30242
MLFQ,9370,7678,99,37921,496972,489195,489294,30243
MLFQ,4522,7678,63,37925,433953,426212,426275,30247
MLFQ,4423,7678,10,37929,112094,104406,104416,30251
MLFQ,299,7679,53,37937,402320,394588,394641,30258
MLFQ,1208,7679,99,37941,496975,489197,489296,30262
MLFQ,5192,7680,33,37945,294472,286759,286792,30265
MLFQ,297,7683,19,37953,179500,171798,171817,30270
MLFQ,3019,7684,15,37957,146642,138943,138958,30273
MLFQ,5599,7686,81,37961,484985,477218,477299,30275
MLFQ,1286,7686,4,37965,37969,30279,30283,30279
MLFQ,759,7687,58,37973,418923,411178,411236,30286
MLFQ,6315,7688,67,37977,447381,439626,439693,30289
MLFQ,8686,7689,42,37981,342626,334895,334937,30292
MLFQ,8591,7689,70,37985,459197,451438,451508,30296
MLFQ,9020,7690,68,37989,447389,439631,439699,30299
MLFQ,7303,7690,8,37993,75873,68175,68183,30303
MLFQ,4330,7692,59,38001,418938,411187,411246,30309
MLFQ,1303,7693,61,38005,433978,426224,426285,30312
MLFQ,2057,7693,40,38009,319376,311643,311683,30316
MLFQ,4644,7693,11,38013,112169,104465,104476,30320
MLFQ,8340,7694,50,38017,384145,376401,376451,30323
MLFQ,1314,7694,78,38021,477992,470220,470298,30327
MLFQ,2271,7697,45,38029,364230,356488,356533,30332
MLFQ,3837,7697,50,38033,384155,376408,376458,30336
MLFQ,5005,7697,31,38037,268154,260426,260457,30340
MLFQ,4964,7701,99,38045,496978,489178,489277,30344
MLFQ,4757,7701,23,38049,210707,202983,203006,30348
MLFQ,3288,7703,54,38057,402370,394613,394667,30354
MLFQ,7984,7705,66,38061,447402,439631,439697,30356
MLFQ,8160,7705,59,38065,418961,411197,411256,30360
MLFQ,1798,7705,3,38069,38072,30364,30367,30364
MLFQ,6410,7706,39,38072,319419,311674,311713,30366
MLFQ,5152,7707,75,38080,469399,461617,461692,30373
MLFQ,8314,7709,80,38084,478000,470211,470291,30375
MLFQ,7445,7710,56,38088,402394,394628,394684,30378
MLFQ,7963,7710,90,38092,494017,486217,486307,30382
MLFQ,2432,7710,3,38096,38099,30386,30389,30386
MLFQ,8239,7714,74,38103,469409,461621,461695,30389
MLFQ,650,7714,26,38107,240265,232525,232551,30393
MLFQ,8967,7714,1,38111,38112,30397,30398,30397
MLFQ,6536,7715,98,38116,496980,489167,489265,30401
MLFQ,1222,7715,97,38120,496981,489169,489266,30405
MLFQ,6797,7718,77,38124,478013,470218,470295,30406
MLFQ,2860,7718,46,38128,364300,356536,356582,30410
MLFQ,124,7721,81,38136,485002,477200,477281,30415
MLFQ,467,7723,95,38144,496196,488378,488473,30421
MLFQ,1558,7725,93,38148,496197,488379,488472,30423
MLFQ,6098,7727,21,38156,210800,203052,203073,30429
MLFQ,8275,7727,76,38160,469437,461634,461710,30433
MLFQ,8815,7727,99,38164,496984,489158,489257,30437
MLFQ,7330,7727,98,38168,496986,489161,489259,30441
MLFQ,734,7730,35,38172,294647,286882,286917,30442
MLFQ,2978,7730,20,38176,179696,171946,171966,30446
MLFQ,7433,7734,51,38184,384251,376466,376517,30450
MLFQ,7105,7734,69,38188,459266,451463,451532,30454
MLFQ,35,7734,93,38192,496206,488379,488472,30458
MLFQ,2431,7736,75,38200,469456,461645,461720,30464
MLFQ,9043,7736,78,38204,478043,470229,470307,30468
MLFQ,4495,7737,22,38208,210844,203085,203107,30471
MLFQ,3705,7737,20,38212,179732,171975,171995,30475
MLFQ,8481,7737,76,38216,469464,461651,461727,30479
MLFQ,4011,7739,53,38224,402483,394691,394744,30485
MLFQ,8143,7740,36,38228,294687,286911,286947,30488
MLFQ,8711,7741,50,38232,384285,376494,376544,30491
MLFQ,3058,7742,88,38236,490365,482535,482623,30494
MLFQ,3596,7742,13,38240,146902,139147,139160,30498
MLFQ,9312,7743,63,38248,434094,426288,426351,30505
MLFQ,6785,7743,21,38252,210874,203110,203131,30509
MLFQ,6713,7746,22,38256,210876,203108,203130,30510
MLFQ,9518,7750,69,38264,459299,451480,451549,30514
MLFQ,3923,7751,89,38272,494052,486212,486301,30521
MLFQ,6715,7754,80,38276,478059,470225,470305,30522
MLFQ,5058,7754,59,38280,419084,411271,411330,30526
MLFQ,4516,7755,83,38288,485041,477203,477286,30533
MLFQ,7972,7756,57,38292,419089,411276,411333,30536
MLFQ,8229,7756,16,38296,146958,139186,139202,30540
MLFQ,8826,7758,48,38300,364416,356610,356658,30542
MLFQ,2142,7758,86,38304,490371,482527,482613,30546
MLFQ,3178,7758,29,38308,268355,260568,260597,30550
MLFQ,9281,7759,68,38316,447530,439703,439771,30557
MLFQ,6870,7759,26,38320,240427,232642,232668,30561
MLFQ,1828,7761,3,38324,38327,30563,30566,30563
MLFQ,3365,7763,87,38331,490375,482525,482612,30568
MLFQ,8276,7764,6,38335,76200,68430,68436,30571
MLFQ,5019,7766,87,38339,490378,482525,482612,30573
MLFQ,7268,7766,68,38343,447542,439708,439776,30577
MLFQ,6736,7768,20,38351,179845,172057,172077,30583
MLFQ,9206,7768,64,38355,434142,426310,426374,30587
MLFQ,8831,7769,87,38359,490381,482525,482612,30590
MLFQ,5629,7769,14,38363,147011,139228,139242,30594
MLFQ,9426,7770,9,38367,112502,104723,104732,30597
MLFQ,8943,7773,31,38375,268390,260586,260617,30602
MLFQ,5050,7774,12,38379,112514,104728,104740,30605
MLFQ,7156,7776,43,38387,342893,335074,335117,30611
MLFQ,1114,7776,95,38391,496209,488338,488433,30615
MLFQ,5900,7776,37,38395,319632,311819,311856,30619
MLFQ,202,7777,20,38399,179881,172084,172104,30622
MLFQ,6758,7777,51,38403,384372,376544,376595,30626
MLFQ,7672,7777,42,38407,342903,335084,335126,30630
MLFQ,3461,7778,57,38411,419134,411299,411356,30633
MLFQ,5529,7778,53,38415,402569,394738,394791,30637
MLFQ,998,7783,93,38427,496210,488334,488427,30644
MLFQ,8994,7785,89,38431,494061,486187,486276,30646
MLFQ,3816,7786,86,38435,490395,482523,482609,30649
MLFQ,6289,7787,51,38443,384402,376564,376615,30656
MLFQ,2208,7788,58,38447,419152,411306,411364,30659
MLFQ,5542,7788,18,38451,179931,172125,172143,30663
MLFQ,2697,7789,84,38455,485081,477208,477292,30666
MLFQ,2721,7789,91,38459,494064,486184,486275,30670
MLFQ,1000,7790,44,38463,342951,335117,335161,30673
MLFQ,6373,7795,81,38475,485086,477210,477291,30680
MLFQ,7455,7795,18,38479,179953,172140,172158,30684
MLFQ,5240,7797,74,38483,469540,461669,461743,30686
MLFQ,5903,7798,33,38487,294856,287025,287058,30689
MLFQ,7403,7799,88,38495,490403,482516,482604,30696
MLFQ,8241,7804,65,38503,447599,439730,439795,30699
MLFQ,9156,7804,59,38507,419183,411320,411379,30703
MLFQ,939,7804,30,38511,268500,260666,260696,30707
MLFQ,2720,7804,58,38515,419185,411323,411381,30711
MLFQ,411,7805,5,38519,76381,68571,68576,30714
MLFQ,335,7806,42,38523,342985,335137,335179,30717
MLFQ,9347,7807,55,38531,402633,394771,394826,30724
MLFQ,3492,7812,35,38539,294899,287052,287087,30727
MLFQ,5507,7813,34,38543,294901,287054,287088,30730
MLFQ,1505,7813,68,38547,447604,439723,439791,30734
MLFQ,2777,7815,52,38555,384466,376599,376651,30740
MLFQ,3754,7817,94,38559,496212,488301,488395,30742
MLFQ,3194,7818,20,38563,180033,172195,172215,30745
MLFQ,8596,7819,79,38571,478122,470224,470303,30752
MLFQ,7018,7823,61,38575,434222,426338,426399,30752
MLFQ,3127,7823,66,38579,447614,439725,439791,30756
MLFQ,9849,7824,97,38583,496987,489066,489163,30759
MLFQ,4991,7825,66,38591,447624,439733,439799,30766
MLFQ,9612,7825,85,38595,490413,482503,482588,30770
MLFQ,1369,7827,66,38599,447630,439737,439803,30772
MLFQ,3840,7829,72,38604,459406,451505,451577,30775
MLFQ,9306,7829,10,38608,112733,104894,104904,30779
MLFQ,754,7830,60,38612,419241,411351,411411,30782
MLFQ,7393,7830,5,38616,76474,68639,68644,30786
MLFQ,4155,7832,7,38620,76477,68638,68645,30788
MLFQ,1350,7832,26,38624,240652,232794,232820,30792
MLFQ,2939,7833,13,38632,147247,139401,139414,30799
MLFQ,2603,7833,55,38636,402688,394800,394855,30803
MLFQ,1603,7833,27,38640,240659,232799,232826,30807
MLFQ,8135,7833,81,38644,485107,477193,477274,30811
MLFQ,5131,7833,10,38648,112763,104920,104930,30815
MLFQ,8977,7833,50,38652,384520,376637,376687,30819
MLFQ,2907,7835,59,38656,419248,411354,411413,30821
MLFQ,5212,7837,65,38664,447639,439737,439802,30827
MLFQ,6541,7837,21,38668,211191,203333,203354,30831
MLFQ,8954,7838,38,38672,319817,311941,311979,30834
MLFQ,8415,7842,75,38680,469572,461655,461730,30838
MLFQ,2059,7842,88,38684,490417,482487,482575,30842
MLFQ,1968,7843,57,38688,419261,411361,411418,30845
MLFQ,8441,7844,83,38692,485114,477187,477270,30848
MLFQ,4172,7845,5,38700,76554,68704,68709,30855
MLFQ,4950,7845,72,38704,459426,451509,451581,30859
MLFQ,8033,7846,40,38708,319849,311963,312003,30862
MLFQ,3681,7846,1,38712,38713,30866,30867,30866
MLFQ,7552,7847,34,38713,295015,287134,287168,30866
MLFQ,1815,7848,93,38717,496217,488276,488369,30869
MLFQ,6985,7848,35,38721,295022,287139,287174,30873
MLFQ,8418,7848,38,38725,319855,311969,312007,30877
MLFQ,8424,7849,95,38733,496220,488276,488371,30884
MLFQ,25,7849,8,38737,76590,68733,68741,30888
MLFQ,4461,7850,59,38741,419288,411379,411438,30891
MLFQ,2738,7851,90,38745,494082,486141,486231,30894
MLFQ,6006,7853,86,38753,490431,482492,482578,30900
MLFQ,9496,7855,88,38757,490435,482492,482580,30902
MLFQ,7164,7856,54,38761,402754,394844,394898,30905
MLFQ,6640,7857,47,38769,364691,356787,356834,30912
MLFQ,2127,7857,9,38773,112872,105006,105015,30916
MLFQ,127,7858,66,38777,447684,439760,439826,30919
MLFQ,538,7860,81,38781,485139,477198,477279,30921
MLFQ,7388,7860,6,38785,76633,68767,68773,30925
MLFQ,9685,7863,89,38793,494084,486132,486221,30930
MLFQ,980,7863,95,38797,496223,488265,488360,30934
MLFQ,6426,7865,19,38805,180227,172343,172362,30940
MLFQ,3393,7866,3,38809,38812,30943,30946,30943
MLFQ,7125,7866,89,38812,494089,486134,486223,30946
MLFQ,5764,7867,97,38816,496988,489024,489121,30949
MLFQ,1641,7867,99,38820,496991,489025,489124,30953
MLFQ,7152,7867,1,38824,38825,30957,30958,30957
MLFQ,6176,7868,38,38825,319921,312015,312053,30957
MLFQ,71,7869,81,38833,485160,477210,477291,30964
MLFQ,4387,7869,9,38837,112925,105047,105056,30968
MLFQ,7961,7869,51,38841,384626,376706,376757,30972
MLFQ,2129,7870,67,38845,447715,439778,439845,30975
MLFQ,4034,7871,31,38849,268745,260843,260874,30978
MLFQ,8580,7872,26,38853,240825,232927,232953,30981
MLFQ,2488,7875,6,38858,76699,68818,68824,30983
MLFQ,7406,7875,91,38862,494100,486134,486225,30987
MLFQ,5370,7876,39,38866,319940,312025,312064,30990
MLFQ,4163,7876,61,38870,434345,426408,426469,30994
MLFQ,9968,7876,59,38874,419351,411416,411475,30998
MLFQ,1367,7878,22,38882,211363,203463,203485,31004
MLFQ,8606,7880,40,38886,319956,312036,312076,31006
MLFQ,2701,7880,17,38890,180296,172399,172416,31010
MLFQ,3386,7888,65,38902,447728,439775,439840,31014
MLFQ,6657,7890,1,38910,38911,31020,31021,31020
MLFQ,5047,7891,7,38911,76746,68848,68855,31020
MLFQ,646,7891,69,38915,459495,451535,451604,31024
MLFQ,6462,7892,82,38919,485174,477200,477282,31027
MLFQ,73,7892,1,38923,38924,31031,31032,31031
MLFQ,5746,7893,4,38928,38932,31035,31039,31035
MLFQ,2449,7896,95,38932,496235,488244,488339,31036
MLFQ,2138,7898,60,38940,419383,411425,411485,31042
MLFQ,3084,7901,48,38948,364783,356834,356882,31047
MLFQ,708,7901,12,38952,113021,105108,105120,31051
MLFQ,2338,7902,93,38956,496236,488241,488334,31054
MLFQ,9623,7902,95,38960,496239,488242,488337,31058
MLFQ,9593,7902,34,38964,295176,287240,287274,31062
MLFQ,7780,7903,69,38968,459512,451540,451609,31065
MLFQ,1690,7904,95,38972,496242,488243,488338,31068
MLFQ,4788,7905,46,38980,364805,356854,356900,31075
MLFQ,7419,7906,56,38984,402866,394904,394960,31078
MLFQ,1392,7906,23,38988,211446,203517,203540,31082
MLFQ,2353,7909,50,38996,384708,376749,376799,31087
MLFQ,4878,7910,32,39000,268851,260909,260941,31090
MLFQ,7396,7910,66,39004,447766,439790,439856,31094
MLFQ,3125,7913,38,39012,320038,312087,312125,31099
MLFQ,5502,7915,34,39016,295218,287269,287303,31101
MLFQ,75,7916,89,39020,494123,486118,486207,31104
MLFQ,2848,7922,73,39032,469678,461683,461756,31110
MLFQ,8495,7923,63,39036,434415,426429,426492,31113
MLFQ,7087,7925,60,39044,419435,411450,411510,31119
MLFQ,7024,7926,6,39048,76876,68944,68950,31122
MLFQ,2465,7927,67,39052,447782,439788,439855,31125
MLFQ,3176,7927,62,39056,434425,426436,426498,31129
MLFQ,3448,7927,18,39060,180439,172494,172512,31133
MLFQ,8859,7928,86,39064,490496,482482,482568,31136
MLFQ,5235,7928,55,39068,402911,394928,394983,31140
MLFQ,8840,7928,40,39072,320082,312114,312154,31144
MLFQ,3029,7929,92,39080,494127,486106,486198,31151
MLFQ,9917,7933,95,39088,496245,488217,488312,31155
MLFQ,5233,7933,24,39092,211538,203581,203605,31159
MLFQ,6226,7933,16,39096,147651,139702,139718,31163
MLFQ,3235,7935,9,39100,113162,105218,105227,31165
MLFQ,7654,7937,45,39108,364886,356904,356949,31171
MLFQ,3114,7938,73,39112,469695,461684,461757,31174
MLFQ,6921,7938,8,39116,76944,68998,69006,31178
MLFQ,9316,7938,21,39120,211551,203592,203613,31182
MLFQ,8834,7939,85,39124,490506,482482,482567,31185
MLFQ,2938,7939,45,39128,364895,356911,356956,31189
MLFQ,8951,7939,25,39132,241030,233066,233091,31193
MLFQ,694,7939,56,39136,402943,394948,395004,31197
MLFQ,5028,7940,15,39140,147686,139731,139746,31200
MLFQ,746,7941,13,39148,147691,139737,139750,31207
MLFQ,9769,7942,85,39152,490511,482484,482569,31210
MLFQ,5790,7942,99,39156,496994,488953,489052,31214
MLFQ,838,7943,71,39160,459571,451557,451628,31217
MLFQ,5690,7943,18,39164,180521,172560,172578,31221
MLFQ,6000,7950,3,39172,39175,31222,31225,31222
MLFQ,2635,7950,83,39175,485237,477204,477287,31225
MLFQ,3652,7951,30,39183,268977,260996,261026,31232
MLFQ,5721,7951,32,39187,268981,260998,261030,31236
MLFQ,8040,7951,13,39191,147728,139764,139777,31240
MLFQ,6378,7952,93,39195,496250,488205,488298,31243
MLFQ,8822,7952,69,39199,459580,451559,451628,31247
MLFQ,9282,7953,82,39203,485243,477208,477290,31250
MLFQ,5085,7954,91,39207,494146,486101,486192,31253
MLFQ,4852,7954,43,39211,343397,335400,335443,31257
MLFQ,770,7956,66,39219,447846,439824,439890,31263
MLFQ,7383,7956,91,39223,494149,486102,486193,31267
MLFQ,7337,7957,58,39227,419525,411510,411568,31270
MLFQ,4085,7957,70,39231,459594,451567,451637,31274
MLFQ,6765,7959,11,39239,113289,105319,105330,31280
MLFQ,8157,7959,76,39243,469739,461704,461780,31284
MLFQ,9956,7960,93,39247,496251,488198,488291,31287
MLFQ,9166,7961,44,39251,343429,335424,335468,31290
MLFQ,7260,7961,27,39255,241121,233133,233160,31294
MLFQ,2163,7961,85,39259,490532,482486,482571,31298
MLFQ,4648,7962,68,39263,447874,439844,439912,31301
MLFQ,7448,7964,23,39271,211670,203683,203706,31307
MLFQ,6968,7965,14,39275,147802,139823,139837,31310
MLFQ,5455,7966,90,39279,494155,486099,486189,31313
MLFQ,2087,7967,48,39287,364987,356972,357020,31320
MLFQ,3757,7967,51,39291,384875,376857,376908,31324
MLFQ,7154,7968,17,39295,180623,172638,172655,31327
MLFQ,5840,7970,4,39299,39303,31329,31333,31329
MLFQ,1117,7970,78,39303,478308,470260,470338,31333
MLFQ,1241,7970,95,39307,496254,488189,488284,31337
MLFQ,1038,7970,80,39311,478316,470266,470346,31341
MLFQ,4272,7972,15,39319,147837,139850,139865,31347
MLFQ,9078,7972,38,39323,320236,312226,312264,31351
MLFQ,8265,7972,73,39327,469764,461719,461792,31355
MLFQ,1042,7973,61,39331,434550,426516,426577,31358
MLFQ,9163,7973,96,39335,496258,488189,488285,31362
MLFQ,5098,7977,67,39343,447905,439861,439928,31366
MLFQ,9413,7978,83,39347,485274,477213,477296,31369
MLFQ,1985,7979,23,39355,211733,203731,203754,31376
MLFQ,1654,7979,91,39359,494166,486096,486187,31380
MLFQ,6991,7979,52,39363,384919,376888,376940,31384
MLFQ,1308,7980,20,39367,180687,172687,172707,31387
MLFQ,2872,7980,91,39371,494169,486098,486189,31391
MLFQ,4660,7982,63,39375,434577,426532,426595,31393
MLFQ,8124,7982,10,39379,113422,105430,105440,31397
MLFQ,3271,7982,92,39383,494173,486099,486191,31401
MLFQ,1258,7982,93,39387,496259,488184,488277,31405
MLFQ,907,7984,46,39395,365060,357030,357076,31411
MLFQ,4655,7984,96,39399,496263,488183,488279,31415
MLFQ,4948,7984,51,39403,384946,376911,376962,31419
MLFQ,8798,7986,87,39407,490567,482494,482581,31421
MLFQ,2755,7986,56,39411,403099,395057,395113,31425
MLFQ,389,7987,44,39419,343549,335518,335562,31432
MLFQ,5531,7987,31,39423,269164,261146,261177,31436
MLFQ,61,7989,11,39427,113469,105469,105480,31438
MLFQ,9951,7989,17,39431,180740,172734,172751,31442
MLFQ,8113,7990,64,39435,434605,426551,426615,31445
MLFQ,353,7992,44,39443,343557,335521,335565,31451
MLFQ,1185,7992,87,39447,490574,482495,482582,31455
MLFQ,2145,7993,40,39451,320336,312303,312343,31458
MLFQ,167,7994,20,39455,180764,172750,172770,31461
MLFQ,5815,7995,52,39463,384970,376923,376975,31468
MLFQ,5898,7996,91,39467,494184,486097,486188,31471
MLFQ,295,7996,12,39471,113513,105505,105517,31475
MLFQ,3520,7997,16,39475,147981,139968,139984,31478
MLFQ,2416,7999,44,39483,343577,335534,335578,31484
MLFQ,8575,7999,50,39487,384976,376927,376977,31488
MLFQ,9927,8000,89,39491,494185,486096,486185,31491
MLFQ,8384,8001,20,39495,180796,172775,172795,31494
MLFQ,6848,8001,30,39499,269210,261179,261209,31498
MLFQ,8056,8002,31,39503,269213,261180,261211,31501
MLFQ,4529,8002,87,39507,490585,482496,482583,31505
MLFQ,463,8002,8,39511,77332,69322,69330,31509
MLFQ,3846,8003,22,39519,211859,203834,203856,31516
MLFQ,2599,8004,76,39523,469820,461740,461816,31519
MLFQ,200,8004,85,39527,490586,482497,482582,31523
MLFQ,8330,8005,42,39531,343603,335556,335598,31526
MLFQ,88,8006,26,39535,241328,233296,233322,31529
MLFQ,1288,8007,28,39543,241332,233297,233325,31536
MLFQ,9523,8007,53,39547,403132,395072,395125,31540
MLFQ,6119,8007,21,39551,211886,203858,203879,31544
MLFQ,922,8007,64,39555,434633,426562,426626,31548
MLFQ,9248,8007,43,39559,343614,335564,335607,31552
MLFQ,9441,8009,73,39563,469825,461743,461816,31554
MLFQ,548,8010,48,39567,365135,357077,357125,31557
MLFQ,9558,8011,98,39575,496996,488887,488985,31564
MLFQ,7092,8012,24,39579,211914,203878,203902,31567
MLFQ,6940,8014,22,39583,211916,203880,203902,31569
MLFQ,9680,8015,6,39587,77406,69385,69391,31572
MLFQ,9262,8015,22,39591,211918,203881,203903,31576
MLFQ,3055,8016,46,39595,365145,357083,357129,31579
MLFQ,3277,8016,84,39599,485330,477230,477314,31583
MLFQ,722,8017,34,39607,295607,287556,287590,31590
MLFQ,2457,8017,77,39611,478385,470291,470368,31594
MLFQ,2998,8017,98,39615,496998,488883,488981,31598
MLFQ,6645,8021,6,39623,77440,69413,69419,31602
MLFQ,9010,8021,6,39627,77442,69415,69421,31606
MLFQ,5316,8022,53,39631,403165,395090,395143,31609
MLFQ,8067,8022,45,39635,365167,357100,357145,31613
MLFQ,8232,8023,34,39639,295629,287572,287606,31616
MLFQ,3817,8024,86,39643,490600,482490,482576,31619
MLFQ,4015,8026,17,39651,180933,172890,172907,31625
MLFQ,9327,8026,37,39655,320449,312386,312423,31629
MLFQ,8833,8027,74,39659,469851,461750,461824,31632
MLFQ,7010,8032,57,39667,419701,411612,411669,31635
MLFQ,6495,8032,19,39671,180952,172901,172920,31639
MLFQ,1598,8032,63,39675,434672,426577,426640,31643
MLFQ,3838,8033,93,39679,496272,488146,488239,31646
MLFQ,2317,8033,47,39683,365194,357114,357161,31650
MLFQ,5696,8033,71,39687,459736,451632,451703,31654
MLFQ,2956,8036,55,39695,403196,395105,395160,31659
MLFQ,6621,8038,89,39699,494202,486075,486164,31661
MLFQ,1098,8038,72,39703,459744,451634,451706,31665
MLFQ,4505,8039,68,39707,448021,439914,439982,31668
MLFQ,1182,8041,16,39715,148205,140148,140164,31674
MLFQ,5743,8042,56,39719,403212,395114,395170,31677
MLFQ,3216,8043,36,39723,295693,287614,287650,31680
MLFQ,5979,8044,22,39731,212032,203966,203988,31687
MLFQ,5009,8044,53,39735,403217,395120,395173,31691
MLFQ,1275,8044,78,39739,478407,470285,470363,31695
MLFQ,7354,8044,52,39743,385096,377000,377052,31699
MLFQ,9661,8047,48,39747,365238,357143,357191,31700
MLFQ,7810,8047,98,39751,497000,488855,488953,31704
MLFQ,9570,8050,85,39759,490617,482482,482567,31709
MLFQ,281,8050,33,39763,295722,287639,287672,31713
MLFQ,9663,8051,71,39767,459763,451641,451712,31716
MLFQ,5476,8052,9,39775,113794,105733,105742,31723
MLFQ,6023,8052,66,39779,448043,439925,439991,31727
MLFQ,620,8053,93,39783,496278,488132,488225,31730
MLFQ,5995,8055,82,39787,485368,477231,477313,31732
MLFQ,9715,8055,38,39791,320543,312450,312488,31736
MLFQ,9353,8055,10,39795,113812,105747,105757,31740
MLFQ,1356,8056,80,39803,478427,470291,470371,31747
MLFQ,1077,8058,17,39807,181063,172988,173005,31749
MLFQ,3678,8058,75,39811,469890,461757,461832,31753
MLFQ,6727,8060,69,39819,459784,451655,451724,31759
MLFQ,6635,8061,71,39823,459787,451655,451726,31762
MLFQ,7579,8067,1,39831,39832,31764,31765,31764
MLFQ,3098,8068,82,39836,485374,477224,477306,31768
MLFQ,4727,8069,53,39840,403278,395156,395209,31771
MLFQ,1044,8070,88,39844,490625,482467,482555,31774
MLFQ,6519,8070,71,39848,459804,451663,451734,31778
MLFQ,7977,8071,61,39852,434765,426633,426694,31781
MLFQ,7827,8071,13,39856,148330,140246,140259,31785
MLFQ,7728,8073,13,39864,148335,140249,140262,31791
MLFQ,1486,8073,55,39868,403297,395169,395224,31795
MLFQ,7911,8073,8,39872,77685,69604,69612,31799
MLFQ,7609,8074,79,39876,478448,470295,470374,31802
MLFQ,6309,8075,89,39880,494215,486051,486140,31805
MLFQ,8302,8077,89,39888,494216,486050,486139,31811
MLFQ,2557,8078,37,39892,320616,312501,312538,31814
MLFQ,8986,8080,93,39900,496279,488106,488199,31820
MLFQ,2197,8080,58,39904,419827,411689,411747,31824
MLFQ,4322,8080,25,39908,241605,233500,233525,31828
MLFQ,5881,8081,48,39912,365350,357221,357269,31831
MLFQ,519,8082,21,39916,212177,204074,204095,31834
MLFQ,5837,8082,53,39920,403325,395190,395243,31838
MLFQ,6186,8084,10,39928,113938,105844,105854,31844
MLFQ,2548,8087,68,39932,448123,439968,440036,31845
MLFQ,3281,8088,89,39940,494221,486044,486133,31852
MLFQ,6928,8089,21,39944,212194,204084,204105,31855
MLFQ,3772,8089,45,39948,365367,357233,357278,31859
MLFQ,6770,8089,85,39952,490642,482468,482553,31863
MLFQ,9662,8090,71,39956,459843,451682,451753,31866
MLFQ,4820,8090,13,39960,148419,140316,140329,31870
MLFQ,4112,8092,64,39968,434817,426661,426725,31876
MLFQ,5906,8092,64,39972,434821,426665,426729,31880
MLFQ,9453,8095,44,39976,343891,335752,335796,31881
MLFQ,4680,8095,73,39980,469947,461779,461852,31885
MLFQ,339,8096,99,39988,497003,488808,488907,31892
MLFQ,6012,8096,44,39992,343907,335767,335811,31896
MLFQ,6382,8098,10,39996,114004,105896,105906,31898
MLFQ,2480,8100,41,40000,343908,335767,335808,31900
MLFQ,4470,8100,65,40004,448148,439983,440048,31904
MLFQ,7895,8101,91,40008,494228,486036,486127,31907
MLFQ,6384,8102,47,40012,365406,357257,357304,31910
MLFQ,4415,8102,93,40016,496284,488089,488182,31914
MLFQ,2512,8103,27,40020,241692,233562,233589,31917
MLFQ,9796,8104,98,40028,497005,488803,488901,31924
MLFQ,5121,8105,64,40032,434853,426684,426748,31927
MLFQ,1899,8105,71,40036,459870,451694,451765,31931
MLFQ,5133,8106,6,40040,77851,69739,69745,31934
MLFQ,7422,8106,54,40044,403395,395235,395289,31938
MLFQ,5838,8107,25,40048,241713,233581,233606,31941
MLFQ,9677,8107,62,40052,434859,426690,426752,31945
MLFQ,112,8110,71,40060,459873,451692,451763,31950
MLFQ,5210,8111,34,40064,295948,287803,287837,31953
MLFQ,8294,8111,36,40068,295952,287805,287841,31957
MLFQ,3627,8112,49,40076,385294,377133,377182,31964
MLFQ,4396,8112,6,40080,77889,69771,69777,31968
MLFQ,7150,8113,12,40084,114084,105959,105971,31971
MLFQ,9279,8118,99,40092,497008,488791,488890,31974
MLFQ,7683,8118,3,40096,40099,31978,31981,31978
MLFQ,6510,8118,12,40099,114096,105966,105978,31981
MLFQ,6193,8119,3,40103,40106,31984,31987,31984
MLFQ,231,8120,87,40110,490667,482460,482547,31990
MLFQ,624,8120,73,40114,469984,461791,461864,31994
MLFQ,3510,8120,86,40118,490669,482463,482549,31998
MLFQ,2187,8123,95,40122,496295,488077,488172,31999
MLFQ,7301,8123,40,40126,320784,312621,312661,32003
MLFQ,9151,8123,60,40130,419939,411756,411816,32007
MLFQ,9145,8123,89,40134,494245,486033,486122,32011
MLFQ,3033,8125,80,40142,478529,470324,470404,32017
MLFQ,3635,8125,69,40146,459914,451720,451789,32021
MLFQ,1807,8125,79,40150,478532,470328,470407,32025
MLFQ,9235,8127,54,40154,403457,395276,395330,32027
MLFQ,8009,8128,38,40162,320814,312648,312686,32034
MLFQ,8433,8130,93,40166,496296,488073,488166,32036
MLFQ,421,8130,25,40170,241810,233655,233680,32040
MLFQ,1812,8133,29,40178,269710,261548,261577,32045
MLFQ,5296,8134,52,40182,385358,377172,377224,32048
MLFQ,6533,8134,9,40186,114177,106034,106043,32052
MLFQ,4222,8135,44,40190,344036,335857,335901,32055
MLFQ,957,8135,86,40194,490683,482462,482548,32059
MLFQ,3890,8143,83,40206,485467,477241,477324,32063
MLFQ,9051,8146,15,40214,148640,140479,140494,32068
MLFQ,7155,8146,98,40218,497010,488766,488864,32072
MLFQ,8970,8148,69,40226,459944,451727,451796,32078
MLFQ,3433,8148,35,40230,296071,287888,287923,32082
MLFQ,797,8150,7,40234,78036,69879,69886,32084
MLFQ,4910,8151,61,40238,434944,426732,426793,32087
MLFQ,817,8152,50,40246,385392,377190,377240,32094
MLFQ,6453,8154,79,40250,478560,470327,470406,32096
MLFQ,109,8154,79,40254,478563,470330,470409,32100
MLFQ,230,8155,67,40258,448264,440042,440109,32103
MLFQ,3429,8155,26,40262,241888,233707,233733,32107
MLFQ,7146,8159,96,40270,496307,488052,488148,32111
MLFQ,3657,8160,12,40278,114265,106093,106105,32118
MLFQ,8729,8160,18,40282,181465,173287,173305,32122
MLFQ,9141,8160,22,40286,212480,204298,204320,32126
MLFQ,915,8162,67,40290,448279,440050,440117,32128
MLFQ,8381,8163,7,40294,78095,69925,69932,32131
MLFQ,183,8164,17,40301,181474,173293,173310,32137
MLFQ,6095,8167,92,40305,494267,486008,486100,32138
MLFQ,6351,8167,1,40309,40310,32142,32143,32142
MLFQ,8012,8168,99,40314,497013,488746,488845,32146
MLFQ,9545,8168,94,40318,496313,488051,488145,32150
MLFQ,7355,8169,10,40322,114299,106120,106130,32153
MLFQ,810,8172,77,40330,478594,470345,470422,32158
MLFQ,1156,8173,30,40334,269817,261614,261644,32161
MLFQ,357,8173,25,40338,241933,233735,233760,32165
MLFQ,1353,8173,61,40342,435001,426767,426828,32169
MLFQ,2511,8174,36,40346,296143,287933,287969,32172
MLFQ,6866,8175,45,40350,365607,357387,357432,32175
MLFQ,678,8175,9,40354,114328,106144,106153,32179
MLFQ,6641,8177,47,40362,365614,357390,357437,32185
MLFQ,2662,8179,63,40366,435008,426766,426829,32187
MLFQ,4001,8181,86,40374,490721,482454,482540,32193
MLFQ,5645,8181,40,40378,320950,312729,312769,32197
MLFQ,3065,8182,69,40382,460001,451750,451819,32200
MLFQ,7851,8183,10,40386,114358,106165,106175,32203
MLFQ,7325,8184,15,40394,148791,140592,140607,32210
MLFQ,4557,8185,31,40398,269860,261644,261675,32213
MLFQ,9307,8186,63,40402,435023,426774,426837,32216
MLFQ,2409,8186,6,40406,78201,70009,70015,32220
MLFQ,6851,8186,69,40410,460006,451751,451820,32224
MLFQ,1835,8189,57,40418,420080,411834,411891,32229
MLFQ,8435,8190,51,40422,385483,377242,377293,32232
MLFQ,1339,8190,91,40426,494280,485999,486090,32236
MLFQ,1391,8194,96,40434,496317,488027,488123,32240
MLFQ,866,8195,44,40438,344191,335952,335996,32243
MLFQ,3416,8199,92,40446,494288,485997,486089,32247
MLFQ,8552,8201,7,40454,78248,70040,70047,32253
MLFQ,1365,8202,8,40458,78252,70042,70050,32256
MLFQ,8623,8205,8,40466,78260,70047,70055,32261
MLFQ,4913,8207,28,40470,242035,233800,233828,32263
MLFQ,300,8208,29,40478,269913,261676,261705,32270
MLFQ,9565,8209,77,40482,478619,470333,470410,32273
MLFQ,5231,8210,39,40486,321013,312764,312803,32276
MLFQ,4151,8210,94,40490,496321,488017,488111,32280
MLFQ,8428,8210,20,40494,181630,173400,173420,32284
MLFQ,6439,8210,84,40498,485530,477236,477320,32288
MLFQ,2819,8210,35,40502,296246,288001,288036,32292
MLFQ,1868,8212,32,40510,269937,261693,261725,32298
MLFQ,7506,8212,24,40514,212652,204416,204440,32302
MLFQ,1489,8213,94,40518,496323,488016,488110,32305
MLFQ,9474,8215,77,40522,478632,470340,470417,32307
MLFQ,8153,8215,41,40526,344224,335968,336009,32311
MLFQ,9590,8216,10,40534,114482,106256,106266,32318
MLFQ,6205,8216,7,40538,78331,70108,70115,32322
MLFQ,1709,8219,83,40542,485537,477235,477318,32323
MLFQ,5461,8219,93,40546,496324,488012,488105,32327
MLFQ,1503,8220,81,40554,485542,477241,477322,32334
MLFQ,5301,8220,30,40558,269965,261715,261745,32338
MLFQ,8718,8221,17,40562,181679,173441,173458,32341
MLFQ,7302,8222,88,40566,490753,482443,482531,32344
MLFQ,3304,8224,7,40574,78366,70135,70142,32350
MLFQ,53,8226,80,40578,478656,470350,470430,32352
MLFQ,7945,8226,38,40582,321059,312795,312833,32356
MLFQ,5302,8226,90,40586,494306,485990,486080,32360
MLFQ,1903,8227,87,40590,490760,482446,482533,32363
MLFQ,1418,8228,86,40598,490762,482448,482534,32370
MLFQ,1313,8230,33,40602,296299,288036,288069,32372
MLFQ,1177,8232,89,40610,494307,485986,486075,32378
MLFQ,9638,8232,37,40614,321076,312807,312844,32382
MLFQ,1863,8234,83,40618,485565,477248,477331,32384
MLFQ,3613,8234,54,40622,403671,395383,395437,32388
MLFQ,8494,8234,84,40626,485569,477251,477335,32392
MLFQ,8328,8234,89,40630,494308,485985,486074,32396
MLFQ,9566,8235,24,40634,212748,204489,204513,32399
MLFQ,4035,8235,76,40638,470177,461866,461942,32403
MLFQ,6435,8236,47,40646,365753,357470,357517,32410
MLFQ,5506,8236,14,40650,149004,140754,140768,32414
MLFQ,1276,8238,51,40654,385590,377301,377352,32416
MLFQ,6741,8240,53,40662,403692,395399,395452,32422
MLFQ,5795,8243,17,40666,181768,173508,173525,32423
MLFQ,9052,8243,67,40670,448422,440112,440179,32427
MLFQ,3165,8244,85,40678,490771,482442,482527,32434
MLFQ,1381,8245,8,40682,78474,70221,70229,32437
MLFQ,7094,8249,87,40690,490774,482438,482525,32441
MLFQ,3791,8252,19,40694,181791,173520,173539,32442
MLFQ,9835,8252,7,40698,78489,70230,70237,32446
MLFQ,8540,8252,42,40702,344326,336032,336074,32450
MLFQ,6683,8257,35,40714,296382,288090,288125,32457
MLFQ,1984,8258,48,40718,365793,357487,357535,32460
MLFQ,832,8258,28,40722,242219,233933,233961,32464
MLFQ,2718,8259,97,40726,497014,488658,488755,32467
MLFQ,9547,8261,87,40734,490789,482441,482528,32473
MLFQ,4455,8263,86,40738,490791,482442,482528,32475
MLFQ,4377,8263,4,40742,40746,32479,32483,32479
MLFQ,2058,8264,20,40746,181832,173548,173568,32482
MLFQ,3771,8264,72,40750,460134,451798,451870,32486
MLFQ,5556,8264,49,40754,385643,377330,377379,32490
MLFQ,9911,8265,48,40762,365825,357512,357560,32497
MLFQ,7504,8266,34,40766,296420,288120,288154,32500
MLFQ,2398,8266,76,40770,470213,461871,461947,32504
MLFQ,6081,8269,12,40778,114702,106421,106433,32509
MLFQ,6752,8273,55,40786,403749,395421,395476,32513
MLFQ,5811,8274,19,40790,181871,173578,173597,32516
MLFQ,3496,8275,38,40794,321194,312881,312919,32519
MLFQ,6461,8276,79,40798,478719,470364,470443,32522
MLFQ,3424,8277,99,40806,497017,488641,488740,32529
MLFQ,6753,8278,94,40810,496336,487964,488058,32532
MLFQ,7762,8281,31,40818,270164,261852,261883,32537
MLFQ,4211,8281,14,40822,149158,140863,140877,32541
MLFQ,8851,8282,13,40826,149159,140864,140877,32544
MLFQ,8700,8283,89,40830,494326,485954,486043,32547
MLFQ,6484,8283,47,40834,365864,357534,357581,32551
MLFQ,2070,8286,40,40842,321226,312900,312940,32556
MLFQ,7794,8290,3,40850,40853,32560,32563,32560
MLFQ,7645,8296,23,40857,212911,204592,204615,32561
MLFQ,8469,8297,49,40865,385692,377346,377395,32568
MLFQ,8746,8298,15,40869,149196,140883,140898,32571
MLFQ,6202,8301,70,40877,460168,451797,451867,32576
MLFQ,4278,8301,31,40881,270199,261867,261898,32580
MLFQ,5601,8302,80,40885,478735,470353,470433,32583
MLFQ,4138,8305,14,40893,149218,140899,140913,32588
MLFQ,478,8306,55,40897,403793,395432,395487,32591
MLFQ,3914,8306,91,40901,494329,485932,486023,32595
MLFQ,4787,8307,62,40905,435214,426845,426907,32598
MLFQ,5674,8307,38,40909,321268,312923,312961,32602
MLFQ,3467,8307,23,40913,212958,204628,204651,32606
MLFQ,401,8308,96,40917,496340,487936,488032,32609
MLFQ,396,8311,52,40925,385728,377365,377417,32614
MLFQ,3851,8312,50,40929,385730,377368,377418,32617
MLFQ,5828,8313,59,40937,420286,411914,411973,32624
MLFQ,7490,8314,66,40941,448504,440124,440190,32627
MLFQ,2955,8315,86,40945,490814,482413,482499,32630
MLFQ,5871,8316,97,40949,497018,488605,488702,32633
MLFQ,3688,8319,83,40957,485636,477234,477317,32638
MLFQ,322,8319,86,40961,490820,482415,482501,32642
MLFQ,5876,8320,77,40965,478760,470363,470440,32645
MLFQ,1787,8320,59,40969,420313,411934,411993,32649
MLFQ,5069,8320,62,40973,435244,426862,426924,32653
MLFQ,5942,8321,70,40981,460202,451811,451881,32660
MLFQ,1706,8321,79,40985,478763,470363,470442,32664
MLFQ,10,8322,19,40989,182043,173702,173721,32667
MLFQ,9970,8324,65,40993,448533,440144,440209,32669
MLFQ,2055,8325,16,41001,149326,140985,141001,32676
MLFQ,8083,8325,8,41005,78789,70456,70464,32680
MLFQ,9633,8326,66,41009,448539,440147,440213,32683
MLFQ,3843,8326,28,41013,242443,234089,234117,32687
MLFQ,3925,8328,90,41017,494343,485925,486015,32689
MLFQ,7459,8328,87,41021,490831,482416,482503,32693
MLFQ,2403,8329,86,41029,490833,482418,482504,32700
MLFQ,8868,8330,58,41033,420351,411963,412021,32703
MLFQ,8482,8333,47,41041,366007,357627,357674,32708
MLFQ,2782,8333,6,41045,78827,70488,70494,32712
MLFQ,5528,8334,63,41049,435283,426886,426949,32715
MLFQ,527,8335,54,41053,403891,395502,395556,32718
MLFQ,218,8338,62,41061,435285,426885,426947,32723
MLFQ,8615,8338,16,41065,149382,141028,141044,32727
MLFQ,4881,8339,16,41069,149386,141031,141047,32730
MLFQ,1205,8340,79,41073,478786,470367,470446,32733
MLFQ,8037,8340,44,41077,344570,336186,336230,32737
MLFQ,3780,8342,43,41085,344577,336192,336235,32743
MLFQ,7685,8343,65,41089,448564,440156,440221,32746
MLFQ,3717,8345,63,41094,435300,426892,426955,32749
MLFQ,3474,8345,47,41098,366038,357646,357693,32753
MLFQ,5242,8346,12,41102,115014,106656,106668,32756
MLFQ,6491,8347,1,41106,41107,32759,32760,32759
MLFQ,4417,8347,50,41107,385841,377444,377494,32760
MLFQ,3361,8350,14,41115,149424,141060,141074,32765
MLFQ,267,8352,4,41119,41123,32767,32771,32767
MLFQ,3252,8353,63,41127,435303,426887,426950,32774
MLFQ,7882,8353,95,41131,496349,487901,487996,32778
MLFQ,1124,8356,44,41135,344609,336209,336253,32779
MLFQ,1578,8357,13,41143,149445,141075,141088,32786
MLFQ,5089,8362,39,41151,321443,313042,313081,32789
MLFQ,5776,8362,7,41155,78930,70561,70568,32793
MLFQ,1244,8363,25,41159,242544,234156,234181,32796
MLFQ,7089,8363,66,41163,448574,440145,440211,32800
MLFQ,2829,8365,29,41171,270407,262013,262042,32806
MLFQ,3758,8367,35,41175,296695,288293,288328,32808
MLFQ,6233,8368,56,41179,403935,395511,395567,32811
MLFQ,9476,8370,17,41187,182193,173806,173823,32817
MLFQ,6210,8371,79,41191,478801,470351,470430,32820
MLFQ,4965,8376,47,41199,366083,357660,357707,32823
MLFQ,4807,8378,55,41207,403950,395517,395572,32829
MLFQ,1211,8378,87,41211,490848,482383,482470,32833
MLFQ,4694,8378,48,41215,366099,357673,357721,32837
MLFQ,8861,8378,77,41219,478810,470355,470432,32841
MLFQ,2621,8381,33,41223,296736,288322,288355,32842
MLFQ,9749,8381,23,41227,213209,204805,204828,32846
MLFQ,4577,8383,13,41235,149530,141134,141147,32852
MLFQ,8002,8384,41,41239,344662,336237,336278,32855
MLFQ,3988,8385,91,41243,494358,485882,485973,32858
MLFQ,3323,8386,82,41251,485689,477221,477303,32865
MLFQ,5006,8386,31,41255,270474,262057,262088,32869
MLFQ,6320,8388,81,41259,485690,477221,477302,32871
MLFQ,954,8389,95,41263,496354,487870,487965,32874
MLFQ,3205,8389,44,41267,344686,336253,336297,32878
MLFQ,6858,8391,8,41275,79050,70651,70659,32884
MLFQ,103,8392,25,41279,242641,234224,234249,32887
MLFQ,3101,8392,48,41283,366131,357691,357739,32891
MLFQ,1034,8393,87,41287,490860,482380,482467,32894
MLFQ,4008,8397,17,41295,182290,173876,173893,32898
MLFQ,3712,8399,86,41303,490862,482377,482463,32904
MLFQ,9274,8399,80,41307,478844,470365,470445,32908
MLFQ,6846,8399,14,41311,149596,141183,141197,32912
MLFQ,6557,8400,34,41315,296786,288352,288386,32915
MLFQ,7855,8401,24,41319,213281,204856,204880,32918
MLFQ,7483,8405,87,41327,490865,482373,482460,32922
MLFQ,1261,8407,86,41335,490868,482375,482461,32928
MLFQ,5282,8411,46,41343,366161,357704,357750,32932
MLFQ,4042,8411,61,41347,435388,426916,426977,32936
MLFQ,4365,8411,58,41351,420475,412006,412064,32940
MLFQ,6343,8412,16,41355,149636,141208,141224,32943
MLFQ,8431,8414,99,41363,497021,488508,488607,32949
MLFQ,7775,8414,5,41367,79137,70718,70723,32953
MLFQ,5281,8415,85,41371,490876,482376,482461,32956
MLFQ,665,8415,3,41375,41378,32960,32963,32960
MLFQ,4316,8417,75,41378,470384,461892,461967,32961
MLFQ,6364,8417,22,41382,213327,204888,204910,32965
MLFQ,7214,8417,29,41386,270555,262109,262138,32969
MLFQ,3237,8418,56,41394,404038,395564,395620,32976
MLFQ,6689,8418,7,41398,79164,70739,70746,32980
MLFQ,8036,8419,8,41402,79168,70741,70749,32983
MLFQ,9939,8419,96,41406,496362,487847,487943,32987
MLFQ,7549,8420,44,41410,344766,336302,336346,32990
MLFQ,7724,8424,70,41418,460336,451842,451912,32994
MLFQ,7848,8427,85,41426,490885,482373,482458,32999
MLFQ,706,8427,78,41430,478882,470377,470455,33003
MLFQ,1164,8428,55,41434,404063,395580,395635,33006
MLFQ,7438,8428,77,41438,478883,470378,470455,33010
MLFQ,6085,8429,77,41442,478884,470378,470455,33013
MLFQ,2074,8429,81,41446,485739,477229,477310,33017
MLFQ,4812,8430,44,41454,344806,336332,336376,33024
MLFQ,8865,8431,52,41458,386017,377534,377586,33027
MLFQ,4803,8432,30,41462,270621,262159,262189,33030
MLFQ,2185,8433,2,41466,41468,33033,33035,33033
MLFQ,2150,8433,91,41468,494377,485853,485944,33035
MLFQ,43,8433,10,41472,115347,106904,106914,33039
MLFQ,6183,8433,67,41476,448701,440201,440268,33043
MLFQ,857,8434,40,41484,321653,313179,313219,33050
MLFQ,7524,8434,8,41488,79252,70810,70818,33054
MLFQ,5171,8435,43,41492,344821,336343,336386,33057
MLFQ,2048,8435,77,41496,478893,470381,470458,33061
MLFQ,1331,8436,19,41500,182453,173998,174017,33064
MLFQ,3408,8436,38,41504,321663,313189,313227,33068
MLFQ,2597,8438,52,41512,386033,377543,377595,33074
MLFQ,3958,8442,20,41520,182472,174010,174030,33078
MLFQ,1630,8442,51,41524,386036,377543,377594,33082
MLFQ,8427,8444,41,41528,344834,336349,336390,33084
MLFQ,8092,8444,37,41532,321680,313199,313236,33088
MLFQ,6269,8445,4,41536,41540,33091,33095,33091
MLFQ,3518,8445,39,41540,321683,313199,313238,33095
MLFQ,7820,8445,71,41544,460367,451851,451922,33099
MLFQ,257,8445,24,41548,213459,204990,205014,33103
MLFQ,6284,8446,87,41556,490892,482359,482446,33110
MLFQ,6305,8446,57,41560,420548,412045,412102,33114
MLFQ,6311,8447,82,41564,485749,477220,477302,33117
MLFQ,5222,8448,10,41568,115433,106975,106985,33120
MLFQ,3102,8448,22,41572,213477,205007,205029,33124
MLFQ,6526,8449,10,41576,115439,106980,106990,33127
MLFQ,6841,8450,53,41584,404112,395609,395662,33134
MLFQ,2043,8453,67,41588,448724,440204,440271,33135
MLFQ,5742,8456,32,41596,270713,262225,262257,33140
MLFQ,5284,8456,95,41600,496365,487814,487909,33144
MLFQ,9374,8457,33,41604,296987,288497,288530,33147
MLFQ,9979,8457,73,41608,470441,461911,461984,33151
MLFQ,3012,8458,33,41616,296992,288501,288534,33158
MLFQ,7912,8458,19,41620,182559,174082,174101,33162
MLFQ,8602,8459,11,41624,115486,107016,107027,33165
MLFQ,7023,8461,15,41628,149867,141391,141406,33167
MLFQ,2444,8461,72,41632,460395,451862,451934,33171
MLFQ,5253,8462,39,41640,321734,313233,313272,33178
MLFQ,8799,8462,60,41644,420580,412058,412118,33182
MLFQ,3555,8463,14,41648,149881,141404,141418,33185
MLFQ,4486,8464,40,41652,321742,313238,313278,33188
MLFQ,9807,8464,40,41656,321746,313242,313282,33192
MLFQ,5258,8465,9,41660,115515,107041,107050,33195
MLFQ,1576,8465,48,41664,366312,357799,357847,33199
MLFQ,5518,8465,76,41668,470445,461904,461980,33203
MLFQ,1764,8467,62,41676,435492,426963,427025,33209
MLFQ,4397,8467,83,41680,485760,477210,477293,33213
MLFQ,3869,8468,2,41684,41686,33216,33218,33216
MLFQ,8710,8469,4,41686,41690,33217,33221,33217
MLFQ,4620,8469,23,41690,213557,205065,205088,33221
MLFQ,762,8472,98,41698,497023,488453,488551,33226
MLFQ,2688,8472,51,41702,386111,377588,377639,33230
MLFQ,2287,8474,83,41710,485767,477210,477293,33236
MLFQ,3746,8475,52,41714,386119,377592,377644,33239
MLFQ,7636,8475,78,41718,478927,470374,470452,33243
MLFQ,4858,8476,7,41722,79472,70989,70996,33246
MLFQ,1496,8476,77,41726,478928,470375,470452,33250
MLFQ,1084,8477,37,41730,321795,313281,313318,33253
MLFQ,4734,8479,23,41738,213596,205094,205117,33259
MLFQ,9170,8480,21,41742,213597,205096,205117,33262
MLFQ,8621,8480,59,41746,420619,412080,412139,33266
MLFQ,6950,8488,43,41758,344951,336420,336463,33270
MLFQ,5465,8488,9,41762,115601,107104,107113,33274
MLFQ,4121,8490,80,41770,478940,470370,470450,33280
MLFQ,8348,8490,37,41774,321820,313293,313330,33284
MLFQ,7251,8490,83,41778,485775,477202,477285,33288
MLFQ,2983,8491,39,41782,321827,313297,313336,33291
MLFQ,9533,8493,72,41786,460439,451874,451946,33293
MLFQ,8097,8493,64,41790,435543,426986,427050,33297
MLFQ,9683,8494,82,41798,485777,477201,477283,33304
MLFQ,9506,8494,99,41802,497026,488433,488532,33308
MLFQ,4923,8497,16,41806,150017,141504,141520,33309
MLFQ,3541,8497,39,41810,321846,313310,313349,33313
MLFQ,9672,8498,68,41818,448798,440232,440300,33320
MLFQ,6546,8498,48,41822,366403,357857,357905,33324
MLFQ,3552,8501,63,41826,435558,426994,427057,33325
MLFQ,6667,8501,61,41830,435559,426997,427058,33329
MLFQ,1321,8502,27,41838,243050,234521,234548,33336
MLFQ,8155,8502,47,41842,366418,357869,357916,33340
MLFQ,1659,8503,84,41846,485785,477198,477282,33343
MLFQ,5154,8504,95,41850,496376,487777,487872,33346
MLFQ,6906,8505,42,41854,345013,336466,336508,33349
MLFQ,2329,8505,86,41858,490914,482323,482409,33353
MLFQ,1615,8508,36,41866,297173,288629,288665,33358
MLFQ,7050,8511,74,41874,470503,461918,461992,33363
MLFQ,900,8512,43,41878,345028,336473,336516,33366
MLFQ,5364,8514,63,41886,435584,427007,427070,33372
MLFQ,8643,8515,78,41890,478970,470377,470455,33375
MLFQ,5580,8516,80,41894,478974,470378,470458,33378
MLFQ,5866,8518,26,41902,243112,234568,234594,33384
MLFQ,1108,8519,5,41906,79653,71129,71134,33387
MLFQ,4410,8519,3,41910,41913,33391,33394,33391
MLFQ,6271,8520,64,41913,435596,427012,427076,33393
MLFQ,6148,8521,72,41917,460479,451886,451958,33396
MLFQ,9676,8524,65,41925,448831,440242,440307,33401
MLFQ,7239,8524,15,41929,150130,141591,141606,33405
MLFQ,7630,8526,7,41937,79680,71147,71154,33411
MLFQ,449,8527,88,41941,490922,482307,482395,33414
MLFQ,8550,8529,14,41945,150140,141597,141611,33416
MLFQ,76,8529,34,41949,297227,288664,288698,33420
MLFQ,7456,8529,20,41953,182827,174278,174298,33424
MLFQ,5311,8531,36,41961,297235,288668,288704,33430
MLFQ,4921,8532,59,41965,420730,412139,412198,33433
MLFQ,1988,8533,47,41969,366489,357909,357956,33436
MLFQ,1068,8533,18,41973,182845,174294,174312,33440
MLFQ,9969,8533,21,41977,213790,205236,205257,33444
MLFQ,3534,8533,79,41981,478981,470369,470448,33448
MLFQ,6213,8534,47,41989,366500,357919,357966,33455
MLFQ,6231,8534,50,41993,386260,377676,377726,33459
MLFQ,2510,8535,20,41997,182869,174314,174334,33462
MLFQ,7766,8536,18,42001,182871,174317,174335,33465
MLFQ,5505,8536,28,42005,243172,234608,234636,33469
MLFQ,7698,8539,42,42013,345098,336517,336559,33474
MLFQ,6786,8540,47,42017,366507,357920,357967,33477
MLFQ,5699,8543,65,42025,448840,440232,440297,33482
MLFQ,7275,8547,53,42033,404300,395700,395753,33486
MLFQ,3264,8547,27,42037,243191,234617,234644,33490
MLFQ,3397,8548,38,42041,321992,313406,313444,33493
MLFQ,628,8549,43,42045,345113,336521,336564,33496
MLFQ,3121,8549,15,42049,150236,141672,141687,33500
MLFQ,4596,8551,78,42057,478983,470354,470432,33506
MLFQ,2229,8551,9,42061,115882,107322,107331,33510
MLFQ,2307,8553,37,42065,322005,313415,313452,33512
MLFQ,7029,8553,22,42069,213856,205281,205303,33516
MLFQ,996,8554,58,42073,420744,412132,412190,33519
MLFQ,2014,8555,36,42077,297303,288712,288748,33522
MLFQ,2972,8556,54,42085,404310,395700,395754,33529
MLFQ,5148,8557,15,42089,150271,141699,141714,33532
MLFQ,7157,8558,71,42093,460494,451865,451936,33535
MLFQ,5373,8558,10,42097,115916,107348,107358,33539
MLFQ,3611,8560,62,42105,435627,427005,427067,33545
MLFQ,3779,8560,98,42109,497028,488370,488468,33549
MLFQ,2240,8561,51,42113,386298,377686,377737,33552
MLFQ,2482,8562,66,42117,448854,440226,440292,33555
MLFQ,7512,8563,9,42121,115937,107365,107374,33558
MLFQ,6513,8564,97,42129,497029,488368,488465,33565
MLFQ,1882,8564,51,42133,386313,377698,377749,33569
MLFQ,4199,8566,81,42137,485814,477167,477248,33571
MLFQ,2889,8566,26,42141,243266,234674,234700,33575
MLFQ,3651,8566,64,42145,435651,427021,427085,33579
MLFQ,1345,8567,7,42149,79889,71315,71322,33582
MLFQ,911,8567,76,42153,470547,461904,461980,33586
MLFQ,6180,8569,45,42161,366580,357966,358011,33592
MLFQ,2237,8569,79,42165,479002,470354,470433,33596
MLFQ,82,8571,37,42169,322070,313462,313499,33598
MLFQ,5142,8572,42,42177,345191,336577,336619,33605
MLFQ,8221,8572,99,42181,497032,488361,488460,33609
MLFQ,9246,8572,66,42185,448884,440246,440312,33613
MLFQ,3532,8575,46,42189,366598,357977,358023,33614
MLFQ,3986,8575,13,42193,150357,141769,141782,33618
MLFQ,1043,8577,70,42201,460528,451881,451951,33624
MLFQ,3282,8578,72,42205,460532,451882,451954,33627
MLFQ,9196,8578,92,42209,494419,485749,485841,33631
MLFQ,4884,8579,18,42213,183041,174444,174462,33634
MLFQ,707,8580,72,42221,460544,451892,451964,33641
MLFQ,9963,8584,11,42229,116040,107445,107456,33645
MLFQ,3334,8584,33,42233,297412,288795,288828,33649
MLFQ,1573,8586,90,42237,494421,485745,485835,33651
MLFQ,7755,8587,56,42241,404394,395751,395807,33654
MLFQ,3244,8588,16,42249,150409,141805,141821,33661
MLFQ,2394,8590,14,42253,150411,141807,141821,33663
MLFQ,2113,8591,57,42257,420829,412181,412238,33666
MLFQ,7384,8592,60,42265,420833,412181,412241,33673
MLFQ,1279,8592,50,42269,386387,377745,377795,33677
MLFQ,8597,8593,15,42273,150430,141822,141837,33680
MLFQ,7843,8593,2,42277,42279,33684,33686,33684
MLFQ,9950,8594,86,42279,490948,482268,482354,33685
MLFQ,1671,8595,27,42283,243369,234747,234774,33688
MLFQ,4374,8597,95,42291,496391,487699,487794,33694
MLFQ,2045,8597,92,42295,494429,485740,485832,33698
MLFQ,7536,8598,48,42299,366666,358020,358068,33701
MLFQ,2209,8599,60,42303,420852,412193,412253,33704
MLFQ,1636,8601,70,42311,460574,451903,451973,33710
MLFQ,6434,8605,15,42319,150473,141853,141868,33714
MLFQ,3108,8605,64,42323,435731,427062,427126,33718
MLFQ,9386,8606,90,42327,494431,485735,485825,33721
MLFQ,6636,8609,21,42335,214069,205439,205460,33726
MLFQ,1046,8609,53,42339,404451,395789,395842,33730
MLFQ,2842,8611,36,42343,297496,288849,288885,33732
MLFQ,5346,8611,92,42347,494435,485732,485824,33736
MLFQ,6330,8613,11,42355,116163,107539,107550,33742
MLFQ,7797,8613,14,42359,150507,141880,141894,33746
MLFQ,4467,8615,39,42363,322205,313551,313590,33748
MLFQ,2178,8616,40,42371,322213,313557,313597,33755
MLFQ,2485,8616,8,42375,80113,71489,71497,33759
MLFQ,5779,8617,87,42379,490974,482270,482357,33762
MLFQ,1612,8619,95,42383,496396,487682,487777,33764
MLFQ,9959,8620,4,42391,42395,33771,33775,33771
MLFQ,4811,8622,55,42395,404474,395797,395852,33773
MLFQ,1351,8623,19,42399,183188,174546,174565,33776
MLFQ,2378,8623,50,42403,386461,377788,377838,33780
MLFQ,6390,8624,26,42411,243467,234817,234843,33787
MLFQ,7381,8624,90,42415,494445,485731,485821,33791
MLFQ,9502,8625,13,42419,150556,141918,141931,33794
MLFQ,8085,8625,15,42423,150559,141919,141934,33798
MLFQ,6370,8625,44,42427,345345,336676,336720,33802
MLFQ,8457,8627,85,42431,490983,482271,482356,33804
MLFQ,6232,8627,38,42435,322250,313585,313623,33808
MLFQ,9718,8630,77,42443,479072,470365,470442,33813
MLFQ,1952,8632,49,42451,386478,377797,377846,33819
MLFQ,1172,8633,96,42455,496400,487671,487767,33822
MLFQ,5728,8633,40,42459,322274,313601,313641,33826
MLFQ,8843,8633,62,42463,435777,427082,427144,33830
MLFQ,9280,8634,6,42467,80199,71559,71565,33833
MLFQ,6104,8634,6,42471,80201,71561,71567,33837
MLFQ,9539,8635,31,42475,271333,262667,262698,33840
MLFQ,4953,8635,79,42479,479083,470369,470448,33844
MLFQ,3827,8636,2,42487,42489,33851,33853,33851
MLFQ,1900,8636,85,42489,490990,482269,482354,33853
MLFQ,7413,8636,95,42493,496403,487672,487767,33857
MLFQ,6804,8638,45,42497,366771,358088,358133,33859
MLFQ,3933,8640,48,42505,366775,358087,358135,33865
MLFQ,8416,8641,91,42509,494456,485724,485815,33868
MLFQ,3682,8643,58,42513,420937,412236,412294,33870
MLFQ,9093,8643,5,42517,80242,71594,71599,33874
MLFQ,4726,8644,54,42521,404520,395822,395876,33877
MLFQ,6216,8646,10,42529,116309,107653,107663,33883
MLFQ,1190,8646,60,42533,420941,412235,412295,33887
MLFQ,592,8647,20,42537,183292,174625,174645,33890
MLFQ,2107,8648,92,42541,494460,485720,485812,33893
MLFQ,7763,8648,66,42545,449006,440292,440358,33897
MLFQ,8990,8650,19,42553,183307,174638,174657,33903
MLFQ,8890,8652,91,42557,494463,485720,485811,33905
MLFQ,7057,8652,59,42561,420956,412245,412304,33909
MLFQ,3346,8652,90,42565,494465,485723,485813,33913
MLFQ,2291,8652,24,42569,214241,205565,205589,33917
MLFQ,9721,8655,39,42577,322345,313651,313690,33922
MLFQ,9026,8655,78,42581,479109,470376,470454,33926
MLFQ,9944,8656,18,42585,183337,174663,174681,33929
MLFQ,2156,8656,93,42589,496404,487655,487748,33933
MLFQ,9709,8659,85,42597,491015,482271,482356,33938
MLFQ,865,8659,33,42601,297665,288973,289006,33942
MLFQ,9147,8661,56,42609,404564,395847,395903,33948
MLFQ,623,8662,63,42613,435827,427102,427165,33951
MLFQ,4570,8662,10,42617,116387,107715,107725,33955
MLFQ,3207,8662,18,42621,183359,174679,174697,33959
MLFQ,9127,8663,67,42625,449029,440299,440366,33962
MLFQ,9840,8664,11,42629,116398,107723,107734,33965
MLFQ,22,8666,57,42637,420989,412266,412323,33971
MLFQ,1045,8666,97,42641,497033,488270,488367,33975
MLFQ,2387,8667,51,42645,386580,377862,377913,33978
MLFQ,963,8669,90,42653,494475,485716,485806,33984
MLFQ,6172,8669,10,42657,116424,107745,107755,33988
MLFQ,5292,8671,57,42661,420998,412270,412327,33990
MLFQ,5008,8671,19,42665,183394,174704,174723,33994
MLFQ,8007,8672,42,42669,345488,336774,336816,33997
MLFQ,3903,8676,86,42677,491025,482263,482349,34001
MLFQ,2552,8676,14,42681,150773,142083,142097,34005
MLFQ,6857,8677,59,42689,421005,412269,412328,34012
MLFQ,1274,8680,95,42693,496411,487636,487731,34013
MLFQ,3324,8680,9,42697,116457,107768,107777,34017
MLFQ,222,8680,76,42701,470702,461946,462022,34021
MLFQ,4897,8681,34,42709,297733,289018,289052,34028
MLFQ,3353,8682,60,42713,421017,412275,412335,34031
MLFQ,5849,8683,8,42717,80436,71745,71753,34034
MLFQ,4471,8684,79,42721,479140,470377,470456,34037
MLFQ,6693,8684,87,42725,491032,482261,482348,34041
MLFQ,1319,8684,1,42729,42730,34045,34046,34045
MLFQ,83,8684,29,42730,271502,262789,262818,34046
MLFQ,3812,8685,84,42738,485945,477176,477260,34053
MLFQ,3910,8690,60,42746,421037,412287,412347,34056
MLFQ,4473,8690,8,42750,80468,71770,71778,34060
MLFQ,2402,8691,18,42754,183460,174751,174769,34063
MLFQ,568,8691,4,42758,42762,34067,34071,34067
MLFQ,5189,8693,58,42766,421043,412292,412350,34073
MLFQ,6518,8695,98,42770,497035,488242,488340,34075
MLFQ,5172,8697,10,42778,116523,107816,107826,34081
MLFQ,7026,8697,68,42782,449081,440316,440384,34085
MLFQ,7349,8699,92,42786,494493,485702,485794,34087
MLFQ,7669,8701,49,42794,386649,377899,377948,34093
MLFQ,570,8702,31,42798,271545,262812,262843,34096
MLFQ,675,8702,75,42802,470733,461956,462031,34100
MLFQ,8131,8705,36,42810,297794,289053,289089,34105
MLFQ,1139,8705,9,42814,116552,107838,107847,34109
MLFQ,8024,8705,56,42818,404664,395903,395959,34113
MLFQ,4145,8706,52,42822,386665,377907,377959,34116
MLFQ,2295,8706,74,42826,470739,461959,462033,34120
MLFQ,1508,8707,23,42830,214428,205698,205721,34123
MLFQ,3332,8707,98,42834,497037,488232,488330,34127
MLFQ,6707,8708,54,42838,404674,395912,395966,34130
MLFQ,9424,8708,66,42842,449103,440329,440395,34134
MLFQ,3665,8708,15,42846,150904,142181,142196,34138
MLFQ,4833,8711,46,42854,366963,358206,358252,34143
MLFQ,3413,8711,38,42858,322507,313758,313796,34147
MLFQ,1547,8711,34,42862,297829,289084,289118,34151
MLFQ,1563,8712,53,42866,404679,395914,395967,34154
MLFQ,3558,8712,39,42870,322514,313763,313802,34158
MLFQ,7520,8712,67,42874,449106,440327,440394,34162
MLFQ,4975,8713,38,42882,322524,313773,313811,34169
MLFQ,6708,8714,64,42886,435919,427141,427205,34172
MLFQ,2252,8714,62,42890,435921,427145,427207,34176
MLFQ,349,8716,94,42894,496421,487611,487705,34178
MLFQ,796,8717,67,42902,449121,440337,440404,34185
MLFQ,4986,8718,35,42906,297872,289119,289154,34188
MLFQ,7377,8719,10,42910,116646,107917,107927,34191
MLFQ,9193,8719,17,42914,183593,174857,174874,34195
MLFQ,7158,8719,17,42918,183594,174858,174875,34199
MLFQ,9501,8720,81,42922,485980,477179,477260,34202
MLFQ,6553,8720,97,42926,497038,488221,488318,34206
MLFQ,4573,8721,69,42934,460751,451961,452030,34213
MLFQ,9842,8724,11,42938,116673,107938,107949,34214
MLFQ,4521,8728,91,42946,494511,485692,485783,34218
MLFQ,7935,8728,63,42950,435956,427165,427228,34222
MLFQ,9398,8733,46,42962,367033,358254,358300,34229
MLFQ,3089,8733,85,42966,491075,482257,482342,34233
MLFQ,7132,8733,53,42970,404748,395962,396015,34237
MLFQ,2088,8734,82,42974,485998,477182,477264,34240
MLFQ,8295,8736,19,42978,183649,174894,174913,34242
MLFQ,5909,8737,44,42986,345684,336903,336947,34249
MLFQ,6445,8737,53,42990,404757,395967,396020,34253
MLFQ,2165,8737,79,42994,479215,470399,470478,34257
MLFQ,5705,8737,74,42998,470790,461979,462053,34261
MLFQ,6123,8738,1,43002,43003,34264,34265,34264
MLFQ,2414,8738,25,43003,243903,235140,235165,34265
MLFQ,6872,8740,51,43007,386780,377989,378040,34267
MLFQ,8801,8741,81,43015,485999,477177,477258,34274
MLFQ,9740,8741,19,43019,183688,174928,174947,34278
MLFQ,7356,8742,21,43023,214589,205826,205847,34281
MLFQ,9791,8744,60,43027,421165,412361,412421,34283
MLFQ,4960,8745,4,43035,43039,34290,34294,34290
MLFQ,6060,8747,35,43039,297963,289181,289216,34292
MLFQ,8522,8749,74,43047,470796,461973,462047,34298
MLFQ,5204,8750,29,43051,271742,262963,262992,34301
MLFQ,3739,8751,33,43055,297972,289188,289221,34304
MLFQ,9512,8751,26,43059,243941,235164,235190,34308
MLFQ,3597,8752,26,43063,243943,235165,235191,34311
MLFQ,2220,8754,18,43071,183730,174958,174976,34317
MLFQ,287,8754,34,43075,297978,289190,289224,34321
MLFQ,131,8755,15,43079,151119,142349,142364,34324
MLFQ,3874,8758,48,43087,367097,358291,358339,34329
MLFQ,5894,8758,96,43091,496429,487575,487671,34333
MLFQ,8873,8759,44,43095,345740,336937,336981,34336
MLFQ,6326,8761,89,43103,494519,485669,485758,34342
MLFQ,2586,8766,13,43111,151148,142369,142382,34345
MLFQ,1039,8766,75,43115,470815,461974,462049,34349
MLFQ,2922,8767,24,43119,214661,205870,205894,34352
MLFQ,8888,8768,93,43123,496430,487569,487662,34355
MLFQ,2762,8770,2,43131,43133,34361,34363,34361
MLFQ,6816,8772,25,43133,243988,235191,235216,34361
MLFQ,4273,8775,16,43141,151176,142385,142401,34366
MLFQ,5978,8777,1,43145,43146,34368,34369,34368
MLFQ,6420,8779,67,43148,449212,440366,440433,34369
MLFQ,1461,8780,42,43152,345766,336944,336986,34372
MLFQ,8053,8780,53,43156,404822,395989,396042,34376
MLFQ,1548,8782,73,43160,470824,461969,462042,34378
MLFQ,1593,8783,77,43168,479244,470384,470461,34385
MLFQ,2051,8785,54,43172,404832,395993,396047,34387
MLFQ,6810,8787,94,43180,496435,487554,487648,34393
MLFQ,511,8787,81,43184,486027,477159,477240,34397
MLFQ,6221,8787,44,43188,345794,336963,337007,34401
MLFQ,2687,8787,78,43192,479254,470389,470467,34405
MLFQ,7119,8788,71,43196,460847,451988,452059,34408
MLFQ,2279,8789,87,43200,491102,482226,482313,34411
MLFQ,7804,8789,44,43204,345810,336977,337021,34415
MLFQ,4767,8790,51,43208,386875,378034,378085,34418
MLFQ,8130,8791,4,43216,43220,34425,34429,34425
MLFQ,3454,8792,41,43220,345815,336982,337023,34428
MLFQ,5141,8792,77,43224,479259,470390,470467,34432
MLFQ,42,8792,61,43228,436062,427209,427270,34436
MLFQ,6995,8793,8,43232,80930,72129,72137,34439
MLFQ,7865,8795,84,43240,486035,477156,477240,34445
MLFQ,1010,8795,34,43244,298092,289263,289297,34449
MLFQ,8122,8795,39,43248,322759,313925,313964,34453
MLFQ,4102,8799,35,43256,298103,289269,289304,34457
MLFQ,207,8800,69,43260,460864,451995,452064,34460
MLFQ,2115,8800,34,43264,298109,289275,289309,34464
MLFQ,1188,8801,89,43268,494532,485642,485731,34467
MLFQ,3742,8801,8,43272,80970,72161,72169,34471
MLFQ,5673,8802,52,43276,386907,378053,378105,34474
MLFQ,7293,8802,81,43280,486040,477157,477238,34478
MLFQ,5816,8802,86,43284,491108,482220,482306,34482
MLFQ,7404,8804,84,43292,486048,477160,477244,34488
MLFQ,2577,8804,16,43296,151309,142489,142505,34492
MLFQ,4610,8806,21,43300,214806,205979,206000,34494
MLFQ,7306,8808,43,43308,345863,337012,337055,34500
MLFQ,8614,8808,30,43312,271924,263086,263116,34504
MLFQ,479,8808,97,43316,497039,488134,488231,34508
MLFQ,7575,8809,8,43320,81018,72201,72209,34511
MLFQ,3385,8811,68,43328,449284,440405,440473,34517
MLFQ,8584,8812,28,43332,244145,235305,235333,34520
MLFQ,237,8815,18,43340,183951,175118,175136,34525
MLFQ,7772,8817,29,43344,271937,263091,263120,34527
MLFQ,1285,8820,64,43352,436114,427230,427294,34532
MLFQ,4287,8828,84,43364,486060,477148,477232,34536
MLFQ,6905,8828,4,43368,43372,34540,34544,34540
MLFQ,8877,8831,8,43376,81070,72231,72239,34545
MLFQ,2651,8831,34,43380,298167,289302,289336,34549
MLFQ,5057,8832,46,43384,367239,358361,358407,34552
MLFQ,9741,8834,46,43388,367241,358361,358407,34554
MLFQ,6015,8834,27,43392,244188,235327,235354,34558
MLFQ,3322,8835,12,43400,117096,108249,108261,34565
MLFQ,8207,8837,39,43404,322838,313962,314001,34567
MLFQ,3904,8837,98,43408,497041,488106,488204,34571
MLFQ,868,8837,37,43412,322843,313969,314006,34575
MLFQ,40,8838,71,43416,460907,451998,452069,34578
MLFQ,4066,8841,22,43424,214904,206041,206063,34583
MLFQ,1948,8841,56,43428,404932,396035,396091,34587
MLFQ,2243,8843,8,43436,81130,72279,72287,34593
MLFQ,5090,8844,67,43440,449307,440396,440463,34596
MLFQ,8493,8847,68,43448,449315,440400,440468,34601
MLFQ,3006,8848,86,43452,491118,482184,482270,34604
MLFQ,4637,8848,44,43456,345935,337043,337087,34608
MLFQ,9044,8848,1,43460,43461,34612,34613,34612
MLFQ,4718,8849,31,43461,272016,263136,263167,34612
MLFQ,3636,8850,56,43465,404952,396046,396102,34615
MLFQ,3161,8851,72,43473,460923,452000,452072,34622
MLFQ,8533,8853,27,43477,244251,235371,235398,34624
MLFQ,1942,8853,16,43481,151467,142598,142614,34628
MLFQ,2280,8853,74,43485,470902,461975,462049,34632
MLFQ,8655,8855,75,43493,470905,461975,462050,34638
MLFQ,7782,8856,78,43497,479306,470372,470450,34641
MLFQ,6018,8857,12,43501,117188,108319,108331,34644
MLFQ,3450,8858,72,43505,460939,452009,452081,34647
MLFQ,3193,8859,65,43513,449348,440424,440489,34654
MLFQ,8387,8859,58,43517,421367,412450,412508,34658
MLFQ,5926,8861,73,43521,470910,461976,462049,34660
MLFQ,9423,8864,37,43529,322924,314023,314060,34665
MLFQ,5181,8864,21,43533,214993,206108,206129,34669
MLFQ,7296,8864,61,43537,436187,427262,427323,34673
MLFQ,702,8865,2,43541,43543,34676,34678,34676
MLFQ,491,8867,22,43547,214999,206110,206132,34680
MLFQ,6959,8867,41,43551,345992,337084,337125,34684
MLFQ,4631,8869,31,43555,272083,263183,263214,34686
MLFQ,5024,8872,18,43563,184133,175243,175261,34691
MLFQ,8390,8872,27,43567,244310,235411,235438,34695
MLFQ,7099,8874,66,43571,449358,440418,440484,34697
MLFQ,5418,8876,81,43579,486069,477112,477193,34703
MLFQ,6648,8879,4,43587,43591,34708,34712,34708
MLFQ,7730,8880,6,43591,81276,72390,72396,34711
MLFQ,6826,8880,84,43595,486073,477109,477193,34715
MLFQ,5660,8881,46,43599,367345,358418,358464,34718
MLFQ,1554,8884,40,43607,322960,314036,314076,34723
MLFQ,5400,8890,63,43615,436210,427257,427320,34725
MLFQ,3524,8891,98,43621,497043,488054,488152,34730
MLFQ,7682,8893,93,43625,496448,487462,487555,34732
MLFQ,6520,8894,31,43629,272130,263205,263236,34735
MLFQ,2296,8894,66,43633,449381,440421,440487,34739
MLFQ,5895,8895,31,43641,272141,263215,263246,34746
MLFQ,7220,8895,36,43645,298339,289408,289444,34750
MLFQ,2419,8895,74,43649,470938,461969,462043,34754
MLFQ,1352,8896,9,43653,117321,108416,108425,34757
MLFQ,7969,8897,42,43657,346046,337107,337149,34760
MLFQ,9230,8899,43,43665,346049,337107,337150,34766
MLFQ,160,8901,48,43669,367381,358432,358480,34768
MLFQ,4663,8901,51,43673,387080,378128,378179,34772
MLFQ,1269,8901,80,43677,479331,470350,470430,34776
MLFQ,8788,8903,92,43685,494552,485557,485649,34782
MLFQ,9693,8904,29,43689,272180,263247,263276,34785
MLFQ,1595,8905,89,43693,494553,485559,485648,34788
MLFQ,819,8905,83,43697,486096,477108,477191,34792
MLFQ,583,8905,61,43701,436251,427285,427346,34796
MLFQ,1875,8906,77,43705,479344,470361,470438,34799
MLFQ,2191,8906,18,43709,184259,175335,175353,34803
MLFQ,1624,8907,54,43717,405082,396121,396175,34810
MLFQ,9794,8907,64,43721,436263,427292,427356,34814
MLFQ,9419,8911,21,43729,215152,206220,206241,34818
MLFQ,5933,8911,72,43733,461007,452024,452096,34822
MLFQ,3907,8912,45,43737,367430,358473,358518,34825
MLFQ,1079,8914,88,43741,491141,482139,482227,34827
MLFQ,877,8915,30,43749,272226,263281,263311,34834
MLFQ,2637,8915,32,43753,272230,263283,263315,34838
MLFQ,6691,8919,76,43761,470970,461975,462051,34842
MLFQ,1582,8920,73,43765,470971,461978,462051,34845
MLFQ,5190,8921,46,43769,367448,358481,358527,34848
MLFQ,2775,8921,37,43773,323073,314115,314152,34852
MLFQ,3996,8923,70,43781,461021,452028,452098,34858
MLFQ,4607,8923,6,43785,81466,72537,72543,34862
MLFQ,546,8924,39,43789,323080,314117,314156,34865
MLFQ,4464,8924,63,43793,436287,427300,427363,34869
MLFQ,5990,8926,2,43797,43799,34871,34873,34871
MLFQ,1848,8927,60,43803,421491,412504,412564,34876
MLFQ,1322,8930,70,43807,461023,452023,452093,34877
MLFQ,3289,8931,87,43815,491144,482126,482213,34884
MLFQ,400,8932,3,43819,43822,34887,34890,34887
MLFQ,3831,8933,31,43822,272278,263314,263345,34889
MLFQ,8189,8934,35,43826,298458,289489,289524,34892
MLFQ,5251,8938,26,43833,244527,235563,235589,34895
MLFQ,8081,8940,18,43841,184373,175415,175433,34901
MLFQ,1647,8941,54,43845,405132,396137,396191,34904
MLFQ,1223,8942,80,43849,479364,470342,470422,34907
MLFQ,6166,8943,56,43857,405140,396141,396197,34914
MLFQ,6417,8945,99,43861,497046,488002,488101,34916
MLFQ,472,8945,94,43865,496454,487415,487509,34920
MLFQ,1662,8946,48,43869,367496,358502,358550,34923
MLFQ,5197,8947,2,43874,43876,34927,34929,34927
MLFQ,6531,8949,20,43876,184401,175432,175452,34927
MLFQ,7557,8949,1,43880,43881,34931,34932,34931
MLFQ,9748,8953,27,43885,244562,235582,235609,34932
MLFQ,9513,8953,1,43889,43890,34936,34937,34936
MLFQ,4266,8954,82,43890,486118,477082,477164,34936
MLFQ,1498,8954,10,43894,117537,108573,108583,34940
MLFQ,197,8958,42,43902,346187,337187,337229,34944
MLFQ,6336,8959,61,43910,436324,427304,427365,34951
MLFQ,8467,8959,54,43914,405166,396153,396207,34955
MLFQ,4096,8960,66,43918,449475,440449,440515,34958
MLFQ,7255,8961,67,43922,449478,440450,440517,34961
MLFQ,6367,8963,4,43930,43934,34967,34971,34967
MLFQ,2221,8964,81,43934,486123,477078,477159,34970
MLFQ,1131,8966,64,43938,436340,427310,427374,34972
MLFQ,474,8967,27,43946,244609,235615,235642,34979
MLFQ,9463,8967,66,43950,449484,440451,440517,34983
MLFQ,3255,8967,62,43954,436346,427317,427379,34987
MLFQ,4762,8970,65,43958,449485,440450,440515,34988
MLFQ,6552,8971,70,43966,461061,452020,452090,34995
MLFQ,9902,8974,1,43970,43971,34996,34997,34996
MLFQ,8298,8974,84,43971,486127,477069,477153,34997
MLFQ,4802,8975,69,43979,461066,452022,452091,35004
MLFQ,4865,8975,32,43983,272394,263387,263419,35008
MLFQ,5040,8976,24,43987,215367,206367,206391,35011
MLFQ,8769,8978,16,43991,151915,142921,142937,35013
MLFQ,5570,8979,49,43999,387254,378226,378275,35020
MLFQ,2189,8980,16,44003,151927,142931,142947,35023
MLFQ,5150,8982,92,44007,494565,485491,485583,35025
MLFQ,8932,8983,85,44015,491158,482090,482175,35032
MLFQ,8323,8984,19,44019,184524,175521,175540,35035
MLFQ,1534,8984,34,44023,298585,289567,289601,35039
MLFQ,2068,8984,39,44027,323223,314200,314239,35043
MLFQ,1421,8987,71,44035,461081,452023,452094,35048
MLFQ,9511,8988,87,44039,491161,482086,482173,35051
MLFQ,3405,8988,33,44043,298602,289581,289614,35055
MLFQ,2962,8988,97,44047,497047,487962,488059,35059
MLFQ,7741,8989,68,44051,449528,440471,440539,35062
MLFQ,7171,8989,90,44055,494571,485492,485582,35066
MLFQ,659,8989,55,44059,405249,396205,396260,35070
MLFQ,5161,8989,94,44063,496460,487377,487471,35074
MLFQ,8014,8990,86,44067,491175,482099,482185,35077
MLFQ,6192,8992,65,44075,449545,440488,440553,35083
MLFQ,4047,8995,42,44083,346309,337272,337314,35088
MLFQ,7368,8995,56,44087,405269,396218,396274,35092
MLFQ,4216,8996,52,44091,387318,378270,378322,35095
MLFQ,107,8996,6,44095,81756,72754,72760,35099
MLFQ,1173,8996,12,44099,117729,108721,108733,35103
MLFQ,5902,8997,87,44103,491178,482094,482181,35106
MLFQ,7690,8998,14,44107,152017,143005,143019,35109
MLFQ,9215,9001,68,44115,449553,440484,440552,35114
MLFQ,9484,9001,33,44119,298659,289625,289658,35118
MLFQ,1329,9005,10,44125,117751,108736,108746,35120
MLFQ,6672,9005,36,44129,298663,289622,289658,35124
MLFQ,8466,9007,52,44137,387334,378275,378327,35130
MLFQ,296,9007,70,44141,461115,452038,452108,35134
MLFQ,4479,9008,33,44145,298676,289635,289668,35137
MLFQ,4938,9009,53,44149,405286,396224,396277,35140
MLFQ,3186,9009,93,44153,496461,487359,487452,35144
MLFQ,3202,9010,6,44157,81814,72798,72804,35147
MLFQ,2121,9011,75,44165,471065,461979,462054,35154
MLFQ,2123,9011,33,44169,298693,289649,289682,35158
MLFQ,9928,9011,6,44173,81828,72811,72817,35162
MLFQ,3953,9012,32,44177,272542,263498,263530,35165
MLFQ,1836,9013,53,44181,405299,396233,396286,35168
MLFQ,3849,9014,19,44185,184659,175626,175645,35171
MLFQ,1451,9017,57,44193,421655,412581,412638,35176
MLFQ,5785,9017,34,44197,298707,289656,289690,35180
MLFQ,6909,9017,17,44201,184672,175638,175655,35184
MLFQ,4383,9018,70,44205,461129,452041,452111,35187
MLFQ,7901,9018,82,44209,486173,477073,477155,35191
MLFQ,1290,9018,63,44213,436453,427372,427435,35195
MLFQ,7249,9019,23,44221,215550,206508,206531,35202
MLFQ,9527,9019,18,44225,184694,175657,175675,35206
MLFQ,4872,9021,8,44229,81884,72855,72863,35208
MLFQ,6749,9023,2,44237,44239,35214,35216,35214
MLFQ,9284,9024,26,44239,244831,235781,235807,35215
MLFQ,6688,9026,83,44243,486176,477067,477150,35217
MLFQ,9631,9027,58,44251,421675,412590,412648,35224
MLFQ,2400,9028,24,44255,215574,206522,206546,35227
MLFQ,5325,9030,42,44259,346399,337327,337369,35229
MLFQ,8715,9030,27,44263,244850,235793,235820,35233
MLFQ,2683,9031,77,44271,479446,470338,470415,35240
MLFQ,2453,9032,42,44275,346409,337335,337377,35243
MLFQ,4769,9032,11,44279,117890,108847,108858,35247
MLFQ,7407,9033,52,44283,387402,378317,378369,35250
MLFQ,7750,9034,6,44287,81938,72898,72904,35253
MLFQ,5247,9035,5,44295,81943,72903,72908,35260
MLFQ,7863,9035,18,44299,184748,175695,175713,35264
MLFQ,4956,9036,72,44303,461146,452038,452110,35267
MLFQ,7519,9037,22,44307,215608,206549,206571,35270
MLFQ,4349,9040,55,44315,405350,396255,396310,35275
MLFQ,5372,9041,77,44319,479451,470333,470410,35278
MLFQ,1389,9041,81,44323,486181,477059,477140,35282
MLFQ,1830,9042,48,44327,367751,358661,358709,35285
MLFQ,5071,9043,84,44335,486185,477058,477142,35292
MLFQ,9090,9044,34,44339,298793,289715,289749,35295
MLFQ,6168,9045,34,44343,298795,289716,289750,35298
MLFQ,9802,9046,41,44347,346450,337363,337404,35301
MLFQ,2650,9046,81,44351,486186,477059,477140,35305
MLFQ,2200,9047,80,44359,479467,470340,470420,35312
MLFQ,5734,9053,89,44367,494588,485446,485535,35314
MLFQ,6374,9057,79,44375,479475,470339,470418,35318
MLFQ,6139,9057,54,44379,405388,396277,396331,35322
MLFQ,3400,9061,7,44387,82034,72966,72973,35326
MLFQ,118,9062,69,44391,461187,452056,452125,35329
MLFQ,4484,9062,97,44395,497048,487889,487986,35333
MLFQ,6137,9062,96,44399,496470,487312,487408,35337
MLFQ,7610,9063,6,44407,82052,72983,72989,35344
MLFQ,7918,9063,31,44411,272699,263605,263636,35348
MLFQ,923,9064,81,44415,486199,477054,477135,35351
MLFQ,9583,9065,20,44419,184856,175771,175791,35354
MLFQ,7760,9065,26,44423,244968,235877,235903,35358
MLFQ,6163,9065,83,44427,486202,477054,477137,35362
MLFQ,3495,9065,53,44431,405409,396291,396344,35366
MLFQ,4709,9067,28,44439,244980,235885,235913,35372
MLFQ,2436,9067,6,44443,82086,73013,73019,35376
MLFQ,8356,9069,56,44447,405413,396288,396344,35378
MLFQ,8875,9073,28,44455,244988,235887,235915,35382
MLFQ,4460,9074,38,44459,323477,314365,314403,35385
MLFQ,2111,9074,28,44463,244996,235894,235922,35389
MLFQ,4251,9076,4,44471,44475,35395,35399,35395
MLFQ,1371,9076,44,44475,346510,337390,337434,35399
MLFQ,3401,9077,94,44479,496472,487301,487395,35402
MLFQ,1487,9077,47,44483,367821,358697,358744,35406
MLFQ,1611,9078,74,44487,471138,461986,462060,35409
MLFQ,1513,9078,28,44491,245016,235910,235938,35413
MLFQ,7058,9078,28,44495,245020,235914,235942,35417
MLFQ,9382,9079,17,44503,184917,175821,175838,35424
MLFQ,6845,9079,28,44507,245024,235917,235945,35428
MLFQ,6117,9080,95,44511,496475,487300,487395,35431
MLFQ,4565,9080,28,44515,245032,235924,235952,35435
MLFQ,3190,9080,29,44519,272740,263631,263660,35439
MLFQ,5707,9080,17,44523,184934,175837,175854,35443
MLFQ,5294,9081,50,44527,387499,378368,378418,35446
MLFQ,5267,9082,19,44531,184941,175840,175859,35449
MLFQ,9228,9083,14,44539,152387,143290,143304,35456
MLFQ,3240,9083,75,44543,471145,461987,462062,35460
MLFQ,593,9086,69,44547,461220,452065,452134,35461
MLFQ,2489,9086,53,44551,405434,396295,396348,35465
MLFQ,451,9087,55,44559,405437,396295,396350,35472
MLFQ,2630,9087,40,44563,323525,314398,314438,35476
MLFQ,5846,9088,78,44567,479501,470335,470413,35479
MLFQ,9575,9089,78,44571,479503,470336,470414,35482
MLFQ,7212,9089,87,44575,491213,482037,482124,35486
MLFQ,6393,9089,21,44579,215813,206703,206724,35490
MLFQ,9605,9089,40,44583,323541,314412,314452,35494
MLFQ,760,9091,44,44591,346570,337435,337479,35500
MLFQ,2148,9092,65,44595,449694,440537,440602,35503
MLFQ,890,9093,74,44599,471163,461996,462070,35506
MLFQ,1666,9094,40,44603,323561,314427,314467,35509
MLFQ,3048,9094,41,44607,346579,337444,337485,35513
MLFQ,4280,9095,20,44615,185017,175902,175922,35520
MLFQ,5365,9095,25,44619,245109,235989,236014,35524
MLFQ,5308,9095,52,44623,387551,378404,378456,35528
MLFQ,8726,9096,99,44627,497051,487856,487955,35531
MLFQ,7499,9096,14,44631,152477,143367,143381,35535
MLFQ,1504,9098,17,44635,185030,175915,175932,35537
MLFQ,4924,9099,10,44643,118220,109111,109121,35544
MLFQ,3115,9101,77,44647,479516,470338,470415,35546
MLFQ,2857,9101,4,44651,44655,35550,35554,35550
MLFQ,5017,9103,26,44659,245127,235998,236024,35556
MLFQ,8992,9103,41,44663,346600,337456,337497,35560
MLFQ,9725,9104,30,44667,272834,263700,263730,35563
MLFQ,4424,9104,13,44671,152502,143385,143398,35567
MLFQ,5187,9104,86,44675,491223,482033,482119,35571
MLFQ,1417,9105,43,44679,346607,337459,337502,35574
MLFQ,1136,9106,95,44683,496485,487284,487379,35577
MLFQ,7464,9107,49,44691,387576,378420,378469,35584
MLFQ,4528,9107,9,44695,118262,109146,109155,35588
MLFQ,9701,9107,10,44699,118264,109147,109157,35592
MLFQ,4887,9107,15,44703,152525,143403,143418,35596
MLFQ,1844,9108,28,44707,245159,236023,236051,35599
MLFQ,8310,9108,28,44711,245163,236027,236055,35603
MLFQ,1485,9109,8,44715,82350,73233,73241,35606
MLFQ,7612,9110,31,44719,272857,263716,263747,35609
MLFQ,6388,9110,22,44723,215911,206779,206801,35613
MLFQ,1777,9110,1,44727,44728,35617,35618,35617
MLFQ,861,9111,48,44732,367921,358762,358810,35621
MLFQ,6184,9111,9,44736,118293,109173,109182,35625
MLFQ,7729,9112,65,44740,449727,440550,440615,35628
MLFQ,5714,9112,15,44744,152556,143429,143444,35632
MLFQ,2323,9114,21,44748,215924,206789,206810,35634
MLFQ,4514,9114,34,44752,299005,289857,289891,35638
MLFQ,3855,9116,39,44760,323628,314473,314512,35644
MLFQ,8776,9116,4,44764,44768,35648,35652,35648
MLFQ,4258,9116,75,44768,471190,461999,462074,35652
MLFQ,4839,9117,26,44772,245197,236054,236080,35655
MLFQ,6399,9118,71,44776,461274,452085,452156,35658
MLFQ,7066,9118,79,44780,479530,470333,470412,35662
MLFQ,3214,9120,95,44788,496488,487273,487368,35668
MLFQ,7399,9120,44,44792,346659,337495,337539,35672
MLFQ,5185,9121,47,44796,367949,358781,358828,35675
MLFQ,2636,9122,38,44800,323658,314498,314536,35678
MLFQ,1296,9126,13,44808,152613,143474,143487,35682
MLFQ,7502,9126,52,44812,387608,378430,378482,35686
MLFQ,2641,9127,87,44820,491234,482020,482107,35693
MLFQ,1596,9127,47,44824,367961,358787,358834,35697
MLFQ,2254,9127,26,44828,245247,236094,236120,35701
MLFQ,1360,9130,12,44832,118385,109243,109255,35702
MLFQ,1238,9130,50,44836,387614,378434,378484,35706
MLFQ,5726,9130,13,44840,152638,143495,143508,35710
MLFQ,4180,9131,56,44848,405525,396338,396394,35717
MLFQ,3259,9131,42,44852,346689,337516,337558,35721
MLFQ,1693,9131,30,44856,272947,263786,263816,35725
MLFQ,7358,9133,15,44860,152657,143509,143524,35727
MLFQ,4231,9133,30,44864,272949,263786,263816,35731
MLFQ,3062,9134,54,44868,405527,396339,396393,35734
MLFQ,3438,9135,15,44873,152668,143518,143533,35738
MLFQ,4239,9135,82,44877,486240,477023,477105,35742
MLFQ,1864,9135,50,44881,387628,378443,378493,35746
MLFQ,2468,9135,83,44885,486243,477025,477108,35750
MLFQ,4217,9136,38,44889,323707,314533,314571,35753
MLFQ,7202,9137,3,44893,44896,35756,35759,35756
MLFQ,3935,9137,69,44896,461296,452090,452159,35759
MLFQ,1094,9138,75,44900,471213,462000,462075,35762
MLFQ,6842,9139,65,44908,449772,440568,440633,35769
MLFQ,8448,9139,66,44912,449774,440569,440635,35773
MLFQ,4867,9141,64,44916,436661,427456,427520,35775
MLFQ,4133,9141,15,44920,152711,143555,143570,35779
MLFQ,5814,9142,76,44924,471221,462003,462079,35782
MLFQ,5285,9145,71,44932,461311,452095,452166,35787
MLFQ,6243,9145,1,44936,44937,35791,35792,35791
MLFQ,280,9146,90,44937,494626,485390,485480,35791
MLFQ,4236,9146,48,44941,368029,358835,358883,35795
MLFQ,1050,9146,27,44945,245334,236161,236188,35799
MLFQ,8220,9148,69,44953,461316,452099,452168,35805
MLFQ,293,9151,74,44961,471227,462002,462076,35810
MLFQ,1852,9153,49,44965,387683,378481,378530,35812
MLFQ,6133,9154,1,44969,44970,35815,35816,35815
MLFQ,2232,9154,24,44970,216108,206930,206954,35816
MLFQ,1358,9155,22,44978,216110,206933,206955,35823
MLFQ,9037,9156,89,44982,494627,485382,485471,35826
MLFQ,9720,9157,54,44986,405589,396378,396432,35829
MLFQ,5653,9158,29,44990,273042,263855,263884,35832
MLFQ,1949,9160,71,44998,461331,452100,452171,35838
MLFQ,359,9163,7,45006,82629,73459,73466,35843
MLFQ,5612,9164,86,45010,491248,481998,482084,35846
MLFQ,8391,9164,51,45014,387706,378491,378542,35850
MLFQ,3135,9165,51,45018,387709,378493,378544,35853
MLFQ,7554,9166,65,45022,449811,440580,440645,35856
MLFQ,4087,9166,11,45026,118568,109391,109402,35860
MLFQ,28,9167,85,45033,491249,481997,482082,35866
MLFQ,3559,9168,40,45037,323808,314600,314640,35869
MLFQ,9236,9168,38,45041,323810,314604,314642,35873
MLFQ,3020,9168,78,45045,479568,470322,470400,35877
MLFQ,2744,9168,45,45049,368086,358873,358918,35881
MLFQ,4799,9169,89,45053,494628,485370,485459,35884
MLFQ,4755,9170,19,45057,185359,176170,176189,35887
MLFQ,3457,9171,96,45065,496494,487227,487323,35894
MLFQ,3336,9171,77,45069,479577,470329,470406,35898
MLFQ,2622,9172,6,45073,82691,73513,73519,35901
MLFQ,8480,9173,40,45077,323838,314625,314665,35904
MLFQ,8324,9173,76,45081,471259,462010,462086,35908
MLFQ,6487,9174,44,45085,346830,337612,337656,35911
MLFQ,9390,9174,51,45089,387740,378515,378566,35915
MLFQ,1410,9175,9,45097,118629,109445,109454,35922
MLFQ,4564,9175,3,45101,45104,35926,35929,35926
MLFQ,8530,9176,58,45104,421952,412718,412776,35928
MLFQ,2615,9177,38,45108,323860,314645,314683,35931
MLFQ,6776,9179,61,45116,436727,427487,427548,35937
MLFQ,1402,9179,63,45120,436730,427488,427551,35941
MLFQ,9082,9180,23,45124,216226,207023,207046,35944
MLFQ,1075,9181,13,45128,152889,143695,143708,35947
MLFQ,4311,9182,67,45132,449838,440589,440656,35950
MLFQ,6398,9182,33,45136,299274,290059,290092,35954
MLFQ,384,9183,87,45144,491260,481990,482077,35961
MLFQ,9139,9183,33,45148,299283,290067,290100,35965
MLFQ,945,9184,1,45152,45153,35968,35969,35968
MLFQ,7402,9186,19,45153,185438,176233,176252,35967
MLFQ,8059,9186,5,45157,82768,73577,73582,35971
MLFQ,9038,9187,7,45165,82775,73581,73588,35978
MLFQ,9336,9190,73,45169,471268,462005,462078,35979
MLFQ,3003,9190,62,45173,436748,427496,427558,35983
MLFQ,7470,9190,85,45177,491265,481990,482075,35987
MLFQ,5386,9190,70,45181,461377,452117,452187,35991
MLFQ,9069,9193,78,45189,479591,470320,470398,35996
MLFQ,5864,9196,31,45197,273193,263966,263997,36001
MLFQ,7764,9196,92,45201,494637,485349,485441,36005
MLFQ,1867,9196,53,45205,405682,396433,396486,36009
MLFQ,6829,9197,54,45209,405684,396433,396487,36012
MLFQ,3579,9198,28,45213,245538,236312,236340,36015
MLFQ,1760,9200,21,45221,216303,207082,207103,36021
MLFQ,3164,9203,88,45229,491273,481982,482070,36026
MLFQ,2538,9203,24,45233,216311,207084,207108,36030
MLFQ,407,9204,70,45237,461395,452121,452191,36033
MLFQ,6349,9205,56,45241,405700,396439,396495,36036
MLFQ,1788,9206,45,45245,368189,358938,358983,36039
MLFQ,1870,9206,92,45249,494641,485343,485435,36043
MLFQ,445,9207,80,45257,479607,470320,470400,36050
MLFQ,4783,9208,38,45261,323957,314711,314749,36053
MLFQ,1565,9208,5,45265,82869,73656,73661,36057
MLFQ,1998,9208,86,45269,491279,481985,482071,36061
MLFQ,238,9208,67,45273,449897,440622,440689,36065
MLFQ,9714,9211,51,45281,387843,378581,378632,36070
MLFQ,5413,9211,93,45285,496495,487191,487284,36074
MLFQ,7970,9212,21,45289,216360,207127,207148,36077
MLFQ,3229,9215,85,45297,491288,481988,482073,36082
MLFQ,7378,9215,10,45301,118811,109586,109596,36086
MLFQ,5704,9216,8,45305,82909,73685,73693,36089
MLFQ,6911,9217,97,45309,497052,487738,487835,36092
MLFQ,1854,9218,27,45313,245605,236360,236387,36095
MLFQ,6597,9219,42,45321,346964,337703,337745,36102
MLFQ,4531,9220,3,45325,45328,36105,36108,36105
MLFQ,4487,9221,5,45328,82926,73700,73705,36107
MLFQ,4744,9221,61,45332,436814,427532,427593,36111
MLFQ,8028,9221,6,45336,82932,73705,73711,36115
MLFQ,9273,9223,86,45344,491298,481989,482075,36121
MLFQ,2204,9223,43,45348,346979,337713,337756,36125
MLFQ,5870,9225,91,45352,494658,485342,485433,36127
MLFQ,1762,9227,91,45360,494661,485343,485434,36133
MLFQ,3173,9227,66,45364,449935,440642,440708,36137
MLFQ,8827,9228,51,45368,387886,378607,378658,36140
MLFQ,4173,9229,96,45372,496506,487181,487277,36143
MLFQ,7507,9230,4,45376,45380,36146,36150,36146
MLFQ,9395,9230,28,45380,245653,236395,236423,36150
MLFQ,8659,9230,24,45384,216426,207172,207196,36154
MLFQ,6524,9232,38,45392,324035,314765,314803,36160
MLFQ,1753,9235,67,45400,449942,440640,440707,36165
MLFQ,2347,9235,2,45404,45406,36169,36171,36169
MLFQ,5102,9241,29,45410,273334,264064,264093,36169
MLFQ,7322,9241,84,45414,486343,477018,477102,36173
MLFQ,3139,9242,95,45418,496509,487172,487267,36176
MLFQ,7035,9244,9,45426,118912,109659,109668,36182
MLFQ,7075,9244,25,45430,245686,236417,236442,36186
MLFQ,7069,9247,81,45438,486348,477020,477101,36191
MLFQ,2743,9250,39,45442,324066,314777,314816,36192
MLFQ,9529,9255,2,45454,45456,36199,36201,36199
MLFQ,3477,9256,65,45456,449963,440642,440707,36200
MLFQ,7623,9256,47,45460,368304,359001,359048,36204
MLFQ,3777,9256,79,45464,479670,470335,470414,36208
MLFQ,6893,9257,63,45468,436877,427557,427620,36211
MLFQ,6329,9257,93,45472,496510,487160,487253,36215
MLFQ,8134,9258,47,45476,368319,359014,359061,36218
MLFQ,4445,9259,65,45484,449972,440648,440713,36225
MLFQ,2535,9259,78,45488,479676,470339,470417,36229
MLFQ,8835,9261,55,45492,405826,396510,396565,36231
MLFQ,6025,9261,34,45496,299509,290214,290248,36235
MLFQ,2643,9262,92,45500,494677,485323,485415,36238
MLFQ,5681,9265,37,45508,324107,314805,314842,36243
MLFQ,6402,9266,75,45512,471375,462034,462109,36246
MLFQ,8768,9266,66,45516,449986,440654,440720,36250
MLFQ,8663,9267,23,45524,216545,207255,207278,36257
MLFQ,9436,9268,4,45528,45532,36260,36264,36260
MLFQ,8675,9268,44,45532,347091,337779,337823,36264
MLFQ,8445,9268,31,45536,273422,264123,264154,36268
MLFQ,78,9268,84,45540,486364,477012,477096,36272
MLFQ,5851,9269,88,45544,491332,481975,482063,36275
MLFQ,5157,9269,98,45548,497054,487687,487785,36279
MLFQ,5771,9271,41,45556,347104,337792,337833,36285
MLFQ,590,9273,97,45560,497055,487685,487782,36287
MLFQ,9357,9274,35,45564,299560,290251,290286,36290
MLFQ,23,9274,6,45568,83150,73870,73876,36294
MLFQ,1661,9274,23,45572,216584,207287,207310,36298
MLFQ,4654,9275,67,45580,450009,440667,440734,36305
MLFQ,4283,9275,23,45584,216591,207293,207316,36309
MLFQ,4018,9277,53,45588,405863,396533,396586,36311
MLFQ,2728,9277,48,45592,368375,359050,359098,36315
MLFQ,4482,9278,74,45596,471397,462045,462119,36318
MLFQ,3733,9280,92,45604,494689,485317,485409,36324
MLFQ,8936,9280,11,45608,119083,109792,109803,36328
MLFQ,8138,9280,44,45612,347136,337812,337856,36332
MLFQ,7428,9281,47,45616,368390,359062,359109,36335
MLFQ,5375,9281,82,45620,486382,477019,477101,36339
MLFQ,3748,9283,37,45627,324184,314864,314901,36344
MLFQ,9913,9283,6,45631,83208,73919,73925,36348
MLFQ,2521,9283,66,45635,450023,440674,440740,36352
MLFQ,7517,9284,62,45639,436943,427597,427659,36355
MLFQ,6731,9285,62,45643,436945,427598,427660,36358
MLFQ,9214,9287,2,45651,45653,36364,36366,36364
MLFQ,3965,9288,27,45653,245859,236544,236571,36365
MLFQ,5145,9290,28,45657,245863,236545,236573,36367
MLFQ,4179,9290,34,45661,299618,290294,290328,36371
MLFQ,5472,9290,76,45665,471413,462047,462123,36375
MLFQ,8767,9291,67,45671,450034,440676,440743,36380
MLFQ,3598,9291,18,45675,185872,176563,176581,36384
MLFQ,9437,9292,15,45679,153367,144060,144075,36387
MLFQ,6070,9294,7,45683,83255,73954,73961,36389
MLFQ,6534,9296,72,45691,461531,452163,452235,36395
MLFQ,5709,9297,79,45695,479715,470339,470418,36398
MLFQ,3203,9298,60,45699,422218,412860,412920,36401
MLFQ,1629,9299,99,45704,497058,487660,487759,36405
MLFQ,7859,9301,56,45708,405927,396570,396626,36407
MLFQ,2768,9302,84,45712,486394,477008,477092,36410
MLFQ,8609,9304,79,45720,479726,470343,470422,36416
MLFQ,9989,9304,55,45724,405938,396579,396634,36420
MLFQ,9046,9305,3,45728,45731,36423,36426,36423
MLFQ,4123,9306,25,45731,245916,236585,236610,36425
MLFQ,7060,9307,64,45739,436985,427614,427678,36432
MLFQ,7771,9308,57,45743,422239,412874,412931,36435
MLFQ,5971,9309,67,45747,450061,440685,440752,36438
MLFQ,906,9310,23,45751,216726,207393,207416,36441
MLFQ,5004,9311,89,45759,494698,485298,485387,36448
MLFQ,2183,9312,11,45763,119218,109895,109906,36451
MLFQ,7195,9314,77,45767,479731,470340,470417,36453
MLFQ,5232,9316,84,45775,486402,477002,477086,36459
MLFQ,7435,9316,34,45779,299696,290346,290380,36463
MLFQ,6949,9318,84,45783,486406,477004,477088,36465
MLFQ,7884,9319,73,45791,471449,462057,462130,36472
MLFQ,8335,9321,18,45795,185974,176635,176653,36474
MLFQ,8094,9321,64,45799,437017,427632,427696,36478
MLFQ,6686,9322,26,45803,245970,236622,236648,36481
MLFQ,1320,9323,13,45811,153484,144148,144161,36488
MLFQ,4935,9323,12,45815,119270,109935,109947,36492
MLFQ,7800,9324,75,45819,471452,462053,462128,36495
MLFQ,2373,9324,35,45823,299723,290364,290399,36499
MLFQ,2821,9324,47,45827,368511,359140,359187,36503
MLFQ,2072,9325,54,45831,405988,396609,396663,36506
MLFQ,2993,9326,17,45835,186003,176660,176677,36509
MLFQ,3544,9327,94,45843,496526,487105,487199,36516
MLFQ,6159,9327,88,45847,491364,481949,482037,36520
MLFQ,9981,9328,17,45851,186016,176671,176688,36523
MLFQ,1210,9328,22,45855,216804,207454,207476,36527
MLFQ,9592,9329,50,45859,388131,378752,378802,36530
MLFQ,7621,9330,50,45863,388133,378753,378803,36533
MLFQ,314,9331,98,45871,497060,487631,487729,36540
MLFQ,876,9333,97,45875,497061,487631,487728,36542
MLFQ,6696,9335,59,45883,422301,412907,412966,36548
MLFQ,2708,9335,98,45887,497063,487630,487728,36552
MLFQ,7439,9336,70,45891,461597,452191,452261,36555
MLFQ,632,9337,69,45895,461598,452192,452261,36558
MLFQ,208,9339,37,45903,324362,314986,315023,36564
MLFQ,9363,9340,96,45907,496542,487106,487202,36567
MLFQ,9024,9341,97,45911,497064,487626,487723,36570
MLFQ,2877,9342,34,45915,299801,290425,290459,36573
MLFQ,4689,9343,58,45923,422323,412922,412980,36580
MLFQ,6031,9344,78,45927,479769,470347,470425,36583
MLFQ,6899,9344,48,45931,368587,359195,359243,36587
MLFQ,2613,9346,47,45935,368590,359197,359244,36589
MLFQ,8547,9346,73,45939,471485,462066,462139,36593
MLFQ,574,9347,35,45947,299832,290450,290485,36600
MLFQ,543,9348,56,45951,406056,396652,396708,36603
MLFQ,5260,9350,37,45955,324401,315014,315051,36605
MLFQ,6612,9350,43,45959,347359,337966,338009,36609
MLFQ,8682,9350,98,45963,497066,487618,487716,36613
MLFQ,7695,9351,55,45971,406063,396657,396712,36620
MLFQ,856,9352,94,45975,496552,487106,487200,36623
MLFQ,9342,9353,94,45979,496554,487107,487201,36626
MLFQ,8173,9353,89,45983,494736,485294,485383,36630
MLFQ,8346,9354,58,45987,422353,412941,412999,36633
MLFQ,7492,9354,57,45991,422354,412943,413000,36637
MLFQ,6058,9355,86,45999,491406,481965,482051,36644
MLFQ,5352,9356,99,46003,497069,487614,487713,36647
MLFQ,362,9358,19,46007,186171,176794,176813,36649
MLFQ,3962,9359,34,46015,299886,290493,290527,36656
MLFQ,834,9361,86,46019,491412,481965,482051,36658
MLFQ,9297,9361,31,46023,273797,264405,264436,36662
MLFQ,6605,9365,47,46031,368649,359237,359284,36666
MLFQ,6502,9368,65,46039,450173,440740,440805,36671
MLFQ,6004,9369,95,46043,496561,487097,487192,36674
MLFQ,2520,9369,96,46047,496565,487100,487196,36678
MLFQ,3735,9369,48,46051,368665,359248,359296,36682
MLFQ,2940,9370,16,46055,153724,144338,144354,36685
MLFQ,8775,9371,28,46059,246184,236785,236813,36688
MLFQ,8858,9372,77,46067,479814,470365,470442,36695
MLFQ,7544,9373,18,46071,186224,176833,176851,36698
MLFQ,1304,9374,79,46075,479817,470364,470443,36701
MLFQ,4898,9374,55,46079,406126,396697,396752,36705
MLFQ,8257,9377,65,46087,450198,440756,440821,36710
MLFQ,8164,9378,10,46091,119544,110156,110166,36713
MLFQ,4861,9379,65,46095,450199,440755,440820,36716
MLFQ,9040,9379,7,46099,83666,74280,74287,36720
MLFQ,5551,9379,77,46103,479818,470362,470439,36724
MLFQ,5625,9381,64,46111,437149,427704,427768,36730
MLFQ,1965,9382,82,46115,486480,477016,477098,36733
MLFQ,6665,9383,38,46119,324511,315090,315128,36736
MLFQ,8998,9385,33,46123,299955,290537,290570,36738
MLFQ,9054,9386,68,46131,450211,440757,440825,36745
MLFQ,3250,9388,20,46135,186280,176872,176892,36747
MLFQ,1022,9397,44,46147,347475,338034,338078,36750
MLFQ,2381,9398,26,46155,246252,236828,236854,36757
MLFQ,9254,9399,36,46159,299971,290536,290572,36760
MLFQ,5632,9399,59,46163,422427,412969,413028,36764
MLFQ,1771,9400,7,46167,83729,74322,74329,36767
MLFQ,5265,9401,21,46171,217076,207654,207675,36770
MLFQ,8991,9404,85,46179,491425,481936,482021,36775
MLFQ,2792,9405,69,46183,461686,452212,452281,36778
MLFQ,5579,9407,65,46191,450220,440748,440813,36784
MLFQ,8647,9407,46,46195,368731,359278,359324,36788
MLFQ,6457,9408,61,46199,437170,427701,427762,36791
MLFQ,6496,9408,31,46203,273913,264474,264505,36795
MLFQ,3480,9408,36,46207,299999,290555,290591,36799
MLFQ,562,9409,6,46211,83771,74356,74362,36802
MLFQ,7262,9410,60,46219,422451,412981,413041,36809
MLFQ,9869,9411,85,46223,491426,481930,482015,36812
MLFQ,5880,9413,82,46227,486490,476995,477077,36814
MLFQ,4742,9417,3,46235,46238,36818,36821,36818
MLFQ,7338,9420,74,46242,471567,462073,462147,36822
MLFQ,4378,9421,31,46246,273944,264492,264523,36825
MLFQ,9656,9422,86,46252,491428,481920,482006,36830
MLFQ,4629,9424,44,46256,347527,338059,338103,36832
MLFQ,1992,9424,53,46260,406203,396726,396779,36836
MLFQ,8425,9425,87,46264,491431,481919,482006,36839
MLFQ,4743,9427,17,46272,186397,176953,176970,36845
MLFQ,3880,9428,73,46276,471580,462079,462152,36848
MLFQ,2875,9428,60,46280,422483,412995,413055,36852
MLFQ,3000,9429,13,46284,153925,144483,144496,36855
MLFQ,2620,9433,70,46292,461724,452221,452291,36859
MLFQ,9190,9433,29,46296,273981,264519,264548,36863
MLFQ,3331,9433,24,46300,217182,207725,207749,36867
MLFQ,8946,9434,31,46308,273988,264523,264554,36874
MLFQ,588,9435,34,46312,300061,290592,290626,36877
MLFQ,302,9435,59,46316,422498,413004,413063,36881
MLFQ,428,9435,91,46320,494753,485227,485318,36885
MLFQ,2439,9435,80,46324,479850,470335,470415,36889
MLFQ,1915,9435,3,46328,46331,36893,36896,36893
MLFQ,6292,9436,30,46331,274006,264540,264570,36895
MLFQ,6891,9436,42,46335,347573,338095,338137,36899
MLFQ,9918,9436,58,46339,422508,413014,413072,36903
MLFQ,1477,9437,65,46343,450269,440767,440832,36906
MLFQ,1473,9439,93,46351,496566,487034,487127,36912
MLFQ,9197,9441,88,46355,491445,481916,482004,36914
MLFQ,1212,9442,40,46363,324647,315165,315205,36921
MLFQ,612,9442,14,46367,154003,144547,144561,36925
MLFQ,924,9444,78,46371,479864,470342,470420,36927
MLFQ,1711,9444,48,46375,368831,359339,359387,36931
MLFQ,964,9446,5,46383,83932,74481,74486,36937
MLFQ,9621,9447,32,46387,274046,264567,264599,36940
MLFQ,3984,9447,17,46391,186494,177030,177047,36944
MLFQ,4476,9448,45,46395,368832,359339,359384,36947
MLFQ,8722,9449,51,46399,388412,378912,378963,36950
MLFQ,2944,9449,20,46403,186506,177037,177057,36954
MLFQ,9577,9450,38,46411,324669,315181,315219,36961
MLFQ,1335,9454,68,46419,450289,440767,440835,36965
MLFQ,4645,9454,79,46423,479867,470334,470413,36969
MLFQ,7607,9455,18,46427,186528,177055,177073,36972
MLFQ,3180,9456,84,46431,486518,476978,477062,36975
MLFQ,5481,9456,20,46435,186536,177060,177080,36979
MLFQ,4652,9460,15,46443,154070,144595,144610,36983
MLFQ,1685,9461,14,46447,154072,144597,144611,36986
MLFQ,4545,9461,8,46451,84000,74531,74539,36990
MLFQ,5056,9462,33,46459,300146,290651,290684,36997
MLFQ,9809,9464,46,46463,368862,359352,359398,36999
MLFQ,6258,9465,52,46467,388438,378921,378973,37002
MLFQ,1680,9465,18,46471,186558,177075,177093,37006
MLFQ,69,9467,74,46479,471622,462081,462155,37012
MLFQ,3391,9467,25,46483,246483,236991,237016,37016
MLFQ,9488,9470,58,46491,422558,413030,413088,37021
MLFQ,6592,9470,65,46495,450314,440779,440844,37025
MLFQ,5701,9471,18,46499,186584,177095,177113,37028
MLFQ,4019,9471,64,46503,437277,427742,427806,37032
MLFQ,1725,9472,4,46507,46511,37035,37039,37035
MLFQ,6839,9472,61,46511,437278,427745,427806,37039
MLFQ,8612,9472,73,46515,471627,462082,462155,37043
MLFQ,9219,9473,3,46519,46522,37046,37049,37046
MLFQ,158,9474,58,46523,422576,413044,413102,37049
MLFQ,9066,9475,23,46527,217343,207845,207868,37052
MLFQ,7518,9475,58,46531,422578,413045,413103,37056
MLFQ,3402,9475,30,46535,274132,264627,264657,37060
MLFQ,8808,9476,89,46539,494758,485193,485282,37063
MLFQ,2312,9476,48,46543,368910,359386,359434,37067
MLFQ,1434,9477,47,46547,368913,359389,359436,37070
MLFQ,7133,9479,52,46555,388486,378955,379007,37076
MLFQ,4448,9480,26,46559,246541,237035,237061,37079
MLFQ,4040,9480,15,46563,154175,144680,144695,37083
MLFQ,8297,9481,45,46567,368922,359396,359441,37086
MLFQ,6650,9484,13,46575,154184,144687,144700,37091
MLFQ,5140,9484,60,46579,422590,413046,413106,37095
MLFQ,7048,9485,8,46583,84124,74631,74639,37098
MLFQ,4325,9486,25,46591,246558,237047,237072,37105
MLFQ,7418,9487,86,46595,491451,481878,481964,37108
MLFQ,5610,9488,48,46599,368938,359402,359450,37111
MLFQ,7140,9490,36,46607,300238,290712,290748,37117
MLFQ,8443,9491,33,46611,300239,290715,290748,37120
MLFQ,8679,9491,28,46615,246578,237059,237087,37124
MLFQ,7719,9491,2,46619,46621,37128,37130,37128
MLFQ,2737,9491,79,46621,479889,470319,470398,37130
MLFQ,271,9492,17,46625,186681,177172,177189,37133
MLFQ,2968,9493,24,46629,217423,207906,207930,37136
MLFQ,7197,9493,1,46633,46634,37140,37141,37140
MLFQ,7687,9493,10,46634,120037,110534,110544,37141
MLFQ,6244,9494,8,46642,84180,74678,74686,37148
MLFQ,2990,9495,63,46646,437305,427747,427810,37151
MLFQ,7679,9496,77,46650,479890,470317,470394,37154
MLFQ,3151,9496,27,46654,246597,237074,237101,37158
MLFQ,8255,9496,67,46658,450344,440781,440848,37162
MLFQ,2303,9496,29,46662,274205,264680,264709,37166
MLFQ,4527,9497,56,46666,406363,396810,396866,37169
MLFQ,7588,9497,61,46670,437314,427756,427817,37173
MLFQ,1733,9499,62,46678,437320,427759,427821,37179
MLFQ,5623,9499,60,46682,422630,413071,413131,37183
MLFQ,4697,9499,8,46686,84224,74717,74725,37187
MLFQ,3082,9501,53,46690,406380,396826,396879,37189
MLFQ,1120,9503,97,46698,497070,487470,487567,37195
MLFQ,2251,9503,62,46702,437326,427761,427823,37199
MLFQ,7424,9503,42,46706,347771,338226,338268,37203
MLFQ,6560,9503,66,46710,450354,440785,440851,37207
MLFQ,847,9504,57,46714,422643,413082,413139,37210
MLFQ,7616,9505,21,46718,217496,207970,207991,37213
MLFQ,927,9506,54,46726,406399,396839,396893,37220
MLFQ,7334,9506,73,46730,471650,462071,462144,37224
MLFQ,1752,9508,70,46734,461806,452228,452298,37226
MLFQ,7880,9508,50,46738,388572,379014,379064,37230
MLFQ,937,9510,94,46746,496572,486968,487062,37236
MLFQ,7927,9510,30,46750,274279,264739,264769,37240
MLFQ,6199,9513,17,46754,186790,177260,177277,37241
MLFQ,1425,9516,23,46762,217531,207992,208015,37246
MLFQ,4562,9517,67,46766,450369,440785,440852,37249
MLFQ,4569,9518,80,46774,479902,470304,470384,37256
MLFQ,2388,9518,1,46778,46779,37260,37261,37260
MLFQ,1806,9519,38,46779,324877,315320,315358,37260
MLFQ,3799,9519,28,46783,246705,237158,237186,37264
MLFQ,720,9521,52,46787,388592,379019,379071,37266
MLFQ,6171,9521,57,46791,422666,413088,413145,37270
MLFQ,8507,9522,84,46799,486539,476933,477017,37277
MLFQ,9118,9522,46,46803,369048,359480,359526,37281
MLFQ,3592,9523,8,46807,84344,74813,74821,37284
MLFQ,1033,9524,88,46811,491463,481851,481939,37287
MLFQ,6359,9524,21,46815,217576,208031,208052,37291
MLFQ,8532,9528,23,46823,217583,208032,208055,37295
MLFQ,2660,9528,31,46827,274330,264771,264802,37299
MLFQ,9439,9531,48,46835,369060,359481,359529,37304
MLFQ,3706,9533,40,46839,324913,315340,315380,37306
MLFQ,5964,9533,84,46843,486547,476930,477014,37310
MLFQ,4457,9536,44,46851,347859,338279,338323,37315
MLFQ,8985,9537,53,46855,406448,396858,396911,37318
MLFQ,1822,9539,4,46863,46867,37324,37328,37324
MLFQ,3950,9540,25,46867,246766,237201,237226,37327
MLFQ,446,9540,82,46871,486553,476931,477013,37331
MLFQ,7137,9544,98,46879,497072,487430,487528,37335
MLFQ,6924,9546,10,46883,120264,110708,110718,37337
MLFQ,8417,9546,23,46887,217634,208065,208088,37341
MLFQ,1406,9547,70,46891,461844,452227,452297,37344
MLFQ,4816,9548,54,46895,406470,396868,396922,37347
MLFQ,7878,9549,17,46903,186921,177355,177372,37354
MLFQ,6041,9549,18,46907,186923,177356,177374,37358
MLFQ,4786,9549,91,46911,494773,485133,485224,37362
MLFQ,6044,9549,10,46915,120294,110735,110745,37366
MLFQ,7264,9549,49,46919,388649,379051,379100,37370
MLFQ,729,9550,19,46923,186934,177365,177384,37373
MLFQ,724,9550,93,46927,496577,486934,487027,37377
MLFQ,3836,9550,65,46931,450414,440799,440864,37381
MLFQ,7631,9551,76,46935,471698,462071,462147,37384
MLFQ,8217,9552,40,46939,324981,315389,315429,37387
MLFQ,9053,9553,64,46947,437408,427791,427855,37394
MLFQ,8806,9554,23,46951,217681,208104,208127,37397
MLFQ,9673,9554,61,46955,437409,427794,427855,37401
MLFQ,6254,9554,1,46959,46960,37405,37406,37405
MLFQ,47,9555,17,46960,186967,177395,177412,37405
MLFQ,149,9555,40,46964,324997,315402,315442,37409
MLFQ,4091,9555,31,46968,274425,264839,264870,37413
MLFQ,1786,9556,8,46972,84504,74940,74948,37416
MLFQ,2438,9557,18,46980,186981,177406,177424,37423
MLFQ,2282,9560,69,46984,461861,452232,452301,37424
MLFQ,399,9561,41,46992,347931,338329,338370,37431
MLFQ,216,9561,45,46996,369134,359528,359573,37435
MLFQ,5452,9562,89,47000,494778,485127,485216,37438
MLFQ,2976,9569,81,47012,486574,476924,477005,37443
MLFQ,8353,9569,46,47016,369152,359537,359583,37447
MLFQ,7584,9569,42,47020,347957,338346,338388,37451
MLFQ,4503,9570,32,47024,274469,264867,264899,37454
MLFQ,6618,9573,57,47032,422748,413118,413175,37459
MLFQ,7965,9574,58,47036,422750,413118,413176,37462
MLFQ,8363,9574,27,47040,246889,237288,237315,37466
MLFQ,594,9576,30,47044,274479,264873,264903,37468
MLFQ,3971,9579,9,47052,120419,110831,110840,37473
MLFQ,1672,9579,21,47056,217758,208158,208179,37477
MLFQ,8594,9580,31,47060,274486,264875,264906,37480
MLFQ,566,9580,73,47064,471718,462065,462138,37484
MLFQ,8913,9581,67,47072,450449,440801,440868,37491
MLFQ,3506,9582,78,47076,479956,470296,470374,37494
MLFQ,6685,9582,70,47080,461887,452235,452305,37498
MLFQ,9988,9582,30,47084,274508,264896,264926,37502
MLFQ,6915,9583,52,47088,388729,379094,379146,37505
MLFQ,3501,9583,5,47092,84617,75029,75034,37509
MLFQ,8129,9587,28,47100,246937,237322,237350,37513
MLFQ,2607,9587,73,47104,471723,462063,462136,37517
MLFQ,619,9588,87,47108,491490,481815,481902,37520
MLFQ,4959,9589,82,47116,486584,476913,476995,37527
MLFQ,6747,9589,69,47120,461901,452243,452312,37531
MLFQ,7708,9589,18,47124,187111,177504,177522,37535
MLFQ,4519,9590,30,47128,274538,264918,264948,37538
MLFQ,9995,9591,52,47132,388757,379114,379166,37541
MLFQ,2933,9591,53,47136,406571,396927,396980,37545
MLFQ,9538,9596,97,47144,497073,487380,487477,37548
MLFQ,2345,9596,86,47148,491496,481814,481900,37552
MLFQ,8479,9597,24,47156,217850,208229,208253,37559
MLFQ,8055,9599,81,47160,486597,476917,476998,37561
MLFQ,5810,9599,39,47164,325128,315490,315529,37565
MLFQ,1907,9600,27,47168,246996,237369,237396,37568
MLFQ,6113,9602,74,47176,471749,462073,462147,37574
MLFQ,5526,9603,18,47180,187165,177544,177562,37577
MLFQ,4666,9603,15,47184,154732,145114,145129,37581
MLFQ,7311,9604,27,47188,247007,237376,237403,37584
MLFQ,7789,9604,5,47192,84714,75105,75110,37588
MLFQ,3698,9607,46,47200,369251,359598,359644,37593
MLFQ,7721,9607,31,47204,274589,264951,264982,37597
MLFQ,7085,9608,50,47208,388791,379133,379183,37600
MLFQ,7640,9609,50,47216,388797,379138,379188,37607
MLFQ,6868,9609,27,47220,247034,237398,237425,37611
MLFQ,7205,9609,97,47224,497074,487368,487465,37615
MLFQ,1408,9610,13,47228,154769,145146,145159,37618
MLFQ,7958,9611,65,47232,450513,440837,440902,37621
MLFQ,9116,9611,69,47236,461934,452254,452323,37625
MLFQ,6273,9612,31,47240,274616,264973,265004,37628
MLFQ,2463,9614,99,47244,497077,487364,487463,37630
MLFQ,5011,9615,74,47248,471767,462078,462152,37633
MLFQ,9572,9617,79,47256,479997,470301,470380,37639
MLFQ,7244,9621,52,47264,388825,379152,379204,37643
MLFQ,9681,9624,75,47272,471774,462075,462150,37648
MLFQ,5280,9627,47,47276,369298,359624,359671,37649
MLFQ,7491,9628,57,47284,422855,413170,413227,37656
MLFQ,9406,9628,61,47288,437529,427840,427901,37660
MLFQ,8426,9629,65,47292,450534,440840,440905,37663
MLFQ,7546,9631,82,47296,486609,476896,476978,37665
MLFQ,1622,9631,99,47300,497080,487350,487449,37669
MLFQ,9489,9632,41,47308,348134,338461,338502,37676
MLFQ,9120,9632,97,47312,497081,487352,487449,37680
MLFQ,8891,9632,25,47316,247115,237458,237483,37684
MLFQ,1682,9633,60,47320,422883,413190,413250,37687
MLFQ,7897,9633,8,47324,84846,75205,75213,37691
MLFQ,6356,9635,67,47328,450553,440851,440918,37693
MLFQ,8984,9636,33,47336,300712,291043,291076,37700
MLFQ,5750,9637,98,47340,497083,487348,487446,37703
MLFQ,255,9637,53,47344,406672,396982,397035,37707
MLFQ,7971,9638,10,47348,120697,111049,111059,37710
MLFQ,9752,9638,12,47352,120701,111051,111063,37714
MLFQ,2699,9641,56,47360,406680,396983,397039,37719
MLFQ,5273,9641,43,47364,348168,338484,338527,37723
MLFQ,5349,9642,62,47368,437563,427859,427921,37726
MLFQ,5331,9643,16,47372,154893,145234,145250,37729
MLFQ,5390,9643,38,47376,325262,315581,315619,37733
MLFQ,7052,9644,35,47384,300743,291064,291099,37740
MLFQ,1506,9645,5,47388,84907,75257,75262,37743
MLFQ,7031,9648,15,47396,154912,145249,145264,37748
MLFQ,2930,9649,89,47400,494811,485073,485162,37751
MLFQ,9801,9650,37,47404,325267,315580,315617,37754
MLFQ,1245,9650,89,47408,494812,485073,485162,37758
MLFQ,9866,9650,11,47412,120756,111095,111106,37762
MLFQ,2170,9651,21,47416,218053,208381,208402,37765
MLFQ,3447,9653,73,47424,471807,462081,462154,37771
MLFQ,5749,9654,29,47428,274749,265066,265095,37774
MLFQ,5420,9654,27,47432,247192,237511,237538,37778
MLFQ,1936,9654,29,47436,274750,265067,265096,37782
MLFQ,1363,9655,96,47440,496608,486857,486953,37785
MLFQ,2926,9655,34,47444,300767,291078,291112,37789
MLFQ,8475,9657,72,47452,461994,452265,452337,37795
MLFQ,2675,9658,52,47456,388909,379199,379251,37798
MLFQ,6179,9661,10,47464,120804,111133,111143,37803
MLFQ,418,9662,11,47468,120807,111134,111145,37806
MLFQ,9210,9663,92,47472,494820,485065,485157,37809
MLFQ,5116,9663,77,47476,480038,470298,470375,37813
MLFQ,6861,9663,32,47480,274782,265087,265119,37817
MLFQ,3679,9665,84,47488,486649,476900,476984,37823
MLFQ,4481,9665,82,47492,486651,476904,476986,37827
MLFQ,1905,9667,91,47496,494823,485065,485156,37829
MLFQ,4753,9667,45,47500,369403,359691,359736,37833
MLFQ,7103,9669,85,47508,491549,481795,481880,37839
MLFQ,7960,9670,34,47512,300816,291112,291146,37842
MLFQ,51,9670,62,47516,437613,427881,427943,37846
MLFQ,4717,9673,69,47520,462023,452281,452350,37847
MLFQ,9019,9677,63,47528,437620,427880,427943,37851
MLFQ,4670,9677,76,47532,471841,462088,462164,37855
MLFQ,7596,9677,36,47536,300840,291127,291163,37859
MLFQ,2288,9678,40,47544,325345,315627,315667,37866
MLFQ,9157,9678,88,47548,491553,481787,481875,37870
MLFQ,9908,9679,10,47552,120889,111200,111210,37873
MLFQ,837,9685,67,47560,450624,440872,440939,37875
MLFQ,4050,9685,34,47564,300858,291139,291173,37879
MLFQ,9089,9686,30,47572,274864,265148,265178,37886
MLFQ,1994,9686,52,47576,388973,379235,379287,37890
MLFQ,93,9687,61,47580,437637,427889,427950,37893
MLFQ,3605,9689,79,47584,480065,470297,470376,37895
MLFQ,9872,9691,48,47592,369458,359719,359767,37901
MLFQ,62,9692,96,47596,496612,486824,486920,37904
MLFQ,1083,9692,8,47600,85119,75419,75427,37908
MLFQ,6668,9694,50,47608,388991,379247,379297,37914
MLFQ,9352,9695,30,47612,274894,265169,265199,37917
MLFQ,4031,9695,96,47616,496616,486825,486921,37921
MLFQ,9697,9696,51,47620,388998,379251,379302,37924
MLFQ,9164,9697,40,47624,325401,315664,315704,37927
MLFQ,6948,9697,13,47628,155113,145403,145416,37931
MLFQ,5839,9697,62,47632,437655,427896,427958,37935
MLFQ,7116,9699,72,47640,462059,452288,452360,37941
MLFQ,2128,9700,48,47644,369494,359746,359794,37944
MLFQ,3017,9702,94,47652,496618,486822,486916,37950
MLFQ,6299,9702,61,47656,437668,427905,427966,37954
MLFQ,5333,9706,34,47664,300936,291196,291230,37958
MLFQ,485,9708,45,47668,369511,359758,359803,37960
MLFQ,5343,9709,21,47672,218275,208545,208566,37963
MLFQ,1793,9710,86,47680,491571,481775,481861,37970
MLFQ,4416,9712,86,47684,491573,481775,481861,37972
MLFQ,5464,9713,25,47688,247405,237667,237692,37975
MLFQ,6864,9713,41,47692,348345,338591,338632,37979
MLFQ,2987,9714,27,47700,247414,237673,237700,37986
MLFQ,5820,9714,76,47704,471883,462093,462169,37990
MLFQ,2025,9715,23,47708,218306,208568,208591,37993
MLFQ,7864,9716,23,47712,218309,208570,208593,37996
MLFQ,7246,9718,68,47720,450676,440890,440958,38002
MLFQ,4328,9718,92,47724,494841,485031,485123,38006
MLFQ,7489,9719,52,47728,389050,379279,379331,38009
MLFQ,274,9719,90,47732,494843,485034,485124,38013
MLFQ,8226,9719,18,47736,187639,177902,177920,38017
MLFQ,8248,9721,67,47740,450687,440899,440966,38019
MLFQ,152,9721,7,47744,85262,75534,75541,38023
MLFQ,8022,9724,93,47752,496619,486802,486895,38028
MLFQ,5049,9726,99,47760,497086,487261,487360,38034
MLFQ,6080,9727,23,47764,218348,208598,208621,38037
MLFQ,7928,9727,94,47768,496625,486804,486898,38041
MLFQ,3645,9729,6,47772,85288,75553,75559,38043
MLFQ,7108,9730,7,47780,85295,75558,75565,38050
MLFQ,4104,9732,37,47784,325498,315729,315766,38052
MLFQ,2012,9732,90,47788,494859,485037,485127,38056
MLFQ,5366,9733,36,47792,301012,291243,291279,38059
MLFQ,8272,9735,4,47800,47804,38065,38069,38065
MLFQ,8800,9735,41,47804,348402,338626,338667,38069
MLFQ,7875,9735,34,47808,301022,291253,291287,38073
MLFQ,7209,9736,58,47812,423078,413284,413342,38076
MLFQ,1947,9738,5,47820,85328,75585,75590,38082
MLFQ,3388,9738,84,47824,486719,476897,476981,38086
MLFQ,1462,9739,23,47828,218395,208633,208656,38089
MLFQ,5239,9739,71,47832,462114,452304,452375,38093
MLFQ,3686,9741,23,47836,218402,208638,208661,38095
MLFQ,5848,9743,47,47844,369594,359804,359851,38101
MLFQ,6528,9744,90,47848,494861,485027,485117,38104
MLFQ,3340,9744,78,47852,480123,470301,470379,38108
MLFQ,7401,9746,46,47860,369604,359812,359858,38114
MLFQ,7053,9747,43,47864,348437,338647,338690,38117
MLFQ,2982,9748,40,47868,325550,315762,315802,38120
MLFQ,6987,9749,51,47872,389117,379317,379368,38123
MLFQ,1407,9752,66,47880,450725,440907,440973,38128
MLFQ,7318,9752,44,47884,348453,338657,338701,38132
MLFQ,2600,9752,60,47888,423104,413292,413352,38136
MLFQ,8752,9753,99,47892,497089,487237,487336,38139
MLFQ,5249,9756,68,47900,450736,440912,440980,38144
MLFQ,7261,9756,51,47904,389140,379333,379384,38148
MLFQ,1579,9759,48,47912,369644,359837,359885,38153
MLFQ,4379,9759,27,47916,247573,237787,237814,38157
MLFQ,8334,9759,81,47920,486730,476890,476971,38161
MLFQ,2266,9759,14,47924,155385,145612,145626,38165
MLFQ,457,9760,57,47928,423125,413308,413365,38168
MLFQ,7967,9761,55,47932,406927,397111,397166,38171
MLFQ,110,9762,88,47940,491613,481763,481851,38178
MLFQ,916,9762,69,47944,462139,452308,452377,38182
MLFQ,3875,9763,74,47948,471941,462104,462178,38185
MLFQ,8274,9763,49,47952,389173,379361,379410,38189
MLFQ,8965,9764,98,47956,497091,487229,487327,38192
MLFQ,3093,9764,17,47960,187836,178055,178072,38196
MLFQ,883,9765,24,47964,218519,208730,208754,38199
MLFQ,7829,9765,90,47968,494871,485016,485106,38203
MLFQ,4489,9765,24,47972,218527,208738,208762,38207
MLFQ,3803,9765,89,47976,494872,485018,485107,38211
MLFQ,2224,9765,21,47980,218532,208746,208767,38215
MLFQ,2756,9765,53,47984,406954,397136,397189,38219
MLFQ,1458,9766,95,47992,496636,486775,486870,38226
MLFQ,700,9766,53,47996,406959,397140,397193,38230
MLFQ,1589,9768,62,48000,437790,427960,428022,38232
MLFQ,1958,9769,59,48004,423160,413332,413391,38235
MLFQ,8358,9769,92,48008,494880,485019,485111,38239
MLFQ,1741,9771,56,48016,406975,397148,397204,38245
MLFQ,4704,9772,50,48020,389215,379393,379443,38248
MLFQ,6771,9774,55,48028,406978,397149,397204,38254
MLFQ,5668,9775,40,48032,325682,315867,315907,38257
MLFQ,8916,9776,19,48036,187911,178116,178135,38260
MLFQ,1937,9776,48,48040,369728,359904,359952,38264
MLFQ,8125,9777,12,48044,121356,111567,111579,38267
MLFQ,9320,9777,81,48048,486755,476897,476978,38271
MLFQ,2733,9777,82,48052,486757,476898,476980,38275
MLFQ,1983,9777,78,48056,480169,470314,470392,38279
MLFQ,3160,9779,41,48064,348578,338758,338799,38285
MLFQ,8531,9779,48,48068,369744,359917,359965,38289
MLFQ,9432,9781,40,48072,325710,315889,315929,38291
MLFQ,5276,9782,3,48080,48083,38298,38301,38298
MLFQ,4468,9783,41,48083,348583,338759,338800,38300
MLFQ,2911,9783,39,48087,325717,315895,315934,38304
MLFQ,9249,9784,31,48091,275249,265434,265465,38307
MLFQ,3359,9784,25,48095,247710,237901,237926,38311
MLFQ,2596,9786,46,48103,369750,359918,359964,38317
MLFQ,4148,9788,1,48107,48108,38319,38320,38319
MLFQ,7997,9788,57,48108,423181,413336,413393,38320
MLFQ,1386,9788,78,48112,480171,470305,470383,38324
MLFQ,146,9789,64,48116,437816,427963,428027,38327
MLFQ,9892,9793,34,48124,301257,291430,291464,38331
MLFQ,2031,9793,97,48128,497092,487202,487299,38335
MLFQ,4547,9793,62,48132,437822,427967,428029,38339
MLFQ,6908,9793,51,48136,389258,379414,379465,38343
MLFQ,2652,9794,86,48144,491639,481759,481845,38350
MLFQ,8778,9795,51,48148,389269,379423,379474,38353
MLFQ,830,9795,12,48152,121460,111653,111665,38357
MLFQ,5686,9797,39,48156,325764,315928,315967,38359
MLFQ,3390,9797,40,48160,325768,315931,315971,38363
MLFQ,6835,9799,94,48168,496642,486749,486843,38369
MLFQ,6582,9799,61,48172,437839,427979,428040,38373
MLFQ,6740,9799,25,48176,247783,237959,237984,38377
MLFQ,3032,9802,97,48184,497093,487194,487291,38382
MLFQ,4221,9802,99,48188,497096,487195,487294,38386
MLFQ,4617,9803,10,48192,121498,111685,111695,38389
MLFQ,8388,9804,16,48196,155641,145821,145837,38392
MLFQ,2235,9805,41,48200,348652,338806,338847,38395
MLFQ,6973,9807,82,48208,486783,476894,476976,38401
MLFQ,7606,9810,21,48216,218737,208906,208927,38406
MLFQ,3970,9813,71,48220,462218,452334,452405,38407
MLFQ,1838,9816,51,48228,389307,379440,379491,38412
MLFQ,2421,9817,5,48232,85733,75911,75916,38415
MLFQ,7833,9817,41,48236,348673,338815,338856,38419
MLFQ,476,9817,80,48240,480206,470309,470389,38423
MLFQ,7998,9819,45,48248,369839,359975,360020,38429
MLFQ,3460,9821,44,48252,348689,338824,338868,38431
MLFQ,8058,9821,20,48256,188107,178266,178286,38435
MLFQ,3220,9821,31,48260,275380,265528,265559,38439
MLFQ,4901,9822,17,48268,188116,178277,178294,38446
MLFQ,444,9823,65,48272,450844,440956,441021,38449
MLFQ,5752,9824,30,48276,275390,265536,265566,38452
MLFQ,7134,9825,14,48280,155719,145880,145894,38455
MLFQ,434,9827,92,48288,494903,484984,485076,38461
MLFQ,7475,9828,21,48292,218794,208945,208966,38464
MLFQ,4622,9828,30,48296,275400,265542,265572,38468
MLFQ,1251,9828,49,48300,389332,379455,379504,38472
MLFQ,1825,9829,59,48304,423261,413373,413432,38475
MLFQ,5326,9829,30,48308,275410,265551,265581,38479
MLFQ,5561,9830,1,48316,48317,38486,38487,38486
MLFQ,1001,9831,6,48317,85815,75978,75984,38486
MLFQ,2236,9832,5,48321,85816,75979,75984,38489
MLFQ,2448,9833,44,48325,348717,338840,338884,38492
MLFQ,9030,9834,85,48333,491660,481741,481826,38499
MLFQ,5640,9836,68,48337,450860,440956,441024,38501
MLFQ,2780,9836,49,48341,389349,379464,379513,38505
MLFQ,5335,9837,13,48345,155772,145922,145935,38508
MLFQ,9057,9840,89,48353,494904,484975,485064,38513
MLFQ,8966,9840,11,48357,121649,111798,111809,38517
MLFQ,7934,9843,88,48365,491672,481741,481829,38522
MLFQ,5283,9846,58,48373,423287,413383,413441,38527
MLFQ,1740,9847,44,48377,348753,338862,338906,38530
MLFQ,7320,9848,31,48381,275457,265578,265609,38533
MLFQ,7885,9850,61,48389,437908,427997,428058,38539
MLFQ,8759,9850,78,48393,480232,470304,470382,38543
MLFQ,1920,9852,81,48397,486805,476872,476953,38545
MLFQ,8497,9852,74,48401,472047,462121,462195,38549
MLFQ,9754,9855,66,48409,450890,440969,441035,38554
MLFQ,8148,9856,6,48413,85906,76044,76050,38557
MLFQ,5498,9856,56,48417,407142,397230,397286,38561
MLFQ,8566,9858,2,48425,48427,38567,38569,38567
MLFQ,7894,9858,81,48427,486806,476867,476948,38569
MLFQ,680,9860,65,48431,450899,440974,441039,38571
MLFQ,894,9865,72,48439,462270,452333,452405,38574
MLFQ,3527,9865,94,48443,496652,486693,486787,38578
MLFQ,3801,9865,64,48447,437950,428021,428085,38582
MLFQ,2216,9866,74,48451,472057,462117,462191,38585
MLFQ,7194,9867,97,48455,497097,487133,487230,38588
MLFQ,4120,9867,9,48459,121742,111866,111875,38592
MLFQ,569,9872,21,48467,218931,209038,209059,38595
MLFQ,1889,9873,39,48475,325974,316062,316101,38602
MLFQ,7034,9873,92,48479,494917,484952,485044,38606
MLFQ,5535,9873,11,48483,121765,111881,111892,38610
MLFQ,394,9874,60,48487,423355,413421,413481,38613
MLFQ,246,9874,91,48491,494920,484955,485046,38617
MLFQ,9972,9877,24,48499,218957,209056,209080,38622
MLFQ,4576,9878,44,48503,348837,338915,338959,38625
MLFQ,2494,9879,34,48507,301524,291611,291645,38628
MLFQ,502,9879,13,48511,155914,146022,146035,38632
MLFQ,1465,9882,2,48519,48521,38637,38639,38637
MLFQ,9935,9883,92,48521,494928,484953,485045,38638
MLFQ,1884,9884,82,48525,486832,476866,476948,38641
MLFQ,9734,9884,42,48529,348847,338921,338963,38645
MLFQ,2730,9885,36,48537,301544,291623,291659,38652
MLFQ,4983,9886,49,48541,389458,379523,379572,38655
MLFQ,252,9888,37,48545,326015,316090,316127,38657
MLFQ,3301,9889,28,48553,248067,238150,238178,38664
MLFQ,4679,9890,31,48557,275592,265671,265702,38667
MLFQ,2623,9890,90,48561,494930,484950,485040,38671
MLFQ,9614,9891,83,48565,486843,476869,476952,38674
MLFQ,9582,9894,78,48573,480282,470310,470388,38679
MLFQ,7801,9894,73,48577,472098,462131,462204,38683
MLFQ,7324,9896,17,48581,188375,178462,178479,38685
MLFQ,4054,9897,9,48589,121862,111956,111965,38692
MLFQ,5261,9898,50,48593,389484,379536,379586,38695
MLFQ,9174,9900,52,48597,389488,379536,379588,38697
MLFQ,1910,9900,88,48601,491712,481724,481812,38701
MLFQ,5000,9900,53,48605,407231,397278,397331,38705
MLFQ,1191,9900,12,48609,121882,111970,111982,38709
MLFQ,7176,9903,68,48617,450967,440996,441064,38714
MLFQ,7688,9903,13,48621,156007,146091,146104,38718
MLFQ,4541,9903,67,48625,450970,441000,441067,38722
MLFQ,1419,9903,64,48629,438018,428051,428115,38726
MLFQ,8804,9904,65,48633,450971,441002,441067,38729
MLFQ,1627,9905,33,48641,301613,291675,291708,38736
MLFQ,5314,9906,40,48645,326079,316133,316173,38739
MLFQ,372,9907,53,48649,407248,397288,397341,38742
MLFQ,6109,9908,19,48653,188430,178503,178522,38745
MLFQ,1444,9908,21,48657,219078,209149,209170,38749
MLFQ,9065,9908,50,48661,389518,379560,379610,38753
MLFQ,2248,9908,65,48665,450972,440999,441064,38757
MLFQ,3822,9909,46,48673,370061,360106,360152,38764
MLFQ,6903,9909,3,48677,48680,38768,38771,38768
MLFQ,9289,9910,80,48680,480294,470304,470384,38770
MLFQ,9625,9911,32,48684,275681,265738,265770,38773
MLFQ,761,9911,78,48688,480296,470307,470385,38777
MLFQ,2455,9911,54,48692,407262,397297,397351,38781
MLFQ,143,9914,18,48700,188468,178536,178554,38786
MLFQ,5341,9915,3,48704,48707,38789,38792,38789
MLFQ,3358,9915,83,48707,486854,476856,476939,38792
MLFQ,9148,9916,50,48711,389540,379574,379624,38795
MLFQ,1070,9916,21,48715,219119,209182,209203,38799
MLFQ,5700,9916,46,48719,370083,360121,360167,38803
MLFQ,2038,9917,65,48727,450989,441007,441072,38810
MLFQ,7501,9918,33,48731,301667,291716,291749,38813
MLFQ,8403,9920,93,48735,496661,486648,486741,38815
MLFQ,8385,9921,38,48743,326133,316174,316212,38822
MLFQ,191,9925,16,48751,156125,146184,146200,38826
MLFQ,5229,9927,51,48755,389559,379581,379632,38828
MLFQ,3915,9928,14,48759,156131,146189,146203,38831
MLFQ,5738,9928,66,48763,450999,441005,441071,38835
MLFQ,7555,9930,55,48771,407293,397308,397363,38841
MLFQ,8515,9933,49,48779,389576,379594,379643,38846
MLFQ,8549,9937,53,48787,407298,397308,397361,38850
MLFQ,4465,9940,61,48791,438067,428066,428127,38851
MLFQ,4193,9941,56,48799,407306,397309,397365,38858
MLFQ,8872,9941,60,48803,423468,413467,413527,38862
MLFQ,5391,9943,92,48807,494944,484909,485001,38864
MLFQ,4992,9943,2,48811,48813,38868,38870,38868
MLFQ,6063,9943,73,48813,472139,462123,462196,38870
MLFQ,3569,9944,50,48817,389604,379610,379660,38873
MLFQ,781,9945,38,48825,326195,316212,316250,38880
MLFQ,6941,9945,1,48829,48830,38884,38885,38884
MLFQ,5607,9947,8,48830,86307,76352,76360,38883
MLFQ,6314,9947,56,48834,407322,397319,397375,38887
MLFQ,4367,9949,70,48838,462368,452349,452419,38889
MLFQ,436,9949,61,48842,438080,428070,428131,38893
MLFQ,9096,9950,38,48846,326209,316221,316259,38896
MLFQ,7450,9951,79,48850,480323,470293,470372,38899
MLFQ,2278,9951,45,48854,370172,360176,360221,38903
MLFQ,5919,9951,25,48858,248307,238331,238356,38907
MLFQ,7751,9952,52,48862,389624,379620,379672,38910
MLFQ,5491,9953,87,48870,491731,481691,481778,38917
MLFQ,9317,9954,34,48874,301780,291792,291826,38920
MLFQ,2134,9956,71,48878,462379,452352,452423,38922
MLFQ,7603,9957,36,48886,301792,291799,291835,38929
MLFQ,2021,9958,30,48890,275847,265859,265889,38932
MLFQ,5425,9959,60,48894,423500,413481,413541,38935
MLFQ,6676,9959,3,48898,48901,38939,38942,38939
MLFQ,3097,9959,93,48901,496662,486610,486703,38942
MLFQ,4006,9961,80,48909,480335,470294,470374,38948
MLFQ,5262,9963,84,48913,486883,476836,476920,38950
MLFQ,7930,9964,88,48917,491739,481687,481775,38953
MLFQ,7394,9965,78,48925,480345,470302,470380,38960
MLFQ,8162,9965,59,48929,423527,413503,413562,38964
MLFQ,8456,9967,50,48933,389668,379651,379701,38966
MLFQ,4650,9968,48,48937,370228,360212,360260,38969
MLFQ,3364,9968,84,48941,486891,476839,476923,38973
MLFQ,8331,9969,39,48949,326280,316272,316311,38980
MLFQ,7170,9969,85,48953,491740,481686,481771,38984
MLFQ,9106,9971,3,48957,48960,38986,38989,38986
MLFQ,5520,9971,61,48960,438125,428093,428154,38989
MLFQ,8336,9972,21,48964,219336,209343,209364,38992
MLFQ,2581,9973,79,48972,480356,470304,470383,38999
MLFQ,5558,9973,38,48976,326298,316287,316325,39003
MLFQ,5248,9974,83,48980,486898,476841,476924,39006
MLFQ,1221,9977,84,48988,486902,476841,476925,39011
MLFQ,6738,9979,25,48992,248416,238412,238437,39013
MLFQ,7414,9980,28,48996,248420,238412,238440,39016
MLFQ,1073,9984,49,49004,389697,379664,379713,39020
MLFQ,9689,9984,63,49008,438144,428097,428160,39024
MLFQ,2767,9984,26,49012,248434,238424,238450,39028
MLFQ,8119,9986,74,49020,472189,462129,462203,39034
MLFQ,211,9986,40,49024,326326,316300,316340,39038
MLFQ,9314,9988,63,49028,438151,428100,428163,39040
MLFQ,1683,9989,37,49036,326331,316305,316342,39047
MLFQ,9883,9990,37,49040,326332,316305,316342,39050
MLFQ,4411,9991,18,49044,188774,178765,178783,39053
MLFQ,1789,9991,27,49048,248462,238444,238471,39057
MLFQ,4789,9993,70,49056,462429,452366,452436,39063
MLFQ,9505,9996,63,49060,438158,428099,428162,39064
MLFQ,1326,9996,94,49064,496664,486574,486668,39068
MLFQ,29,9998,88,49072,491748,481662,481750,39074
MLFQ,8290,9998,60,49076,423587,413529,413589,39078
