scheduler,id,arrival,burst,start,exit,waiting,turnaround,response
FCFS,379,4,18,4,22,0,18,0
FCFS,87,64,36,64,100,0,36,0
FCFS,260,98,85,100,185,2,87,2
FCFS,336,154,12,185,197,31,43,31
FCFS,65,161,7,197,204,36,43,36
FCFS,30,189,28,204,232,15,43,15
FCFS,315,190,67,232,299,42,109,42
FCFS,203,197,59,299,358,102,161,102
FCFS,195,202,96,358,454,156,252,156
FCFS,121,206,44,454,498,248,292,248
FCFS,290,225,56,498,554,273,329,273
FCFS,235,262,4,554,558,292,296,292
FCFS,309,301,16,558,574,257,273,257
FCFS,97,391,19,574,593,183,202,183
FCFS,486,412,23,593,616,181,204,181
FCFS,477,417,11,616,627,199,210,199
FCFS,7,466,12,627,639,161,173,161
FCFS,116,502,56,639,695,137,193,137
FCFS,410,512,6,695,701,183,189,183
FCFS,346,537,26,701,727,164,190,164
FCFS,413,559,64,727,791,168,232,168
FCFS,326,569,5,791,796,222,227,222
FCFS,367,574,28,796,824,222,250,222
FCFS,419,580,33,824,857,244,277,244
FCFS,310,606,8,857,865,251,259,251
FCFS,392,635,44,865,909,230,274,230
FCFS,212,659,55,909,964,250,305,250
FCFS,165,663,28,964,992,301,329,301
FCFS,180,698,46,992,1038,294,340,294
FCFS,312,699,4,1038,1042,339,343,339
FCFS,489,728,2,1042,1044,314,316,314
FCFS,12,769,99,1044,1143,275,374,275
FCFS,52,775,14,1143,1157,368,382,368
FCFS,338,784,46,1157,1203,373,419,373
FCFS,482,825,6,1203,1209,378,384,378
FCFS,397,830,25,1209,1234,379,404,379
FCFS,453,851,66,1234,1300,383,449,383
FCFS,364,853,86,1300,1386,447,533,447
FCFS,182,854,6,1386,1392,532,538,532
FCFS,2,860,24,1392,1416,532,556,532
FCFS,128,863,80,1416,1496,553,633,553
FCFS,383,876,64,1496,1560,620,684,620
FCFS,77,878,38,1560,1598,682,720,682
FCFS,266,956,64,1598,1662,642,706,642
FCFS,316,980,96,1662,1758,682,778,682
FCFS,67,995,13,1758,1771,763,776,763
FCFS,70,1016,9,1771,1780,755,764,755
FCFS,59,1021,18,1780,1798,759,777,759
FCFS,114,1028,63,1798,1861,770,833,770
FCFS,283,1045,30,1861,1891,816,846,816
FCFS,141,1059,31,1891,1922,832,863,832
FCFS,306,1060,80,1922,2002,862,942,862
FCFS,466,1066,84,2002,2086,936,1020,936
FCFS,304,1069,23,2086,2109,1017,1040,1017
FCFS,409,1081,41,2109,2150,1028,1069,1028
FCFS,496,1122,73,2150,2223,1028,1101,1028
FCFS,368,1148,87,2223,2310,1075,1162,1075
FCFS,404,1150,34,2310,2344,1160,1194,1160
FCFS,248,1154,50,2344,2394,1190,1240,1190
FCFS,18,1184,86,2394,2480,1210,1296,1210
FCFS,319,1184,93,2480,2573,1296,1389,1296
FCFS,276,1218,63,2573,2636,1355,1418,1355
FCFS,36,1267,69,2636,2705,1369,1438,1369
FCFS,174,1291,33,2705,2738,1414,1447,1414
FCFS,155,1306,24,2738,2762,1432,1456,1432
FCFS,337,1409,90,2762,2852,1353,1443,1353
FCFS,126,1484,47,2852,2899,1368,1415,1368
FCFS,168,1495,100,2899,2999,1404,1504,1404
FCFS,37,1528,99,2999,3098,1471,1570,1471
FCFS,498,1571,9,3098,3107,1527,1536,1527
FCFS,55,1585,35,3107,3142,1522,1557,1522
FCFS,178,1636,29,3142,3171,1506,1535,1506
FCFS,253,1648,94,3171,3265,1523,1617,1523
FCFS,151,1663,96,3265,3361,1602,1698,1602
FCFS,408,1664,42,3361,3403,1697,1739,1697
FCFS,138,1678,49,3403,3452,1725,1774,1725
FCFS,424,1679,70,3452,3522,1773,1843,1773
FCFS,11,1685,89,3522,3611,1837,1926,1837
FCFS,333,1686,70,3611,3681,1925,1995,1925
FCFS,454,1687,79,3681,3760,1994,2073,1994
FCFS,285,1693,81,3760,3841,2067,2148,2067
FCFS,393,1693,25,3841,3866,2148,2173,2148
FCFS,189,1707,56,3866,3922,2159,2215,2159
FCFS,220,1734,53,3922,3975,2188,2241,2188
FCFS,134,1757,20,3975,3995,2218,2238,2218
FCFS,229,1802,78,3995,4073,2193,2271,2193
FCFS,323,1816,51,4073,4124,2257,2308,2257
FCFS,348,1841,86,4124,4210,2283,2369,2283
FCFS,221,1843,23,4210,4233,2367,2390,2367
FCFS,172,1853,17,4233,4250,2380,2397,2380
FCFS,328,1895,92,4250,4342,2355,2447,2355
FCFS,34,1899,83,4342,4425,2443,2526,2443
FCFS,205,1930,49,4425,4474,2495,2544,2495
FCFS,406,1931,40,4474,4514,2543,2583,2543
FCFS,224,1959,74,4514,4588,2555,2629,2555
FCFS,217,1986,95,4588,4683,2602,2697,2602
FCFS,166,1998,92,4683,4775,2685,2777,2685
FCFS,91,2027,61,4775,4836,2748,2809,2748
FCFS,26,2047,19,4836,4855,2789,2808,2789
FCFS,239,2049,34,4855,4889,2806,2840,2806
FCFS,86,2062,4,4889,4893,2827,2831,2827
FCFS,473,2082,14,4893,4907,2811,2825,2811
FCFS,430,2141,94,4907,5001,2766,2860,2766
FCFS,261,2200,14,5001,5015,2801,2815,2801
FCFS,303,2205,75,5015,5090,2810,2885,2810
FCFS,247,2255,3,5090,5093,2835,2838,2835
FCFS,307,2327,95,5093,5188,2766,2861,2766
FCFS,199,2327,26,5188,5214,2861,2887,2861
FCFS,355,2368,26,5214,5240,2846,2872,2846
FCFS,227,2385,17,5240,5257,2855,2872,2855
FCFS,456,2427,8,5257,5265,2830,2838,2830
FCFS,14,2433,17,5265,5282,2832,2849,2832
FCFS,106,2454,72,5282,5354,2828,2900,2828
FCFS,432,2479,24,5354,5378,2875,2899,2875
FCFS,443,2489,84,5378,5462,2889,2973,2889
FCFS,375,2491,56,5462,5518,2971,3027,2971
FCFS,493,2504,84,5518,5602,3014,3098,3014
FCFS,210,2511,1,5602,5603,3091,3092,3091
FCFS,258,2557,23,5603,5626,3046,3069,3046
FCFS,24,2558,12,5626,5638,3068,3080,3068
FCFS,89,2568,31,5638,5669,3070,3101,3070
FCFS,45,2612,16,5669,5685,3057,3073,3057
FCFS,147,2693,57,5685,5742,2992,3049,2992
FCFS,92,2695,54,5742,5796,3047,3101,3047
FCFS,108,2731,39,5796,5835,3065,3104,3065
FCFS,329,2733,42,5835,5877,3102,3144,3102
FCFS,31,2734,78,5877,5955,3143,3221,3143
FCFS,460,2738,44,5955,5999,3217,3261,3217
FCFS,427,2744,75,5999,6074,3255,3330,3255
FCFS,27,2747,76,6074,6150,3327,3403,3327
FCFS,495,2786,63,6150,6213,3364,3427,3364
FCFS,129,2790,85,6213,6298,3423,3508,3423
FCFS,345,2806,73,6298,6371,3492,3565,3492
FCFS,213,2811,6,6371,6377,3560,3566,3560
FCFS,403,2838,86,6377,6463,3539,3625,3539
FCFS,448,2839,6,6463,6469,3624,3630,3624
FCFS,440,2849,95,6469,6564,3620,3715,3620
FCFS,265,2869,38,6564,6602,3695,3733,3695
FCFS,219,2911,3,6602,6605,3691,3694,3691
FCFS,201,2931,89,6605,6694,3674,3763,3674
FCFS,352,2950,48,6694,6742,3744,3792,3744
FCFS,262,2961,66,6742,6808,3781,3847,3781
FCFS,494,2967,65,6808,6873,3841,3906,3841
FCFS,317,2975,67,6873,6940,3898,3965,3898
FCFS,223,2976,37,6940,6977,3964,4001,3964
FCFS,32,3005,95,6977,7072,3972,4067,3972
FCFS,334,3009,1,7072,7073,4063,4064,4063
FCFS,378,3051,23,7073,7096,4022,4045,4022
FCFS,58,3073,75,7096,7171,4023,4098,4023
FCFS,101,3099,13,7171,7184,4072,4085,4072
FCFS,104,3104,20,7184,7204,4080,4100,4080
FCFS,242,3108,72,7204,7276,4096,4168,4096
FCFS,376,3124,7,7276,7283,4152,4159,4152
FCFS,422,3147,21,7283,7304,4136,4157,4136
FCFS,54,3152,5,7304,7309,4152,4157,4152
FCFS,144,3157,3,7309,7312,4152,4155,4152
FCFS,245,3170,34,7312,7346,4142,4176,4142
FCFS,311,3170,4,7346,7350,4176,4180,4176
FCFS,139,3242,14,7350,7364,4108,4122,4108
FCFS,481,3267,33,7364,7397,4097,4130,4097
FCFS,169,3304,64,7397,7461,4093,4157,4093
FCFS,320,3327,32,7461,7493,4134,4166,4134
FCFS,416,3343,56,7493,7549,4150,4206,4150
FCFS,289,3354,10,7549,7559,4195,4205,4195
FCFS,471,3373,1,7559,7560,4186,4187,4186
FCFS,20,3385,59,7560,7619,4175,4234,4175
FCFS,321,3394,50,7619,7669,4225,4275,4225
FCFS,308,3420,75,7669,7744,4249,4324,4249
FCFS,286,3436,5,7744,7749,4308,4313,4308
FCFS,305,3444,55,7749,7804,4305,4360,4305
FCFS,282,3446,79,7804,7883,4358,4437,4358
FCFS,425,3506,4,7883,7887,4377,4381,4377
FCFS,194,3510,18,7887,7905,4377,4395,4377
FCFS,38,3556,12,7905,7917,4349,4361,4349
FCFS,99,3561,67,7917,7984,4356,4423,4356
FCFS,175,3581,84,7984,8068,4403,4487,4403
FCFS,148,3627,75,8068,8143,4441,4516,4441
FCFS,414,3672,98,8143,8241,4471,4569,4471
FCFS,179,3696,13,8241,8254,4545,4558,4545
FCFS,164,3748,50,8254,8304,4506,4556,4506
FCFS,170,3763,27,8304,8331,4541,4568,4541
FCFS,366,3769,90,8331,8421,4562,4652,4562
FCFS,113,3840,62,8421,8483,4581,4643,4581
FCFS,60,3843,76,8483,8559,4640,4716,4640
FCFS,374,3854,59,8559,8618,4705,4764,4705
FCFS,330,3863,61,8618,8679,4755,4816,4755
FCFS,39,3890,25,8679,8704,4789,4814,4789
FCFS,465,3913,19,8704,8723,4791,4810,4791
FCFS,56,3943,87,8723,8810,4780,4867,4780
FCFS,480,3974,3,8810,8813,4836,4839,4836
FCFS,273,3987,79,8813,8892,4826,4905,4826
FCFS,458,4000,51,8892,8943,4892,4943,4892
FCFS,332,4014,21,8943,8964,4929,4950,4929
FCFS,234,4061,77,8964,9041,4903,4980,4903
FCFS,417,4070,59,9041,9100,4971,5030,4971
FCFS,497,4079,17,9100,9117,5021,5038,5021
FCFS,469,4107,12,9117,9129,5010,5022,5010
FCFS,386,4142,74,9129,9203,4987,5061,4987
FCFS,365,4146,14,9203,9217,5057,5071,5057
FCFS,256,4199,17,9217,9234,5018,5035,5018
FCFS,196,4218,49,9234,9283,5016,5065,5016
FCFS,423,4249,70,9283,9353,5034,5104,5034
FCFS,209,4282,99,9353,9452,5071,5170,5071
FCFS,66,4297,46,9452,9498,5155,5201,5155
FCFS,468,4380,20,9498,9518,5118,5138,5118
FCFS,198,4389,85,9518,9603,5129,5214,5129
FCFS,163,4413,60,9603,9663,5190,5250,5190
FCFS,8,4426,55,9663,9718,5237,5292,5237
FCFS,264,4433,51,9718,9769,5285,5336,5285
FCFS,437,4452,40,9769,9809,5317,5357,5317
FCFS,391,4465,90,9809,9899,5344,5434,5344
FCFS,120,4488,58,9899,9957,5411,5469,5411
FCFS,270,4493,98,9957,10055,5464,5562,5464
FCFS,358,4495,8,10055,10063,5560,5568,5560
FCFS,277,4496,98,10063,10161,5567,5665,5567
FCFS,249,4499,12,10161,10173,5662,5674,5662
FCFS,241,4548,95,10173,10268,5625,5720,5625
FCFS,19,4555,13,10268,10281,5713,5726,5713
FCFS,279,4555,38,10281,10319,5726,5764,5726
FCFS,447,4611,79,10319,10398,5708,5787,5708
FCFS,140,4636,15,10398,10413,5762,5777,5762
FCFS,298,4642,6,10413,10419,5771,5777,5771
FCFS,33,4658,52,10419,10471,5761,5813,5761
FCFS,278,4735,52,10471,10523,5736,5788,5736
FCFS,228,4736,85,10523,10608,5787,5872,5787
FCFS,181,4737,35,10608,10643,5871,5906,5871
FCFS,395,4752,13,10643,10656,5891,5904,5891
FCFS,373,4777,14,10656,10670,5879,5893,5879
FCFS,354,4780,81,10670,10751,5890,5971,5890
FCFS,80,4859,65,10751,10816,5892,5957,5892
FCFS,382,4869,15,10816,10831,5947,5962,5947
FCFS,79,4887,8,10831,10839,5944,5952,5944
FCFS,291,4893,17,10839,10856,5946,5963,5946
FCFS,272,4911,30,10856,10886,5945,5975,5945
FCFS,193,4931,65,10886,10951,5955,6020,5955
FCFS,263,4973,75,10951,11026,5978,6053,5978
FCFS,16,5051,84,11026,11110,5975,6059,5975
FCFS,459,5052,45,11110,11155,6058,6103,6058
FCFS,111,5056,77,11155,11232,6099,6176,6099
FCFS,499,5073,75,11232,11307,6159,6234,6159
FCFS,313,5088,56,11307,11363,6219,6275,6219
FCFS,500,5104,15,11363,11378,6259,6274,6259
FCFS,132,5116,99,11378,11477,6262,6361,6262
FCFS,122,5134,45,11477,11522,6343,6388,6343
FCFS,188,5172,10,11522,11532,6350,6360,6350
FCFS,398,5177,68,11532,11600,6355,6423,6355
FCFS,429,5188,62,11600,11662,6412,6474,6412
FCFS,4,5191,62,11662,11724,6471,6533,6471
FCFS,380,5222,38,11724,11762,6502,6540,6502
FCFS,171,5232,63,11762,11825,6530,6593,6530
FCFS,412,5237,26,11825,11851,6588,6614,6588
FCFS,187,5249,66,11851,11917,6602,6668,6602
FCFS,94,5258,91,11917,12008,6659,6750,6659
FCFS,85,5276,45,12008,12053,6732,6777,6732
FCFS,15,5311,62,12053,12115,6742,6804,6742
FCFS,381,5315,99,12115,12214,6800,6899,6800
FCFS,462,5387,70,12214,12284,6827,6897,6827
FCFS,3,5390,23,12284,12307,6894,6917,6894
FCFS,41,5393,85,12307,12392,6914,6999,6914
FCFS,240,5423,92,12392,12484,6969,7061,6969
FCFS,327,5442,82,12484,12566,7042,7124,7042
FCFS,150,5450,74,12566,12640,7116,7190,7116
FCFS,90,5463,19,12640,12659,7177,7196,7177
FCFS,49,5486,42,12659,12701,7173,7215,7173
FCFS,162,5530,58,12701,12759,7171,7229,7171
FCFS,233,5534,45,12759,12804,7225,7270,7225
FCFS,192,5535,33,12804,12837,7269,7302,7269
FCFS,464,5536,68,12837,12905,7301,7369,7301
FCFS,254,5539,94,12905,12999,7366,7460,7366
FCFS,161,5575,8,12999,13007,7424,7432,7424
FCFS,9,5578,13,13007,13020,7429,7442,7429
FCFS,259,5592,79,13020,13099,7428,7507,7428
FCFS,153,5592,72,13099,13171,7507,7579,7507
FCFS,343,5596,45,13171,13216,7575,7620,7575
FCFS,294,5600,84,13216,13300,7616,7700,7616
FCFS,95,5618,74,13300,13374,7682,7756,7682
FCFS,351,5625,63,13374,13437,7749,7812,7749
FCFS,64,5675,17,13437,13454,7762,7779,7762
FCFS,377,5691,3,13454,13457,7763,7766,7763
FCFS,268,5699,38,13457,13495,7758,7796,7758
FCFS,470,5726,47,13495,13542,7769,7816,7769
FCFS,461,5732,5,13542,13547,7810,7815,7810
FCFS,5,5734,96,13547,13643,7813,7909,7813
FCFS,484,5745,10,13643,13653,7898,7908,7898
FCFS,225,5759,74,13653,13727,7894,7968,7894
FCFS,190,5791,30,13727,13757,7936,7966,7936
FCFS,344,5801,27,13757,13784,7956,7983,7956
FCFS,324,5854,19,13784,13803,7930,7949,7930
FCFS,184,5855,69,13803,13872,7948,8017,7948
FCFS,157,5864,8,13872,13880,8008,8016,8008
FCFS,450,5878,51,13880,13931,8002,8053,8002
FCFS,438,5881,36,13931,13967,8050,8086,8050
FCFS,98,5892,39,13967,14006,8075,8114,8075
FCFS,288,5895,4,14006,14010,8111,8115,8111
FCFS,145,5915,16,14010,14026,8095,8111,8095
FCFS,363,5919,56,14026,14082,8107,8163,8107
FCFS,402,5949,100,14082,14182,8133,8233,8133
FCFS,123,5977,32,14182,14214,8205,8237,8205
FCFS,347,5986,47,14214,14261,8228,8275,8228
FCFS,492,5988,2,14261,14263,8273,8275,8273
FCFS,360,6002,52,14263,14315,8261,8313,8261
FCFS,275,6015,51,14315,14366,8300,8351,8300
FCFS,133,6019,19,14366,14385,8347,8366,8347
FCFS,318,6102,27,14385,14412,8283,8310,8283
FCFS,100,6184,45,14412,14457,8228,8273,8228
FCFS,251,6197,54,14457,14511,8260,8314,8260
FCFS,48,6235,53,14511,14564,8276,8329,8276
FCFS,6,6265,37,14564,14601,8299,8336,8299
FCFS,102,6278,92,14601,14693,8323,8415,8323
FCFS,236,6287,62,14693,14755,8406,8468,8406
FCFS,206,6287,77,14755,14832,8468,8545,8468
FCFS,369,6293,78,14832,14910,8539,8617,8539
FCFS,250,6295,65,14910,14975,8615,8680,8615
FCFS,452,6303,57,14975,15032,8672,8729,8672
FCFS,81,6331,86,15032,15118,8701,8787,8701
FCFS,136,6374,18,15118,15136,8744,8762,8744
FCFS,21,6396,19,15136,15155,8740,8759,8740
FCFS,17,6420,89,15155,15244,8735,8824,8735
FCFS,72,6439,27,15244,15271,8805,8832,8805
FCFS,370,6457,88,15271,15359,8814,8902,8814
FCFS,433,6484,55,15359,15414,8875,8930,8875
FCFS,186,6528,25,15414,15439,8886,8911,8886
FCFS,215,6546,81,15439,15520,8893,8974,8893
FCFS,173,6585,73,15520,15593,8935,9008,8935
FCFS,361,6614,79,15593,15672,8979,9058,8979
FCFS,232,6616,51,15672,15723,9056,9107,9056
FCFS,431,6617,95,15723,15818,9106,9201,9106
FCFS,356,6655,36,15818,15854,9163,9199,9163
FCFS,439,6665,24,15854,15878,9189,9213,9189
FCFS,142,6668,1,15878,15879,9210,9211,9210
FCFS,226,6694,83,15879,15962,9185,9268,9185
FCFS,325,6709,21,15962,15983,9253,9274,9253
FCFS,96,6736,90,15983,16073,9247,9337,9247
FCFS,475,6748,38,16073,16111,9325,9363,9325
FCFS,156,6776,28,16111,16139,9335,9363,9335
FCFS,390,6799,86,16139,16225,9340,9426,9340
FCFS,455,6833,75,16225,16300,9392,9467,9392
FCFS,74,6863,5,16300,16305,9437,9442,9437
FCFS,63,6873,58,16305,16363,9432,9490,9432
FCFS,137,6892,47,16363,16410,9471,9518,9471
FCFS,284,6893,51,16410,16461,9517,9568,9517
FCFS,442,6905,66,16461,16527,9556,9622,9556
FCFS,117,6910,33,16527,16560,9617,9650,9617
FCFS,119,6938,6,16560,16566,9622,9628,9622
FCFS,269,6944,50,16566,16616,9622,9672,9622
FCFS,13,6949,30,16616,16646,9667,9697,9667
FCFS,387,6966,39,16646,16685,9680,9719,9680
FCFS,350,6971,94,16685,16779,9714,9808,9714
FCFS,420,7004,53,16779,16832,9775,9828,9775
FCFS,292,7022,74,16832,16906,9810,9884,9810
FCFS,385,7027,28,16906,16934,9879,9907,9879
FCFS,125,7035,61,16934,16995,9899,9960,9899
FCFS,46,7041,57,16995,17052,9954,10011,9954
FCFS,388,7079,57,17052,17109,9973,10030,9973
FCFS,214,7098,92,17109,17201,10011,10103,10011
FCFS,50,7099,58,17201,17259,10102,10160,10102
FCFS,204,7125,27,17259,17286,10134,10161,10134
FCFS,243,7158,39,17286,17325,10128,10167,10128
FCFS,490,7164,13,17325,17338,10161,10174,10161
FCFS,342,7206,90,17338,17428,10132,10222,10132
FCFS,84,7208,89,17428,17517,10220,10309,10220
FCFS,105,7215,92,17517,17609,10302,10394,10302
FCFS,426,7253,94,17609,17703,10356,10450,10356
FCFS,1,7270,96,17703,17799,10433,10529,10433
FCFS,177,7280,92,17799,17891,10519,10611,10519
FCFS,301,7339,77,17891,17968,10552,10629,10552
FCFS,341,7343,78,17968,18046,10625,10703,10625
FCFS,115,7385,25,18046,18071,10661,10686,10661
FCFS,441,7390,6,18071,18077,10681,10687,10681
FCFS,185,7392,47,18077,18124,10685,10732,10685
FCFS,154,7392,76,18124,18200,10732,10808,10732
FCFS,244,7400,26,18200,18226,10800,10826,10800
FCFS,415,7404,59,18226,18285,10822,10881,10822
FCFS,130,7408,75,18285,18360,10877,10952,10877
FCFS,435,7421,3,18360,18363,10939,10942,10939
FCFS,331,7455,22,18363,18385,10908,10930,10908
FCFS,371,7509,2,18385,18387,10876,10878,10876
FCFS,44,7513,23,18387,18410,10874,10897,10874
FCFS,159,7526,36,18410,18446,10884,10920,10884
FCFS,487,7543,10,18446,18456,10903,10913,10903
FCFS,176,7554,77,18456,18533,10902,10979,10902
FCFS,57,7555,93,18533,18626,10978,11071,10978
FCFS,405,7560,8,18626,18634,11066,11074,11066
FCFS,340,7560,49,18634,18683,11074,11123,11074
FCFS,135,7574,57,18683,18740,11109,11166,11109
FCFS,488,7587,44,18740,18784,11153,11197,11153
FCFS,68,7629,40,18784,18824,11155,11195,11155
FCFS,483,7668,50,18824,18874,11156,11206,11156
FCFS,299,7679,53,18874,18927,11195,11248,11195
FCFS,297,7683,34,18927,18961,11244,11278,11244
FCFS,124,7721,45,18961,19006,11240,11285,11240
FCFS,467,7723,97,19006,19103,11283,11380,11283
FCFS,35,7734,16,19103,19119,11369,11385,11369
FCFS,202,7777,86,19119,19205,11342,11428,11342
FCFS,411,7805,52,19205,19257,11400,11452,11400
FCFS,335,7806,5,19257,19262,11451,11456,11451
FCFS,25,7849,61,19262,19323,11413,11474,11413
FCFS,127,7858,21,19323,19344,11465,11486,11465
FCFS,71,7869,50,19344,19394,11475,11525,11475
FCFS,73,7892,66,19394,19460,11502,11568,11502
FCFS,75,7916,29,19460,19489,11544,11573,11544
FCFS,389,7987,17,19489,19506,11502,11519,11502
FCFS,61,7989,9,19506,19515,11517,11526,11517
FCFS,353,7992,61,19515,19576,11523,11584,11523
FCFS,167,7994,41,19576,19617,11582,11623,11582
FCFS,295,7996,88,19617,19705,11621,11709,11621
FCFS,463,8002,26,19705,19731,11703,11729,11703
FCFS,200,8004,63,19731,19794,11727,11790,11727
FCFS,88,8006,70,19794,19864,11788,11858,11788
FCFS,281,8050,88,19864,19952,11814,11902,11814
FCFS,339,8096,34,19952,19986,11856,11890,11856
FCFS,112,8110,92,19986,20078,11876,11968,11876
FCFS,231,8120,1,20078,20079,11958,11959,11958
FCFS,421,8130,22,20079,20101,11949,11971,11949
FCFS,109,8154,1,20101,20102,11947,11948,11947
FCFS,230,8155,73,20102,20175,11947,12020,11947
FCFS,183,8164,82,20175,20257,12011,12093,12011
FCFS,357,8173,1,20257,20258,12084,12085,12084
FCFS,300,8208,66,20258,20324,12050,12116,12050
FCFS,53,8226,95,20324,20419,12098,12193,12098
FCFS,478,8306,100,20419,20519,12113,12213,12113
FCFS,401,8308,18,20519,20537,12211,12229,12211
FCFS,396,8311,84,20537,20621,12226,12310,12226
FCFS,322,8319,61,20621,20682,12302,12363,12302
FCFS,10,8322,23,20682,20705,12360,12383,12360
FCFS,218,8338,5,20705,20710,12367,12372,12367
FCFS,267,8352,98,20710,20808,12358,12456,12358
FCFS,103,8392,58,20808,20866,12416,12474,12416
FCFS,43,8433,53,20866,20919,12433,12486,12433
FCFS,257,8445,47,20919,20966,12474,12521,12474
FCFS,449,8527,94,20966,21060,12439,12533,12439
FCFS,76,8529,37,21060,21097,12531,12568,12531
FCFS,82,8571,17,21097,21114,12526,12543,12526
FCFS,22,8666,49,21114,21163,12448,12497,12448
FCFS,222,8680,53,21163,21216,12483,12536,12483
FCFS,83,8684,71,21216,21287,12532,12603,12532
FCFS,349,8716,56,21287,21343,12571,12627,12571
FCFS,287,8754,29,21343,21372,12589,12618,12589
FCFS,131,8755,36,21372,21408,12617,12653,12617
FCFS,42,8792,100,21408,21508,12616,12716,12616
FCFS,207,8800,33,21508,21541,12708,12741,12708
FCFS,479,8808,77,21541,21618,12733,12810,12733
FCFS,237,8815,65,21618,21683,12803,12868,12803
FCFS,40,8838,52,21683,21735,12845,12897,12845
FCFS,491,8867,40,21735,21775,12868,12908,12868
FCFS,160,8901,90,21775,21865,12874,12964,12874
FCFS,400,8932,67,21865,21932,12933,13000,12933
FCFS,472,8945,90,21932,22022,12987,13077,12987
FCFS,197,8958,11,22022,22033,13064,13075,13064
FCFS,474,8967,64,22033,22097,13066,13130,13066
FCFS,107,8996,61,22097,22158,13101,13162,13101
FCFS,296,9007,69,22158,22227,13151,13220,13151
FCFS,118,9062,38,22227,22265,13165,13203,13165
FCFS,451,9087,62,22265,22327,13178,13240,13178
FCFS,280,9146,97,22327,22424,13181,13278,13181
FCFS,293,9151,17,22424,22441,13273,13290,13273
FCFS,359,9163,99,22441,22540,13278,13377,13278
FCFS,28,9167,9,22540,22549,13373,13382,13373
FCFS,384,9183,89,22549,22638,13366,13455,13366
FCFS,407,9204,83,22638,22721,13434,13517,13434
FCFS,445,9207,75,22721,22796,13514,13589,13514
FCFS,238,9208,32,22796,22828,13588,13620,13588
FCFS,78,9268,83,22828,22911,13560,13643,13560
FCFS,23,9274,100,22911,23011,13637,13737,13637
FCFS,314,9331,25,23011,23036,13680,13705,13680
FCFS,208,9339,98,23036,23134,13697,13795,13697
FCFS,362,9358,47,23134,23181,13776,13823,13776
FCFS,302,9435,43,23181,23224,13746,13789,13746
FCFS,428,9435,62,23224,23286,13789,13851,13789
FCFS,69,9467,42,23286,23328,13819,13861,13819
FCFS,158,9474,92,23328,23420,13854,13946,13854
FCFS,271,9492,82,23420,23502,13928,14010,13928
FCFS,446,9540,4,23502,23506,13962,13966,13962
FCFS,149,9555,12,23506,23518,13951,13963,13951
FCFS,47,9555,39,23518,23557,13963,14002,13963
FCFS,399,9561,10,23557,23567,13996,14006,13996
FCFS,216,9561,69,23567,23636,14006,14075,14006
FCFS,255,9637,57,23636,23693,13999,14056,13999
FCFS,418,9662,70,23693,23763,14031,14101,14031
FCFS,51,9670,39,23763,23802,14093,14132,14093
FCFS,93,9687,39,23802,23841,14115,14154,14115
FCFS,62,9692,74,23841,23915,14149,14223,14149
FCFS,485,9708,5,23915,23920,14207,14212,14207
FCFS,274,9719,91,23920,24011,14201,14292,14201
FCFS,152,9721,16,24011,24027,14290,14306,14290
FCFS,457,9760,26,24027,24053,14267,14293,14267
FCFS,110,9762,3,24053,24056,14291,14294,14291
FCFS,146,9789,87,24056,24143,14267,14354,14267
FCFS,476,9817,37,24143,24180,14326,14363,14326
FCFS,444,9823,92,24180,24272,14357,14449,14357
FCFS,434,9827,9,24272,24281,14445,14454,14445
FCFS,394,9874,17,24281,24298,14407,14424,14407
FCFS,246,9874,54,24298,24352,14424,14478,14424
FCFS,252,9888,5,24352,24357,14464,14469,14464
FCFS,372,9907,26,24357,24383,14450,14476,14450
FCFS,143,9914,54,24383,24437,14469,14523,14469
FCFS,191,9925,5,24437,24442,14512,14517,14512
FCFS,436,9949,31,24442,24473,14493,14524,14493
FCFS,211,9986,21,24473,24494,14487,14508,14487
FCFS,29,9998,71,24494,24565,14496,14567,14496
scheduler,id,arrival,burst,start,exit,waiting,turnaround,response
SRTF,379,4,18,4,22,0,18,0
SRTF,87,64,36,64,100,0,36,0
SRTF,260,98,85,100,185,2,87,2
SRTF,336,154,12,192,204,38,50,38
SRTF,65,161,7,185,192,24,31,24
SRTF,30,189,28,204,232,15,43,15
SRTF,315,190,67,464,531,274,341,274
SRTF,203,197,59,352,411,155,214,155
SRTF,195,202,96,22307,22403,22105,22201,22105
SRTF,121,206,44,232,276,26,70,26
SRTF,290,225,56,280,336,55,111,55
SRTF,235,262,4,276,280,14,18,14
SRTF,309,301,16,336,352,35,51,35
SRTF,97,391,19,411,430,20,39,20
SRTF,486,412,23,441,464,29,52,29
SRTF,477,417,11,430,441,13,24,13
SRTF,7,466,12,537,549,71,83,71
SRTF,116,502,56,987,1043,485,541,485
SRTF,410,512,6,531,537,19,25,19
SRTF,346,537,26,549,575,12,38,12
SRTF,413,559,64,1475,1539,916,980,916
SRTF,326,569,5,575,580,6,11,6
SRTF,367,574,28,580,608,6,34,6
SRTF,419,580,33,616,649,36,69,36
SRTF,310,606,8,608,616,2,10,2
SRTF,392,635,44,649,693,14,58,14
SRTF,212,659,55,773,828,114,169,114
SRTF,165,663,28,693,721,30,58,30
SRTF,180,698,46,725,771,27,73,27
SRTF,312,699,4,721,725,22,26,22
SRTF,489,728,2,771,773,43,45,43
SRTF,12,769,99,23471,23570,22702,22801,22702
SRTF,52,775,14,834,848,59,73,59
SRTF,338,784,46,941,987,157,203,157
SRTF,482,825,6,828,834,3,9,3
SRTF,397,830,25,848,873,18,43,18
SRTF,453,851,66,2455,2521,1604,1670,1604
SRTF,364,853,86,17588,17674,16735,16821,16735
SRTF,182,854,6,873,879,19,25,19
SRTF,2,860,24,879,903,19,43,19
SRTF,128,863,80,15679,15759,14816,14896,14816
SRTF,383,876,64,1630,1694,754,818,754
SRTF,77,878,38,903,941,25,63,25
SRTF,266,956,64,2297,2361,1341,1405,1341
SRTF,316,980,96,22403,22499,21423,21519,21423
SRTF,67,995,13,1052,1065,57,70,57
SRTF,70,1016,9,1043,1052,27,36,27
SRTF,59,1021,18,1065,1083,44,62,44
SRTF,114,1028,63,1349,1412,321,384,321
SRTF,283,1045,30,1106,1136,61,91,61
SRTF,141,1059,31,1136,1167,77,108,77
SRTF,306,1060,80,15759,15839,14699,14779,14699
SRTF,466,1066,84,16660,16744,15594,15678,15594
SRTF,304,1069,23,1083,1106,14,37,14
SRTF,409,1081,41,1201,1242,120,161,120
SRTF,496,1122,73,12643,12716,11521,11594,11521
SRTF,368,1148,87,18190,18277,17042,17129,17042
SRTF,404,1150,34,1167,1201,17,51,17
SRTF,248,1154,50,1242,1292,88,138,88
SRTF,18,1184,86,17674,17760,16490,16576,16490
SRTF,319,1184,93,20892,20985,19708,19801,19708
SRTF,276,1218,63,1412,1475,194,257,194
SRTF,36,1267,69,2684,2753,1417,1486,1417
SRTF,174,1291,33,1292,1325,1,34,1
SRTF,155,1306,24,1325,1349,19,43,19
SRTF,337,1409,90,19160,19250,17751,17841,17751
SRTF,126,1484,47,1539,1586,55,102,55
SRTF,168,1495,100,24065,24165,22570,22670,22570
SRTF,37,1528,99,23570,23669,22042,22141,22042
SRTF,498,1571,9,1586,1595,15,24,15
SRTF,55,1585,35,1595,1630,10,45,10
SRTF,178,1636,29,1719,1748,83,112,83
SRTF,253,1648,94,21078,21172,19430,19524,19430
SRTF,151,1663,96,22499,22595,20836,20932,20836
SRTF,408,1664,42,1748,1790,84,126,84
SRTF,138,1678,49,1810,1859,132,181,132
SRTF,424,1679,70,11865,11935,10186,10256,10186
SRTF,11,1685,89,18715,18804,17030,17119,17030
SRTF,333,1686,70,11935,12005,10249,10319,10249
SRTF,454,1687,79,15205,15284,13518,13597,13518
SRTF,285,1693,81,15839,15920,14146,14227,14146
SRTF,393,1693,25,1694,1719,1,26,1
SRTF,189,1707,56,2163,2219,456,512,456
SRTF,220,1734,53,2039,2092,305,358,305
SRTF,134,1757,20,1790,1810,33,53,33
SRTF,229,1802,78,14893,14971,13091,13169,13091
SRTF,323,1816,51,1899,1950,83,134,83
SRTF,348,1841,86,17760,17846,15919,16005,15919
SRTF,221,1843,23,1876,1899,33,56,33
SRTF,172,1853,17,1859,1876,6,23,6
SRTF,328,1895,92,19972,20064,18077,18169,18077
SRTF,34,1899,83,16328,16411,14429,14512,14429
SRTF,205,1930,49,1990,2039,60,109,60
SRTF,406,1931,40,1950,1990,19,59,19
SRTF,224,1959,74,12935,13009,10976,11050,10976
SRTF,217,1986,95,21642,21737,19656,19751,19656
SRTF,166,1998,92,20064,20156,18066,18158,18066
SRTF,91,2027,61,2233,2294,206,267,206
SRTF,26,2047,19,2110,2129,63,82,63
SRTF,239,2049,34,2129,2163,80,114,80
SRTF,86,2062,4,2092,2096,30,34,30
SRTF,473,2082,14,2096,2110,14,28,14
SRTF,430,2141,94,21172,21266,19031,19125,19031
SRTF,261,2200,14,2219,2233,19,33,19
SRTF,303,2205,75,13453,13528,11248,11323,11248
SRTF,247,2255,3,2294,2297,39,42,39
SRTF,307,2327,95,21737,21832,19410,19505,19410
SRTF,199,2327,26,2361,2387,34,60,34
SRTF,355,2368,26,2404,2430,36,62,36
SRTF,227,2385,17,2387,2404,2,19,2
SRTF,456,2427,8,2430,2438,3,11,3
SRTF,14,2433,17,2438,2455,5,22,5
SRTF,106,2454,72,12427,12499,9973,10045,9973
SRTF,432,2479,24,2522,2546,43,67,43
SRTF,443,2489,84,16744,16828,14255,14339,14255
SRTF,375,2491,56,2546,2602,55,111,55
SRTF,493,2504,84,16828,16912,14324,14408,14324
SRTF,210,2511,1,2521,2522,10,11,10
SRTF,258,2557,23,2630,2653,73,96,73
SRTF,24,2558,12,2602,2614,44,56,44
SRTF,89,2568,31,2653,2684,85,116,85
SRTF,45,2612,16,2614,2630,2,18,2
SRTF,147,2693,57,3094,3151,401,458,401
SRTF,92,2695,54,2931,2985,236,290,236
SRTF,108,2731,39,2753,2792,22,61,22
SRTF,329,2733,42,2792,2834,59,101,59
SRTF,31,2734,78,14971,15049,12237,12315,12237
SRTF,460,2738,44,2846,2890,108,152,108
SRTF,427,2744,75,13528,13603,10784,10859,10784
SRTF,27,2747,76,14203,14279,11456,11532,11456
SRTF,495,2786,63,3305,3368,519,582,519
SRTF,129,2790,85,17248,17333,14458,14543,14458
SRTF,345,2806,73,12716,12789,9910,9983,9910
SRTF,213,2811,6,2834,2840,23,29,23
SRTF,403,2838,86,17846,17932,15008,15094,15008
SRTF,448,2839,6,2840,2846,1,7,1
SRTF,440,2849,95,21832,21927,18983,19078,18983
SRTF,265,2869,38,2890,2928,21,59,21
SRTF,219,2911,3,2928,2931,17,20,17
SRTF,201,2931,89,18804,18893,15873,15962,15873
SRTF,352,2950,48,3023,3071,73,121,73
SRTF,262,2961,66,10991,11057,8030,8096,8030
SRTF,494,2967,65,3747,3812,780,845,780
SRTF,317,2975,67,11321,11388,8346,8413,8346
SRTF,223,2976,37,2985,3022,9,46,9
SRTF,32,3005,95,21927,22022,18922,19017,18922
SRTF,334,3009,1,3022,3023,13,14,13
SRTF,378,3051,23,3071,3094,20,43,20
SRTF,58,3073,75,13603,13678,10530,10605,10530
SRTF,101,3099,13,3166,3179,67,80,67
SRTF,104,3104,20,3183,3203,79,99,79
SRTF,242,3108,72,12499,12571,9391,9463,9391
SRTF,376,3124,7,3151,3158,27,34,27
SRTF,422,3147,21,3203,3224,56,77,56
SRTF,54,3152,5,3161,3166,9,14,9
SRTF,144,3157,3,3158,3161,1,4,1
SRTF,245,3170,34,3224,3258,54,88,54
SRTF,311,3170,4,3179,3183,9,13,9
SRTF,139,3242,14,3258,3272,16,30,16
SRTF,481,3267,33,3272,3305,5,38,5
SRTF,169,3304,64,3670,3734,366,430,366
SRTF,320,3327,32,3379,3411,52,84,52
SRTF,416,3343,56,3543,3599,200,256,200
SRTF,289,3354,10,3368,3378,14,24,14
SRTF,471,3373,1,3378,3379,5,6,5
SRTF,20,3385,59,3611,3670,226,285,226
SRTF,321,3394,50,3411,3461,17,67,17
SRTF,308,3420,75,13678,13753,10258,10333,10258
SRTF,286,3436,5,3461,3466,25,30,25
SRTF,305,3444,55,3466,3521,22,77,22
SRTF,282,3446,79,15284,15363,11838,11917,11838
SRTF,425,3506,4,3521,3525,15,19,15
SRTF,194,3510,18,3525,3543,15,33,15
SRTF,38,3556,12,3599,3611,43,55,43
SRTF,99,3561,67,11388,11455,7827,7894,7827
SRTF,175,3581,84,16912,16996,13331,13415,13331
SRTF,148,3627,75,13753,13828,10126,10201,10126
SRTF,414,3672,98,22981,23079,19309,19407,19309
SRTF,179,3696,13,3734,3747,38,51,38
SRTF,164,3748,50,3839,3889,91,141,91
SRTF,170,3763,27,3812,3839,49,76,49
SRTF,366,3769,90,19250,19340,15481,15571,15481
SRTF,113,3840,62,4296,4358,456,518,456
SRTF,60,3843,76,14279,14355,10436,10512,10436
SRTF,374,3854,59,3889,3948,35,94,35
SRTF,330,3863,61,3995,4056,132,193,132
SRTF,39,3890,25,3967,3992,77,102,77
SRTF,465,3913,19,3948,3967,35,54,35
SRTF,56,3943,87,18277,18364,14334,14421,14334
SRTF,480,3974,3,3992,3995,18,21,18
SRTF,273,3987,79,15363,15442,11376,11455,11376
SRTF,458,4000,51,4077,4128,77,128,77
SRTF,332,4014,21,4056,4077,42,63,42
SRTF,234,4061,77,14431,14508,10370,10447,10370
SRTF,417,4070,59,4171,4230,101,160,101
SRTF,497,4079,17,4140,4157,61,78,61
SRTF,469,4107,12,4128,4140,21,33,21
SRTF,386,4142,74,13009,13083,8867,8941,8867
SRTF,365,4146,14,4157,4171,11,25,11
SRTF,256,4199,17,4230,4247,31,48,31
SRTF,196,4218,49,4247,4296,29,78,29
SRTF,423,4249,70,12005,12075,7756,7826,7756
SRTF,209,4282,99,23669,23768,19387,19486,19387
SRTF,66,4297,46,4358,4404,61,107,61
SRTF,468,4380,20,4404,4424,24,44,24
SRTF,198,4389,85,17333,17418,12944,13029,12944
SRTF,163,4413,60,4424,4484,11,71,11
SRTF,8,4426,55,4719,4774,293,348,293
SRTF,264,4433,51,4544,4595,111,162,111
SRTF,437,4452,40,4484,4524,32,72,32
SRTF,391,4465,90,19340,19430,14875,14965,14875
SRTF,120,4488,58,4958,5016,470,528,470
SRTF,270,4493,98,23079,23177,18586,18684,18586
SRTF,358,4495,8,4524,4532,29,37,29
SRTF,277,4496,98,23177,23275,18681,18779,18681
SRTF,249,4499,12,4532,4544,33,45,33
SRTF,241,4548,95,22022,22117,17474,17569,17474
SRTF,19,4555,13,4595,4608,40,53,40
SRTF,279,4555,38,4608,4646,53,91,53
SRTF,447,4611,79,15442,15521,10831,10910,10831
SRTF,140,4636,15,4652,4667,16,31,16
SRTF,298,4642,6,4646,4652,4,10,4
SRTF,33,4658,52,4667,4719,9,61,9
SRTF,278,4735,52,4836,4888,101,153,101
SRTF,228,4736,85,17418,17503,12682,12767,12682
SRTF,181,4737,35,4801,4836,64,99,64
SRTF,395,4752,13,4774,4787,22,35,22
SRTF,373,4777,14,4787,4801,10,24,10
SRTF,354,4780,81,15920,16001,11140,11221,11140
SRTF,80,4859,65,5016,5081,157,222,157
SRTF,382,4869,15,4896,4911,27,42,27
SRTF,79,4887,8,4888,4896,1,9,1
SRTF,291,4893,17,4911,4928,18,35,18
SRTF,272,4911,30,4928,4958,17,47,17
SRTF,193,4931,65,10796,10861,5865,5930,5865
SRTF,263,4973,75,13828,13903,8855,8930,8855
SRTF,16,5051,84,16996,17080,11945,12029,11945
SRTF,459,5052,45,5081,5126,29,74,29
SRTF,111,5056,77,14508,14585,9452,9529,9452
SRTF,499,5073,75,13903,13978,8830,8905,8830
SRTF,313,5088,56,5196,5252,108,164,108
SRTF,500,5104,15,5126,5141,22,37,22
SRTF,132,5116,99,23768,23867,18652,18751,18652
SRTF,122,5134,45,5141,5186,7,52,7
SRTF,188,5172,10,5186,5196,14,24,14
SRTF,398,5177,68,11522,11590,6345,6413,6345
SRTF,429,5188,62,5361,5423,173,235,173
SRTF,4,5191,62,5446,5508,255,317,255
SRTF,380,5222,38,5278,5316,56,94,56
SRTF,171,5232,63,10543,10606,5311,5374,5311
SRTF,412,5237,26,5252,5278,15,41,15
SRTF,187,5249,66,11057,11123,5808,5874,5808
SRTF,94,5258,91,19790,19881,14532,14623,14532
SRTF,85,5276,45,5316,5361,40,85,40
SRTF,15,5311,62,10295,10357,4984,5046,4984
SRTF,381,5315,99,23867,23966,18552,18651,18552
SRTF,462,5387,70,12075,12145,6688,6758,6688
SRTF,3,5390,23,5423,5446,33,56,33
SRTF,41,5393,85,17503,17588,12110,12195,12110
SRTF,240,5423,92,20156,20248,14733,14825,14733
SRTF,327,5442,82,16082,16164,10640,10722,10640
SRTF,150,5450,74,13083,13157,7633,7707,7633
SRTF,90,5463,19,5508,5527,45,64,45
SRTF,49,5486,42,5527,5569,41,83,41
SRTF,162,5530,58,8424,8482,2894,2952,2894
SRTF,233,5534,45,5623,5668,89,134,89
SRTF,192,5535,33,5569,5602,34,67,34
SRTF,464,5536,68,11590,11658,6054,6122,6054
SRTF,254,5539,94,21266,21360,15727,15821,15727
SRTF,161,5575,8,5602,5610,27,35,27
SRTF,9,5578,13,5610,5623,32,45,32
SRTF,259,5592,79,15521,15600,9929,10008,9929
SRTF,153,5592,72,12571,12643,6979,7051,6979
SRTF,343,5596,45,5668,5713,72,117,72
SRTF,294,5600,84,17080,17164,11480,11564,11480
SRTF,95,5618,74,13157,13231,7539,7613,7539
SRTF,351,5625,63,10606,10669,4981,5044,4981
SRTF,64,5675,17,5716,5733,41,58,41
SRTF,377,5691,3,5713,5716,22,25,22
SRTF,268,5699,38,5738,5776,39,77,39
SRTF,470,5726,47,5786,5833,60,107,60
SRTF,461,5732,5,5733,5738,1,6,1
SRTF,5,5734,96,22595,22691,16861,16957,16861
SRTF,484,5745,10,5776,5786,31,41,31
SRTF,225,5759,74,13231,13305,7472,7546,7472
SRTF,190,5791,30,5887,5917,96,126,96
SRTF,344,5801,27,5833,5860,32,59,32
SRTF,324,5854,19,5860,5879,6,25,6
SRTF,184,5855,69,11658,11727,5803,5872,5803
SRTF,157,5864,8,5879,5887,15,23,15
SRTF,450,5878,51,6139,6190,261,312,261
SRTF,438,5881,36,5937,5973,56,92,56
SRTF,98,5892,39,5973,6012,81,120,81
SRTF,288,5895,4,5917,5921,22,26,22
SRTF,145,5915,16,5921,5937,6,22,6
SRTF,363,5919,56,6825,6881,906,962,906
SRTF,402,5949,100,24165,24265,18216,18316,18216
SRTF,123,5977,32,6014,6046,37,69,37
SRTF,347,5986,47,6065,6112,79,126,79
SRTF,492,5988,2,6012,6014,24,26,24
SRTF,360,6002,52,6323,6375,321,373,321
SRTF,275,6015,51,6235,6286,220,271,220
SRTF,133,6019,19,6046,6065,27,46,27
SRTF,318,6102,27,6112,6139,10,37,10
SRTF,100,6184,45,6190,6235,6,51,6
SRTF,251,6197,54,6492,6546,295,349,295
SRTF,48,6235,53,6393,6446,158,211,158
SRTF,6,6265,37,6286,6323,21,58,21
SRTF,102,6278,92,20248,20340,13970,14062,13970
SRTF,236,6287,62,10357,10419,4070,4132,4070
SRTF,206,6287,77,14585,14662,8298,8375,8298
SRTF,369,6293,78,15049,15127,8756,8834,8756
SRTF,250,6295,65,10861,10926,4566,4631,4566
SRTF,452,6303,57,6886,6943,583,640,583
SRTF,81,6331,86,17932,18018,11601,11687,11601
SRTF,136,6374,18,6375,6393,1,19,1
SRTF,21,6396,19,6446,6465,50,69,50
SRTF,17,6420,89,18893,18982,12473,12562,12473
SRTF,72,6439,27,6465,6492,26,53,26
SRTF,370,6457,88,18451,18539,11994,12082,11994
SRTF,433,6484,55,6571,6626,87,142,87
SRTF,186,6528,25,6546,6571,18,43,18
SRTF,215,6546,81,16001,16082,9455,9536,9455
SRTF,173,6585,73,12789,12862,6204,6277,6204
SRTF,361,6614,79,15600,15679,8986,9065,8986
SRTF,232,6616,51,6626,6677,10,61,10
SRTF,431,6617,95,22117,22212,15500,15595,15500
SRTF,356,6655,36,6702,6738,47,83,47
SRTF,439,6665,24,6678,6702,13,37,13
SRTF,142,6668,1,6677,6678,9,10,9
SRTF,226,6694,83,16411,16494,9717,9800,9717
SRTF,325,6709,21,6738,6759,29,50,29
SRTF,96,6736,90,19430,19520,12694,12784,12694
SRTF,475,6748,38,6759,6797,11,49,11
SRTF,156,6776,28,6797,6825,21,49,21
SRTF,390,6799,86,18018,18104,11219,11305,11219
SRTF,455,6833,75,13978,14053,7145,7220,7145
SRTF,74,6863,5,6881,6886,18,23,18
SRTF,63,6873,58,8636,8694,1763,1821,1763
SRTF,137,6892,47,7079,7126,187,234,187
SRTF,284,6893,51,7255,7306,362,413,362
SRTF,442,6905,66,11123,11189,4218,4284,4218
SRTF,117,6910,33,6979,7012,69,102,69
SRTF,119,6938,6,6943,6949,5,11,5
SRTF,269,6944,50,7153,7203,209,259,209
SRTF,13,6949,30,6949,6979,0,30,0
SRTF,387,6966,39,7012,7051,46,85,46
SRTF,350,6971,94,21360,21454,14389,14483,14389
SRTF,420,7004,53,7306,7359,302,355,302
SRTF,292,7022,74,13305,13379,6283,6357,6283
SRTF,385,7027,28,7051,7079,24,52,24
SRTF,125,7035,61,9324,9385,2289,2350,2289
SRTF,46,7041,57,7359,7416,318,375,318
SRTF,388,7079,57,8264,8321,1185,1242,1185
SRTF,214,7098,92,20340,20432,13242,13334,13242
SRTF,50,7099,58,9053,9111,1954,2012,1954
SRTF,204,7125,27,7126,7153,1,28,1
SRTF,243,7158,39,7216,7255,58,97,58
SRTF,490,7164,13,7203,7216,39,52,39
SRTF,342,7206,90,19520,19610,12314,12404,12314
SRTF,84,7208,89,18982,19071,11774,11863,11774
SRTF,105,7215,92,20432,20524,13217,13309,13217
SRTF,426,7253,94,21454,21548,14201,14295,14201
SRTF,1,7270,96,22691,22787,15421,15517,15421
SRTF,177,7280,92,20524,20616,13244,13336,13244
SRTF,301,7339,77,14662,14739,7323,7400,7323
SRTF,341,7343,78,15127,15205,7784,7862,7784
SRTF,115,7385,25,7425,7450,40,65,40
SRTF,441,7390,6,7416,7422,26,32,26
SRTF,185,7392,47,7498,7545,106,153,106
SRTF,154,7392,76,14355,14431,6963,7039,6963
SRTF,244,7400,26,7450,7476,50,76,50
SRTF,415,7404,59,9265,9324,1861,1920,1861
SRTF,130,7408,75,14053,14128,6645,6720,6645
SRTF,435,7421,3,7422,7425,1,4,1
SRTF,331,7455,22,7476,7498,21,43,21
SRTF,371,7509,2,7545,7547,36,38,36
SRTF,44,7513,23,7557,7580,44,67,44
SRTF,159,7526,36,7588,7624,62,98,62
SRTF,487,7543,10,7547,7557,4,14,4
SRTF,176,7554,77,14739,14816,7185,7262,7185
SRTF,57,7555,93,20985,21078,13430,13523,13430
SRTF,405,7560,8,7580,7588,20,28,20
SRTF,340,7560,49,7803,7852,243,292,243
SRTF,135,7574,57,8367,8424,793,850,793
SRTF,488,7587,44,7624,7668,37,81,37
SRTF,68,7629,40,7668,7708,39,79,39
SRTF,483,7668,50,7857,7907,189,239,189
SRTF,299,7679,53,8211,8264,532,585,532
SRTF,297,7683,34,7708,7742,25,59,25
SRTF,124,7721,45,7758,7803,37,82,37
SRTF,467,7723,97,22787,22884,15064,15161,15064
SRTF,35,7734,16,7742,7758,8,24,8
SRTF,202,7777,86,18104,18190,10327,10413,10327
SRTF,411,7805,52,8158,8210,353,405,353
SRTF,335,7806,5,7852,7857,46,51,46
SRTF,25,7849,61,9546,9607,1697,1758,1697
SRTF,127,7858,21,7907,7928,49,70,49
SRTF,71,7869,50,7957,8007,88,138,88
SRTF,73,7892,66,11189,11255,3297,3363,3297
SRTF,75,7916,29,7928,7957,12,41,12
SRTF,389,7987,17,8016,8033,29,46,29
SRTF,61,7989,9,8007,8016,18,27,18
SRTF,353,7992,61,10112,10173,2120,2181,2120
SRTF,167,7994,41,8059,8100,65,106,65
SRTF,295,7996,88,18539,18627,10543,10631,10543
SRTF,463,8002,26,8033,8059,31,57,31
SRTF,200,8004,63,10669,10732,2665,2728,2665
SRTF,88,8006,70,12145,12215,4139,4209,4139
SRTF,281,8050,88,18627,18715,10577,10665,10577
SRTF,339,8096,34,8100,8134,4,38,4
SRTF,112,8110,92,20616,20708,12506,12598,12506
SRTF,231,8120,1,8134,8135,14,15,14
SRTF,421,8130,22,8135,8157,5,27,5
SRTF,109,8154,1,8157,8158,3,4,3
SRTF,230,8155,73,12862,12935,4707,4780,4707
SRTF,183,8164,82,16164,16246,8000,8082,8000
SRTF,357,8173,1,8210,8211,37,38,37
SRTF,300,8208,66,11255,11321,3047,3113,3047
SRTF,53,8226,95,22212,22307,13986,14081,13986
SRTF,478,8306,100,24265,24365,15959,16059,15959
SRTF,401,8308,18,8321,8339,13,31,13
SRTF,396,8311,84,17164,17248,8853,8937,8853
SRTF,322,8319,61,10173,10234,1854,1915,1854
SRTF,10,8322,23,8344,8367,22,45,22
SRTF,218,8338,5,8339,8344,1,6,1
SRTF,267,8352,98,23275,23373,14923,15021,14923
SRTF,103,8392,58,9149,9207,757,815,757
SRTF,43,8433,53,8566,8619,133,186,133
SRTF,257,8445,47,8482,8529,37,84,37
SRTF,449,8527,94,21548,21642,13021,13115,13021
SRTF,76,8529,37,8529,8566,0,37,0
SRTF,82,8571,17,8619,8636,48,65,48
SRTF,22,8666,49,8694,8743,28,77,28
SRTF,222,8680,53,8743,8796,63,116,63
SRTF,83,8684,71,12285,12356,3601,3672,3601
SRTF,349,8716,56,8997,9053,281,337,281
SRTF,287,8754,29,8796,8825,42,71,42
SRTF,131,8755,36,8858,8894,103,139,103
SRTF,42,8792,100,24365,24465,15573,15673,15573
SRTF,207,8800,33,8825,8858,25,58,25
SRTF,479,8808,77,14816,14893,6008,6085,6008
SRTF,237,8815,65,10926,10991,2111,2176,2111
SRTF,40,8838,52,8934,8986,96,148,96
SRTF,491,8867,40,8894,8934,27,67,27
SRTF,160,8901,90,19610,19700,10709,10799,10709
SRTF,400,8932,67,11455,11522,2523,2590,2523
SRTF,472,8945,90,19700,19790,10755,10845,10755
SRTF,197,8958,11,8986,8997,28,39,28
SRTF,474,8967,64,10732,10796,1765,1829,1765
SRTF,107,8996,61,10234,10295,1238,1299,1238
SRTF,296,9007,69,11727,11796,2720,2789,2720
SRTF,118,9062,38,9111,9149,49,87,49
SRTF,451,9087,62,10419,10481,1332,1394,1332
SRTF,280,9146,97,22884,22981,13738,13835,13738
SRTF,293,9151,17,9216,9233,65,82,65
SRTF,359,9163,99,23966,24065,14803,14902,14803
SRTF,28,9167,9,9207,9216,40,49,40
SRTF,384,9183,89,19071,19160,9888,9977,9888
SRTF,407,9204,83,16494,16577,7290,7373,7290
SRTF,445,9207,75,14128,14203,4921,4996,4921
SRTF,238,9208,32,9233,9265,25,57,25
SRTF,78,9268,83,16577,16660,7309,7392,7309
SRTF,23,9274,100,24465,24565,15191,15291,15191
SRTF,314,9331,25,9385,9410,54,79,54
SRTF,208,9339,98,23373,23471,14034,14132,14034
SRTF,362,9358,47,9410,9457,52,99,52
SRTF,302,9435,43,9457,9500,22,65,22
SRTF,428,9435,62,10481,10543,1046,1108,1046
SRTF,69,9467,42,9500,9542,33,75,33
SRTF,158,9474,92,20708,20800,11234,11326,11234
SRTF,271,9492,82,16246,16328,6754,6836,6754
SRTF,446,9540,4,9542,9546,2,6,2
SRTF,149,9555,12,9617,9629,62,74,62
SRTF,47,9555,39,9629,9668,74,113,74
SRTF,399,9561,10,9607,9617,46,56,46
SRTF,216,9561,69,11796,11865,2235,2304,2235
SRTF,255,9637,57,9668,9725,31,88,31
SRTF,418,9662,70,12215,12285,2553,2623,2553
SRTF,51,9670,39,9746,9785,76,115,76
SRTF,93,9687,39,9814,9853,127,166,127
SRTF,62,9692,74,13379,13453,3687,3761,3687
SRTF,485,9708,5,9725,9730,17,22,17
SRTF,274,9719,91,19881,19972,10162,10253,10162
SRTF,152,9721,16,9730,9746,9,25,9
SRTF,457,9760,26,9788,9814,28,54,28
SRTF,110,9762,3,9785,9788,23,26,23
SRTF,146,9789,87,18364,18451,8575,8662,8575
SRTF,476,9817,37,9862,9899,45,82,45
SRTF,444,9823,92,20800,20892,10977,11069,10977
SRTF,434,9827,9,9853,9862,26,35,26
SRTF,394,9874,17,9904,9921,30,47,30
SRTF,246,9874,54,9983,10037,109,163,109
SRTF,252,9888,5,9899,9904,11,16,11
SRTF,372,9907,26,9921,9947,14,40,14
SRTF,143,9914,54,10058,10112,144,198,144
SRTF,191,9925,5,9947,9952,22,27,22
SRTF,436,9949,31,9952,9983,3,34,3
SRTF,211,9986,21,10037,10058,51,72,51
SRTF,29,9998,71,12356,12427,2358,2429,2358
scheduler,id,arrival,burst,start,exit,waiting,turnaround,response
MLFQ,379,4,18,4,22,0,18,0
MLFQ,87,64,36,64,100,0,36,0
MLFQ,260,98,85,100,191,8,93,2
MLFQ,336,154,12,184,213,47,59,30
MLFQ,65,161,7,187,204,36,43,26
MLFQ,30,189,28,240,407,190,218,51
MLFQ,315,190,67,197,619,362,429,7
MLFQ,203,197,59,204,553,297,356,7
MLFQ,195,202,96,258,1260,962,1058,56
MLFQ,121,206,44,216,476,226,270,10
MLFQ,290,225,56,276,674,393,449,51
MLFQ,235,262,4,324,349,83,87,62
MLFQ,309,301,16,345,456,139,155,44
MLFQ,97,391,19,410,545,135,154,19
MLFQ,486,412,23,443,609,174,197,31
MLFQ,477,417,11,446,517,89,100,29
MLFQ,7,466,12,526,592,114,126,60
MLFQ,116,502,56,523,1254,696,752,21
MLFQ,410,512,6,571,595,77,83,59
MLFQ,346,537,26,604,837,274,300,67
MLFQ,413,559,64,601,1907,1284,1348,42
MLFQ,326,569,5,609,636,62,67,40
MLFQ,367,574,28,612,880,278,306,38
MLFQ,419,580,33,615,931,318,351,35
MLFQ,310,606,8,669,733,119,127,63
MLFQ,392,635,44,689,1531,852,896,54
MLFQ,212,659,55,692,2055,1341,1396,33
MLFQ,165,663,28,686,1052,361,389,23
MLFQ,180,698,46,748,1787,1043,1089,50
MLFQ,312,699,4,772,808,105,109,73
MLFQ,489,728,2,778,780,50,52,50
MLFQ,12,769,99,843,9636,8768,8867,74
MLFQ,52,775,14,852,1063,274,288,77
MLFQ,338,784,46,817,2113,1283,1329,33
MLFQ,482,825,6,864,916,85,91,39
MLFQ,397,830,25,873,1460,605,630,43
MLFQ,453,851,66,892,3992,3075,3141,41
MLFQ,364,853,86,898,7416,6477,6563,45
MLFQ,182,854,6,949,1006,146,152,95
MLFQ,2,860,24,907,1450,566,590,47
MLFQ,128,863,80,934,6669,5726,5806,71
MLFQ,383,876,64,961,4640,3700,3764,85
MLFQ,77,878,38,964,2217,1301,1339,86
MLFQ,266,956,64,1033,5063,4043,4107,77
MLFQ,316,980,96,1045,12603,11527,11623,65
MLFQ,67,995,13,1055,1384,376,389,60
MLFQ,70,1016,9,1120,1296,271,280,104
MLFQ,59,1021,18,1123,1588,549,567,102
MLFQ,114,1028,63,1087,5062,3971,4034,59
MLFQ,283,1045,30,1138,2161,1086,1116,93
MLFQ,141,1059,31,1141,2344,1254,1285,82
MLFQ,306,1060,80,1144,9288,8148,8228,84
MLFQ,466,1066,84,1135,9965,8815,8899,69
MLFQ,304,1069,23,1132,1819,727,750,63
MLFQ,409,1081,41,1201,3095,1973,2014,120
MLFQ,496,1122,73,1231,8526,7331,7404,109
MLFQ,368,1148,87,1234,12320,11085,11172,86
MLFQ,404,1150,34,1237,2779,1595,1629,87
MLFQ,248,1154,50,1290,4344,3140,3190,136
MLFQ,18,1184,86,1275,12647,11377,11463,91
MLFQ,319,1184,93,1326,14994,13717,13810,142
MLFQ,276,1218,63,1314,6246,4965,5028,96
MLFQ,36,1267,69,1365,7961,6625,6694,98
MLFQ,174,1291,33,1405,2884,1560,1593,114
MLFQ,155,1306,24,1408,2307,977,1001,102
MLFQ,337,1409,90,1508,15555,14056,14146,99
MLFQ,126,1484,47,1621,5385,3854,3901,137
MLFQ,168,1495,100,1636,19496,17901,18001,141
MLFQ,37,1528,99,1627,18753,17126,17225,99
MLFQ,498,1571,9,1696,1958,378,387,125
MLFQ,55,1585,35,1687,4032,2412,2447,102
MLFQ,178,1636,29,1741,3568,1903,1932,105
MLFQ,253,1648,94,1805,19102,17360,17454,157
MLFQ,151,1663,96,1822,19175,17416,17512,159
MLFQ,408,1664,42,1774,5107,3401,3443,110
MLFQ,138,1678,49,1837,6844,5117,5166,159
MLFQ,424,1679,70,1840,12918,11169,11239,161
MLFQ,11,1685,89,1843,17974,16200,16289,158
MLFQ,333,1686,70,1796,12711,10955,11025,110
MLFQ,454,1687,79,1799,15437,13671,13750,112
MLFQ,285,1693,81,1846,15703,13929,14010,153
MLFQ,393,1693,25,1849,3486,1768,1793,156
MLFQ,189,1707,56,1852,8397,6634,6690,145
MLFQ,220,1734,53,1894,7928,6141,6194,160
MLFQ,134,1757,20,1937,3103,1326,1346,180
MLFQ,229,1802,78,1982,15587,13707,13785,180
MLFQ,323,1816,51,2000,7639,5772,5823,184
MLFQ,348,1841,86,2009,18036,16109,16195,168
MLFQ,221,1843,23,2012,3521,1655,1678,169
MLFQ,172,1853,17,2030,2994,1124,1141,177
MLFQ,328,1895,92,2051,19525,17538,17630,156
MLFQ,34,1899,83,2097,17761,15779,15862,198
MLFQ,205,1930,49,2116,8165,6186,6235,186
MLFQ,406,1931,40,2109,6174,4203,4243,178
MLFQ,224,1959,74,2119,15469,13436,13510,160
MLFQ,217,1986,95,2191,20535,18454,18549,205
MLFQ,166,1998,92,2206,20077,17987,18079,208
MLFQ,91,2027,61,2209,12468,10380,10441,182
MLFQ,26,2047,19,2259,3689,1623,1642,212
MLFQ,239,2049,34,2265,5614,3531,3565,216
MLFQ,86,2062,4,2280,2462,396,400,218
MLFQ,473,2082,14,2298,3149,1053,1067,216
MLFQ,430,2141,94,2322,20843,18608,18702,181
MLFQ,261,2200,14,2377,3286,1072,1086,177
MLFQ,303,2205,75,2425,16945,14665,14740,220
MLFQ,247,2255,3,2462,2465,207,210,207
MLFQ,307,2327,95,2543,21456,19034,19129,216
MLFQ,199,2327,26,2546,4962,2609,2635,219
MLFQ,355,2368,26,2594,5077,2683,2709,226
MLFQ,227,2385,17,2615,3983,1581,1598,230
MLFQ,456,2427,8,2639,3114,679,687,212
MLFQ,14,2433,17,2624,4003,1553,1570,191
MLFQ,106,2454,72,2690,17136,14610,14682,236
MLFQ,432,2479,24,2717,4882,2379,2403,238
MLFQ,443,2489,84,2726,19925,17352,17436,237
MLFQ,375,2491,56,2729,13151,10604,10660,238
MLFQ,493,2504,84,2732,19934,17346,17430,228
MLFQ,210,2511,1,2735,2736,224,225,224
MLFQ,258,2557,23,2766,4984,2404,2427,209
MLFQ,24,2558,12,2809,3640,1070,1082,251
MLFQ,89,2568,31,2821,6667,4068,4099,253
MLFQ,45,2612,16,2869,4381,1753,1769,257
MLFQ,147,2693,57,2956,14084,11334,11391,263
MLFQ,92,2695,54,2962,13193,10444,10498,267
MLFQ,108,2731,39,2950,8466,5696,5735,219
MLFQ,329,2733,42,3003,9491,6716,6758,270
MLFQ,31,2734,78,2983,19408,16596,16674,249
MLFQ,460,2738,44,3006,10455,7673,7717,268
MLFQ,427,2744,75,3009,18882,16063,16138,265
MLFQ,27,2747,76,2997,19431,16608,16684,250
MLFQ,495,2786,63,3051,16119,13270,13333,265
MLFQ,129,2790,85,3081,21192,18317,18402,291
MLFQ,345,2806,73,3045,18945,16066,16139,239
MLFQ,213,2811,6,3078,3359,542,548,267
MLFQ,403,2838,86,3103,21212,18288,18374,265
MLFQ,448,2839,6,3106,3389,544,550,267
MLFQ,440,2849,95,3109,22386,19442,19537,260
MLFQ,265,2869,38,3144,9036,6129,6167,275
MLFQ,219,2911,3,3191,3194,280,283,280
MLFQ,201,2931,89,3194,21809,18789,18878,263
MLFQ,352,2950,48,3257,12335,9337,9385,307
MLFQ,262,2961,66,3224,17347,14320,14386,263
MLFQ,494,2967,65,3278,17494,14462,14527,311
MLFQ,317,2975,67,3286,18226,15184,15251,311
MLFQ,223,2976,37,3289,9549,6536,6573,313
MLFQ,32,3005,95,3272,22599,19499,19594,267
MLFQ,334,3009,1,3292,3293,283,284,283
MLFQ,378,3051,23,3371,6116,3042,3065,320
MLFQ,58,3073,75,3374,19658,16510,16585,301
MLFQ,101,3099,13,3422,4780,1668,1681,323
MLFQ,104,3104,20,3431,5680,2556,2576,327
MLFQ,242,3108,72,3434,19162,15982,16054,326
MLFQ,376,3124,7,3428,4063,932,939,304
MLFQ,422,3147,21,3467,5737,2569,2590,320
MLFQ,54,3152,5,3470,3782,625,630,318
MLFQ,144,3157,3,3446,3449,289,292,289
MLFQ,245,3170,34,3473,9109,5905,5939,303
MLFQ,311,3170,4,3476,3786,612,616,306
MLFQ,139,3242,14,3554,4973,1717,1731,312
MLFQ,481,3267,33,3568,8601,5301,5334,301
MLFQ,169,3304,64,3604,18239,14871,14935,300
MLFQ,320,3327,32,3631,8781,5422,5454,304
MLFQ,416,3343,56,3667,16183,12784,12840,324
MLFQ,289,3354,10,3682,4725,1361,1371,328
MLFQ,471,3373,1,3722,3723,349,350,349
MLFQ,20,3385,59,3726,17052,13608,13667,341
MLFQ,321,3394,50,3719,14613,11169,11219,325
MLFQ,308,3420,75,3771,20339,16844,16919,351
MLFQ,286,3436,5,3786,4116,675,680,350
MLFQ,305,3444,55,3798,16513,13014,13069,354
MLFQ,282,3446,79,3801,21393,17868,17947,355
MLFQ,425,3506,4,3840,4171,661,665,334
MLFQ,194,3510,18,3846,5871,2343,2361,336
MLFQ,38,3556,12,3876,4976,1408,1420,320
MLFQ,99,3561,67,3903,19480,15852,15919,342
MLFQ,175,3581,84,3906,21907,18242,18326,325
MLFQ,148,3627,75,3986,20721,17019,17094,359
MLFQ,414,3672,98,3998,23501,19731,19829,326
MLFQ,179,3696,13,4063,5675,1966,1979,367
MLFQ,164,3748,50,4075,15552,11754,11804,327
MLFQ,170,3763,27,4093,8255,4465,4492,330
MLFQ,366,3769,90,4140,22851,18992,19082,371
MLFQ,113,3840,62,4213,18800,14898,14960,373
MLFQ,60,3843,76,4171,21428,17509,17585,328
MLFQ,374,3854,59,4234,18186,14273,14332,380
MLFQ,330,3863,61,4246,18870,14946,15007,383
MLFQ,39,3890,25,4225,8602,4687,4712,335
MLFQ,465,3913,19,4303,7264,3332,3351,390
MLFQ,56,3943,87,4288,22635,18605,18692,345
MLFQ,480,3974,3,4333,4336,359,362,359
MLFQ,273,3987,79,4377,22055,17989,18068,390
MLFQ,458,4000,51,4365,16246,12195,12246,365
MLFQ,332,4014,21,4381,7411,3376,3397,367
MLFQ,234,4061,77,4414,21714,17576,17653,353
MLFQ,417,4070,59,4468,18575,14446,14505,398
MLFQ,497,4079,17,4453,6864,2768,2785,374
MLFQ,469,4107,12,4507,5815,1696,1708,400
MLFQ,386,4142,74,4498,21413,17197,17271,356
MLFQ,365,4146,14,4504,6371,2211,2225,358
MLFQ,256,4199,17,4594,7129,2913,2930,395
MLFQ,196,4218,49,4591,16688,12421,12470,373
MLFQ,423,4249,70,4658,21119,16800,16870,409
MLFQ,209,4282,99,4682,23859,19478,19577,400
MLFQ,66,4297,46,4679,16074,11731,11777,382
MLFQ,468,4380,20,4761,8158,3758,3778,381
MLFQ,198,4389,85,4758,23029,18555,18640,369
MLFQ,163,4413,60,4828,19193,14720,14780,415
MLFQ,8,4426,55,4843,18573,14092,14147,417
MLFQ,264,4433,51,4852,17221,12737,12788,419
MLFQ,437,4452,40,4849,14820,10328,10368,397
MLFQ,391,4465,90,4855,23361,18806,18896,390
MLFQ,120,4488,58,4924,19360,14814,14872,436
MLFQ,270,4493,98,4933,23979,19388,19486,440
MLFQ,358,4495,8,4936,5868,1365,1373,441
MLFQ,277,4496,98,4906,23971,19377,19475,410
MLFQ,249,4499,12,4912,6392,1881,1893,413
MLFQ,241,4548,95,4954,23820,19177,19272,406
MLFQ,19,4555,13,4999,7137,2569,2582,444
MLFQ,279,4555,38,5002,14217,9624,9662,447
MLFQ,447,4611,79,5041,22609,17919,17998,430
MLFQ,140,4636,15,5066,7236,2585,2600,430
MLFQ,298,4642,6,5098,5547,899,905,456
MLFQ,33,4658,52,5089,18297,13587,13639,431
MLFQ,278,4735,52,5152,18443,13656,13708,417
MLFQ,228,4736,85,5203,23310,18489,18574,467
MLFQ,181,4737,35,5155,13688,8916,8951,418
MLFQ,395,4752,13,5221,7477,2712,2725,469
MLFQ,373,4777,14,5200,7455,2664,2678,423
MLFQ,354,4780,81,5224,22773,17912,17993,444
MLFQ,80,4859,65,5311,20939,16015,16080,452
MLFQ,382,4869,15,5308,7645,2761,2776,439
MLFQ,79,4887,8,5365,6412,1517,1525,478
MLFQ,291,4893,17,5377,8516,3606,3623,484
MLFQ,272,4911,30,5371,12254,7313,7343,460
MLFQ,193,4931,65,5397,21006,16010,16075,466
MLFQ,263,4973,75,5451,22265,17217,17292,478
MLFQ,16,5051,84,5535,23206,18071,18155,484
MLFQ,459,5052,45,5538,16864,11767,11812,486
MLFQ,111,5056,77,5496,22617,17484,17561,440
MLFQ,499,5073,75,5514,22306,17158,17233,441
MLFQ,313,5088,56,5562,19625,14481,14537,474
MLFQ,500,5104,15,5568,8045,2926,2941,464
MLFQ,132,5116,99,5565,24180,18965,19064,449
MLFQ,122,5134,45,5586,16972,11793,11838,452
MLFQ,188,5172,10,5653,7435,2253,2263,481
MLFQ,398,5177,68,5656,21685,16440,16508,479
MLFQ,429,5188,62,5659,20804,15554,15616,471
MLFQ,4,5191,62,5662,20818,15565,15627,471
MLFQ,380,5222,38,5707,15557,10297,10335,485
MLFQ,171,5232,63,5743,20858,15563,15626,511
MLFQ,412,5237,26,5755,12046,6783,6809,518
MLFQ,187,5249,66,5737,21317,16002,16068,488
MLFQ,94,5258,91,5752,23925,18576,18667,494
MLFQ,85,5276,45,5758,17209,11888,11933,482
MLFQ,15,5311,62,5836,20975,15602,15664,525
MLFQ,381,5315,99,5797,24237,18823,18922,482
MLFQ,462,5387,70,5916,22235,16778,16848,529
MLFQ,3,5390,23,5922,11390,5977,6000,532
MLFQ,41,5393,85,5898,23632,18154,18239,505
MLFQ,240,5423,92,5934,23996,18481,18573,511
MLFQ,327,5442,82,5937,23423,17899,17981,495
MLFQ,150,5450,74,5949,22601,17077,17151,499
MLFQ,90,5463,19,5985,10492,5010,5029,522
MLFQ,49,5486,42,6027,16846,11318,11360,541
MLFQ,162,5530,58,6039,20652,15064,15122,509
MLFQ,233,5534,45,6090,17688,12109,12154,556
MLFQ,192,5535,33,6093,14497,8929,8962,558
MLFQ,464,5536,68,6102,22012,16408,16476,566
MLFQ,254,5539,94,6051,24156,18523,18617,512
MLFQ,161,5575,8,6087,7326,1743,1751,512
MLFQ,9,5578,13,6099,8878,3287,3300,521
MLFQ,259,5592,79,6131,23269,17598,17677,539
MLFQ,153,5592,72,6116,22381,16717,16789,524
MLFQ,343,5596,45,6137,17738,12097,12142,541
MLFQ,294,5600,84,6134,23510,17826,17910,534
MLFQ,95,5618,74,6195,22761,17069,17143,577
MLFQ,351,5625,63,6204,21287,15599,15662,579
MLFQ,64,5675,17,6222,9944,4252,4269,547
MLFQ,377,5691,3,6231,6234,540,543,540
MLFQ,268,5699,38,6282,16398,10661,10699,583
MLFQ,470,5726,47,6309,18622,12849,12896,583
MLFQ,461,5732,5,6312,6923,1186,1191,580
MLFQ,5,5734,96,6315,24223,18393,18489,581
MLFQ,484,5745,10,6318,8359,2604,2614,573
MLFQ,225,5759,74,6321,22827,16994,17068,562
MLFQ,190,5791,30,6348,14024,8203,8233,557
MLFQ,344,5801,27,6380,13154,7326,7353,579
MLFQ,324,5854,19,6463,11349,5476,5495,609
MLFQ,184,5855,69,6430,22216,16292,16361,575
MLFQ,157,5864,8,6448,7770,1898,1906,584
MLFQ,450,5878,51,6436,19384,13455,13506,558
MLFQ,438,5881,36,6442,15854,9937,9973,561
MLFQ,98,5892,39,6457,16654,10723,10762,565
MLFQ,288,5895,4,6499,7130,1231,1235,604
MLFQ,145,5915,16,6505,10399,4468,4484,590
MLFQ,363,5919,56,6502,20558,14583,14639,583
MLFQ,402,5949,100,6550,24438,18389,18489,601
MLFQ,123,5977,32,6597,15209,9200,9232,620
MLFQ,347,5986,47,6600,18929,12896,12943,614
MLFQ,492,5988,2,6571,6573,583,585,583
MLFQ,360,6002,52,6588,20090,14036,14088,586
MLFQ,275,6015,51,6654,19570,13504,13555,639
MLFQ,133,6019,19,6615,11567,5529,5548,596
MLFQ,318,6102,27,6717,13638,7509,7536,615
MLFQ,100,6184,45,6828,18527,12298,12343,644
MLFQ,251,6197,54,6795,20304,14053,14107,598
MLFQ,48,6235,53,6847,20330,14042,14095,612
MLFQ,6,6265,37,6885,17167,10865,10902,620
MLFQ,102,6278,92,6929,24231,17861,17953,651
MLFQ,236,6287,62,6915,21765,15416,15478,628
MLFQ,206,6287,77,6941,23363,16999,17076,654
MLFQ,369,6293,78,6894,23325,16954,17032,601
MLFQ,250,6295,65,6947,22176,15816,15881,652
MLFQ,452,6303,57,6906,20889,14529,14586,603
MLFQ,81,6331,86,6950,23957,17540,17626,619
MLFQ,136,6374,18,6992,11219,4827,4845,618
MLFQ,21,6396,19,7031,12251,5836,5855,635
MLFQ,17,6420,89,7082,24133,17624,17713,662
MLFQ,72,6439,27,7103,14198,7732,7759,664
MLFQ,370,6457,88,7121,24134,17589,17677,664
MLFQ,433,6484,55,7124,21043,14504,14559,640
MLFQ,186,6528,25,7155,14251,7698,7723,627
MLFQ,215,6546,81,7203,23653,17026,17107,657
MLFQ,173,6585,73,7260,23203,16545,16618,675
MLFQ,361,6614,79,7291,23674,16981,17060,677
MLFQ,232,6616,51,7248,20120,13453,13504,632
MLFQ,431,6617,95,7294,24369,17657,17752,677
MLFQ,356,6655,36,7297,16897,10206,10242,642
MLFQ,439,6665,24,7348,13623,6934,6958,683
MLFQ,142,6668,1,7329,7330,661,662,661
MLFQ,226,6694,83,7381,23898,17121,17204,687
MLFQ,325,6709,21,7384,12747,6017,6038,675
MLFQ,96,6736,90,7387,24195,17369,17459,651
MLFQ,475,6748,38,7441,17808,11022,11060,693
MLFQ,156,6776,28,7470,15529,8725,8753,694
MLFQ,390,6799,86,7473,24074,17189,17275,674
MLFQ,455,6833,75,7528,23322,16414,16489,695
MLFQ,74,6863,5,7558,8319,1451,1456,695
MLFQ,63,6873,58,7549,21739,14808,14866,676
MLFQ,137,6892,47,7561,19821,12882,12929,669
MLFQ,284,6893,51,7564,20375,13431,13482,671
MLFQ,442,6905,66,7573,22494,15523,15589,668
MLFQ,117,6910,33,7621,16512,9569,9602,711
MLFQ,119,6938,6,7630,8406,1462,1468,692
MLFQ,269,6944,50,7639,20440,13446,13496,695
MLFQ,13,6949,30,7657,15748,8769,8799,708
MLFQ,387,6966,39,7660,18016,11011,11050,694
MLFQ,350,6971,94,7663,24422,17357,17451,692
MLFQ,420,7004,53,7714,20983,13926,13979,710
MLFQ,292,7022,74,7708,23389,16293,16367,686
MLFQ,385,7027,28,7756,15845,8790,8818,729
MLFQ,125,7035,61,7729,22210,15114,15175,694
MLFQ,46,7041,57,7759,21451,14353,14410,718
MLFQ,388,7079,57,7803,21471,14335,14392,724
MLFQ,214,7098,92,7845,24358,17168,17260,747
MLFQ,50,7099,58,7800,21866,14709,14767,701
MLFQ,204,7125,27,7848,15099,7947,7974,723
MLFQ,243,7158,39,7866,18189,10992,11031,708
MLFQ,490,7164,13,7917,11496,4319,4332,753
MLFQ,342,7206,90,7940,24274,16978,17068,734
MLFQ,84,7208,89,7937,24271,16974,17063,729
MLFQ,105,7215,92,7943,24367,17060,17152,728
MLFQ,426,7253,94,8015,24439,17092,17186,762
MLFQ,1,7270,96,8027,24442,17076,17172,757
MLFQ,177,7280,92,8030,24380,17008,17100,750
MLFQ,301,7339,77,8087,23715,16299,16376,748
MLFQ,341,7343,78,8069,23710,16289,16367,726
MLFQ,115,7385,25,8117,15421,8011,8036,732
MLFQ,441,7390,6,8123,8950,1554,1560,733
MLFQ,185,7392,47,8171,20271,12832,12879,779
MLFQ,154,7392,76,8129,23731,16263,16339,737
MLFQ,244,7400,26,8158,15458,8032,8058,758
MLFQ,415,7404,59,8186,22093,14630,14689,782
MLFQ,130,7408,75,8147,23528,16045,16120,739
MLFQ,435,7421,3,8204,8207,783,786,783
MLFQ,331,7455,22,8210,14680,7203,7225,755
MLFQ,371,7509,2,8255,8257,746,748,746
MLFQ,44,7513,23,8302,14775,7239,7262,789
MLFQ,159,7526,36,8299,17900,10338,10374,773
MLFQ,487,7543,10,8290,11024,3471,3481,747
MLFQ,176,7554,77,8311,23752,16121,16198,757
MLFQ,57,7555,93,8359,24421,16773,16866,804
MLFQ,405,7560,8,8368,10125,2557,2565,808
MLFQ,340,7560,49,8319,20871,13262,13311,759
MLFQ,135,7574,57,8386,21801,14170,14227,812
MLFQ,488,7587,44,8349,19844,12213,12257,762
MLFQ,68,7629,40,8400,19296,11627,11667,771
MLFQ,483,7668,50,8457,20967,13249,13299,789
MLFQ,299,7679,53,8484,21427,13695,13748,805
MLFQ,297,7683,34,8475,18058,10341,10375,792
MLFQ,124,7721,45,8541,19982,12216,12261,820
MLFQ,467,7723,97,8499,24521,16701,16798,776
MLFQ,35,7734,16,8553,13254,5504,5520,819
MLFQ,202,7777,86,8559,24257,16394,16480,782
MLFQ,411,7805,52,8589,21472,13615,13667,784
MLFQ,335,7806,5,8611,9461,1650,1655,805
MLFQ,25,7849,61,8662,22602,14692,14753,813
MLFQ,127,7858,21,8647,14247,6368,6389,789
MLFQ,71,7869,50,8665,21070,13151,13201,796
MLFQ,73,7892,66,8728,22923,14965,15031,836
MLFQ,75,7916,29,8749,16819,8874,8903,833
MLFQ,389,7987,17,8832,13542,5538,5555,845
MLFQ,61,7989,9,8838,10675,2677,2686,849
MLFQ,353,7992,61,8811,22660,14607,14668,819
MLFQ,167,7994,41,8841,19614,11579,11620,847
MLFQ,295,7996,88,8844,24381,16297,16385,848
MLFQ,463,8002,26,8847,16151,8123,8149,845
MLFQ,200,8004,63,8826,22669,14602,14665,822
MLFQ,88,8006,70,8850,23487,15411,15481,844
MLFQ,281,8050,88,8887,24385,16247,16335,837
MLFQ,339,8096,34,8914,18412,10282,10316,818
MLFQ,112,8110,92,8935,24456,16254,16346,825
MLFQ,231,8120,1,8965,8966,845,846,845
MLFQ,421,8130,22,8978,15453,7301,7323,848
MLFQ,109,8154,1,9026,9027,872,873,872
MLFQ,230,8155,73,9002,23738,15510,15583,847
MLFQ,183,8164,82,9014,24202,15956,16038,850
MLFQ,357,8173,1,9027,9028,854,855,854
MLFQ,300,8208,66,9060,23057,14783,14849,852
MLFQ,53,8226,95,9096,24505,16184,16279,870
MLFQ,478,8306,100,9154,24555,16149,16249,848
MLFQ,401,8308,18,9184,13949,5623,5641,876
MLFQ,396,8311,84,9160,24214,15819,15903,849
MLFQ,322,8319,61,9193,22810,14430,14491,874
MLFQ,10,8322,23,9175,15658,7313,7336,853
MLFQ,218,8338,5,9196,10105,1762,1767,858
MLFQ,267,8352,98,9199,24544,16094,16192,847
MLFQ,103,8392,58,9274,22540,14090,14148,882
MLFQ,43,8433,53,9280,21823,13337,13390,847
MLFQ,257,8445,47,9291,20965,12473,12520,846
MLFQ,449,8527,94,9372,24522,15901,15995,845
MLFQ,76,8529,37,9417,19415,10849,10886,888
MLFQ,82,8571,17,9447,14200,5612,5629,876
MLFQ,22,8666,49,9530,21509,12794,12843,864
MLFQ,222,8680,53,9527,21901,13168,13221,847
MLFQ,83,8684,71,9579,23658,14903,14974,895
MLFQ,349,8716,56,9615,22303,13531,13587,899
MLFQ,287,8754,29,9609,17574,8791,8820,855
MLFQ,131,8755,36,9621,18941,10150,10186,866
MLFQ,42,8792,100,9702,24564,15672,15772,910
MLFQ,207,8800,33,9663,18315,9482,9515,863
MLFQ,479,8808,77,9672,24022,15137,15214,864
MLFQ,237,8815,65,9711,23238,14358,14423,896
MLFQ,40,8838,52,9708,21992,13102,13154,870
MLFQ,491,8867,40,9765,20211,11304,11344,898
MLFQ,160,8901,90,9801,24451,15460,15550,900
MLFQ,400,8932,67,9852,23529,14530,14597,920
MLFQ,472,8945,90,9870,24462,15427,15517,925
MLFQ,197,8958,11,9885,12821,3852,3863,927
MLFQ,474,8967,64,9891,23303,14272,14336,924
MLFQ,107,8996,61,9894,23042,13985,14046,898
MLFQ,296,9007,69,9900,23541,14465,14534,893
MLFQ,118,9062,38,9977,19777,10677,10715,915
MLFQ,451,9087,62,9980,23059,13910,13972,893
MLFQ,280,9146,97,10043,24554,15311,15408,897
MLFQ,293,9151,17,10067,14813,5645,5662,916
MLFQ,359,9163,99,10070,24558,15296,15395,907
MLFQ,28,9167,9,10073,12064,2888,2897,906
MLFQ,384,9183,89,10111,24479,15207,15296,928
MLFQ,407,9204,83,10158,24339,15052,15135,954
MLFQ,445,9207,75,10137,23955,14673,14748,930
MLFQ,238,9208,32,10164,18672,9432,9464,956
MLFQ,78,9268,83,10203,24344,14993,15076,935
MLFQ,23,9274,100,10233,24565,15191,15291,959
MLFQ,314,9331,25,10299,17387,8031,8056,968
MLFQ,208,9339,98,10308,24563,15126,15224,969
MLFQ,362,9358,47,10281,21439,12034,12081,923
MLFQ,302,9435,43,10402,21044,11566,11609,967
MLFQ,428,9435,62,10405,23166,13669,13731,970
MLFQ,69,9467,42,10420,20576,11067,11109,953
MLFQ,158,9474,92,10423,24527,14961,15053,949
MLFQ,271,9492,82,10470,24362,14788,14870,978
MLFQ,446,9540,4,10510,11506,1962,1966,970
MLFQ,149,9555,12,10513,13413,3846,3858,958
MLFQ,47,9555,39,10507,20083,10489,10528,952
MLFQ,399,9561,10,10516,13414,3843,3853,955
MLFQ,216,9561,69,10519,23656,14026,14095,958
MLFQ,255,9637,57,10600,22644,12950,13007,963
MLFQ,418,9662,70,10633,23869,14137,14207,971
MLFQ,51,9670,39,10669,20180,10471,10510,999
MLFQ,93,9687,39,10687,20189,10463,10502,1000
MLFQ,62,9692,74,10666,24039,14273,14347,974
MLFQ,485,9708,5,10699,11689,1976,1981,991
MLFQ,274,9719,91,10696,24531,14721,14812,977
MLFQ,152,9721,16,10702,15342,5605,5621,981
MLFQ,457,9760,26,10777,17729,7943,7969,1017
MLFQ,110,9762,3,10753,10756,991,994,991
MLFQ,146,9789,87,10792,24454,14578,14665,1003
MLFQ,476,9817,37,10822,20251,10397,10434,1005
MLFQ,444,9823,92,10852,24533,14618,14710,1029
MLFQ,434,9827,9,10807,12756,2920,2929,980
MLFQ,394,9874,17,10885,15486,5595,5612,1011
MLFQ,246,9874,54,10891,22437,12509,12563,1017
MLFQ,252,9888,5,10888,11874,1981,1986,1000
MLFQ,372,9907,26,10927,17834,7901,7927,1020
MLFQ,143,9914,54,10957,22461,12493,12547,1043
MLFQ,191,9925,5,10969,11954,2024,2029,1044
MLFQ,436,9949,31,10948,19169,9189,9220,999
MLFQ,211,9986,21,10990,16378,6371,6392,1004
MLFQ,29,9998,71,11005,23924,13855,13926,1007
